TA.324A.z -105.483 31.4425 0.251187969388 0.24877044898
TA.118A.z -109.97 32.6399 0.254270468468 0.256213774775
TA.O10A.z -116.5 40.2917 0.251132825688 0.253227926606
TA.Z17A.z -110.472 33.2969 0.256927622449 0.255596061224
TA.TIGA.z -83.5898 31.4389 0.24576979 0.24416337
TA.Y22C.z -106.921 34.0741 0.25 0.25015
TA.M11A.z -115.791 41.4311 0.254188473684 0.253936517544
TA.H14A.z -113.367 44.6165 0.250817862745 0.252309245098
TA.F48A.z -82.6185 45.8278 0.240523587156 0.241062458716
TA.L05A.z -120.834 42.0472 0.25475075 0.254466617647
TA.Q50A.z -83.979 38.8436 0.248492623853 0.246690825688
TA.U15A.z -112.291 36.428 0.253133460784 0.252300960784
TA.B28A.z -100.362 48.4492 0.242552504348 0.242543678261
TA.B05A.z -122.096 48.2641 0.247740648649 0.247328040541
TA.M47A.z -85.6214 41.3594 0.243239925926 0.241938333333
TA.R50A.z -84.3274 38.2816 0.246095119658 0.245562051282
TA.W18A.z -109.736 35.1181 0.252860211538 0.253344028846
TA.M04C.z -121.839 41.7826 0.249399206349 0.253053730159
TA.635A.z -97.7736 29.3877 0.248920692982 0.25040495614
TA.A15A.z -112.733 48.9777 0.245329028037 0.244805719626
TA.EYMN.z -91.4953 47.9462 0.243304218182 0.242836136364
TA.Q26A.z -103.52 38.9234 0.245802181034 0.246059198276
TA.K04A.z -121.731 42.6133 0.256789578125 0.25498190625
TA.J28A.z -101.236 43.4239 0.24655495082 0.245852442623
TA.E04A.z -122.72 46.5934 0.249897144737 0.248886697368
TA.F07A.z -119.928 45.8951 0.253805080357 0.254222151786
TA.S48A.z -86.0569 37.6574 0.242324324675 0.241634012987
TA.D57A.z -73.8878 47.0172 0.244683373134 0.244797507463
TA.D62A.z -69.0501 47.0819 0.247150395349 0.246954511628
TA.X50B.z -85.6499 34.4611 0.245072485714 0.245093042857
TA.R10A.z -116.302 38.2886 0.254957301587 0.253704642857
TA.F62A.z -69.9664 45.8968 0.244459657143 0.244983042857
TA.LAVA.z -120.74 38.7552 0.253880430769 0.254061984615
TA.U04C.z -120.783 36.3627 0.252524179104 0.250900238806
TA.N39A.z -92.5023 40.8776 0.245152460177 0.242986920354
TA.O15A.z -112.469 40.2807 0.25485797541 0.254759852459
TA.K07A.z -119.247 42.6912 0.255431684211 0.254481473684
TA.P52A.z -82.1325 39.6337 0.244724065217 0.243004398551
TA.R38A.z -93.9056 38.1868 0.242462333333 0.241464191919
TA.R53A.z -81.9522 38.3307 0.246534385827 0.246747677165
TA.Z31A.z -100.144 33.3183 0.244601573333 0.24422252
TA.K42A.z -89.3457 42.7792 0.243258461538 0.242900373626
TA.H33A.z -96.7434 44.6812 0.242908798165 0.242648825688
TA.241A.z -92.9188 32.0227 0.247077813559 0.248151262712
TA.N55A.z -78.9862 40.7808 0.243823454545 0.244029784091
TA.B06A.z -121.484 48.5183 0.249662229167 0.249056114583
TA.Q25A.z -104.247 38.9145 0.248412850467 0.248834018692
TA.J36A.z -94.3395 43.3292 0.241347961165 0.241071495146
TA.D22A.z -106.18 47.1498 0.246369137255 0.246447392157
TA.L35A.z -95.5448 42.1123 0.243367743119 0.24244840367
TA.I37A.z -93.4003 44.0148 0.243839206612 0.242862966942
TA.K46A.z -85.7834 42.6864 0.242573833333 0.240912566667
TA.933A.z -99.2746 27.6133 0.247169090909 0.247776429752
TA.D17A.z -110.687 47.1523 0.248742368421 0.248740463158
TA.Y49A.z -86.4119 33.8577 0.243253539326 0.242485348315
TA.M13A.z -114.165 41.3602 0.254076416667 0.254414490741
TA.R36A.z -95.504 38.3237 0.243348068627 0.242079705882
TA.IRM.z -115.145 34.1574 0.253851790698 0.25094672093
TA.JCT.z -99.8022 30.4794 0.245052107143 0.244915794643
TA.V27A.z -102.836 35.7569 0.249665044944 0.246730483146
TA.J20A.z -108.084 43.3531 0.248855144 0.247106784
TA.SNCC.z -119.524 33.2479 0.248400777778 0.250948111111
TA.Q11A.z -115.654 38.8455 0.255075177419 0.254630612903
TA.H57A.z -75.3905 44.4624 0.243937289474 0.243122973684
TA.233A.z -98.8998 32.0179 0.246641041667 0.244357866667
TA.Y42A.z -91.7871 33.8364 0.245428682243 0.246104018692
TA.O54A.z -80.3778 40.1821 0.244864597826 0.24455623913
TA.226A.z -104.101 32.0618 0.250776557692 0.250825596154
TA.330A.z -101.175 31.4063 0.244283504505 0.243221117117
TA.W34A.z -97.7733 35.2352 0.247562191667 0.245922608333
TA.121A.z -107.785 32.5324 0.253801376068 0.253665350427
TA.733A.z -99.2939 28.7192 0.247635706897 0.247751327586
TA.K09A.z -117.725 42.6996 0.252121794118 0.253754490196
TA.V21A.z -107.638 35.8054 0.252509916667 0.252783314815
TA.TUL1.z -95.7919 35.9104 0.246136514563 0.245300582524
TA.M59A.z -75.4321 41.5413 0.247348647619 0.247071380952
TA.P16A.z -111.66 39.6092 0.252143258065 0.253572725806
TA.116A.z -111.704 32.5618 0.254066803922 0.256023205882
TA.G26A.z -102.599 45.2937 0.245220485714 0.243647980952
TA.545A.z -90.4894 30.0441 0.249491 0.249609529412
TA.I61A.z -72.2087 43.9323 0.245774945055 0.244246175824
TA.V54A.z -81.9478 35.7771 0.24544132 0.244886072
TA.F08A.z -118.777 45.7971 0.24899 0.249282106796
TA.K35A.z -95.2328 42.7218 0.24141889 0.24108084
TA.R31A.z -99.5271 38.2888 0.2459645 0.247100921569
TA.W15A.z -112.267 35.1787 0.255963439252 0.256208018692
TA.428A.z -102.685 30.7263 0.249125321101 0.248575422018
TA.M54A.z -79.6647 41.5079 0.243090480392 0.242351941176
TA.BLA.z -80.4205 37.2113 0.244686957265 0.243711299145
TA.D05A.z -121.989 47.1881 0.251780011628 0.250283883721
TA.154A.z -83.1066 32.6131 0.246866907407 0.245251296296
TA.N25A.z -104.087 40.8132 0.247737669643 0.246469508929
TA.I28A.z -101.169 43.9996 0.243518046296 0.241917157407
TA.R18A.z -109.894 38.3862 0.249924336634 0.248132138614
TA.D14A.z -113.506 47.0816 0.249049127517 0.247796288591
TA.E36A.z -93.2557 46.5177 0.24127440566 0.240617669811
TA.I59A.z -73.8744 43.7957 0.24802816129 0.246548795699
TA.345A.z -90.0309 31.308 0.249733416667 0.248681203704
TA.E47A.z -83.2777 46.4547 0.24162001 0.24260509
TA.G15A.z -112.489 45.166 0.251748960784 0.251185888889
TA.542A.z -92.5513 30.1247 0.248462818182 0.247590848485
TA.127A.z -103.357 32.6764 0.250214877193 0.248249447368
TA.F44A.z -86.4226 45.9737 0.243353976471 0.242689976471
TA.C31A.z -97.7336 47.7927 0.242683582418 0.24141889011
TA.Y40A.z -93.2798 34.0124 0.246889042735 0.246645162393
TA.IBP.z -116.093 32.6611 0.250978 0.2423935
TA.IBP.z -116.093 32.6612 0.257002619048 0.256377428571
TA.X20A.z -108.498 34.5421 0.252327342342 0.253854117117
TA.M43A.z -88.9581 41.4365 0.2427461125 0.2424855125
TA.G32A.z -97.4994 45.2555 0.244650807692 0.242991673077
TA.E55A.z -76.0572 46.4538 0.243893616279 0.243224872093
TA.OXF.z -89.4092 34.5118 0.244873410714 0.244046446429
TA.456A.z -82.0223 30.7248 0.24650866055 0.245986009174
TA.V53A.z -82.8124 35.6694 0.244950122642 0.244863254717
TA.U49A.z -85.7796 36.5129 0.246050371134 0.245271402062
TA.H59A.z -73.6905 44.6455 0.24812397 0.24713454
TA.Y17A.z -110.844 33.6953 0.253446433628 0.251282566372
TA.D24A.z -104.327 47.1152 0.24653707619 0.245203942857
TA.MUR.z -117.195 33.6 0.248869553191 0.249325425532
TA.P33A.z -97.6946 39.4363 0.244467889908 0.244940844037
TA.N48A.z -85.0271 40.8591 0.243744531915 0.242785606383
TA.LBNH.z -71.9259 44.2401 0.244003402299 0.243193781609
TA.K37A.z -93.6388 42.7669 0.241606880734 0.240723110092
TA.G08A.z -118.96 45.2904 0.250268618182 0.251029127273
TA.M19A.z -109.157 41.5047 0.247615424779 0.244944628319
TA.F20A.z -108.149 45.8006 0.247867589744 0.247255367521
TA.D37A.z -92.4262 47.1581 0.241310022989 0.241291218391
TA.I58A.z -74.9733 43.6901 0.247963817204 0.247026139785
TA.ACSO.z -82.982 40.2319 0.246888253846 0.246610553846
TA.W24A.z -105.408 35.2106 0.25175474359 0.251018094017
TA.X46A.z -88.5844 34.5564 0.243402534884 0.241845255814
TA.F58A.z -73.8145 45.8663 0.244722520408 0.243495673469
TA.CCM.z -91.2446 38.0557 0.242467844828 0.24134837931
TA.758A.z -81.1996 28.9621 0.246337415584 0.246036168831
TA.P50A.z -83.7988 39.6086 0.246007347826 0.24445386087
TA.U16A.z -111.13 36.1428 0.254566114754 0.253867245902
TA.I12A.z -115.133 43.7945 0.25153059292 0.252889
TA.SBC.z -119.715 34.4408 0.252162657143 0.251648885714
TA.A11A.z -116.363 48.958 0.2470695 0.250569265306
TA.C25A.z -103.256 47.7124 0.246076596154 0.246418596154
TA.Y30A.z -100.898 33.8766 0.246714106796 0.246634126214
TA.G33A.z -96.4383 45.1946 0.242686357143 0.241917122449
TA.P42A.z -90.3443 39.5853 0.241648608247 0.242884164948
TA.D61A.z -70.1868 47.2022 0.249800132653 0.249029418367
TA.M60A.z -74.625 41.3265 0.245308776596 0.243927287234
TA.D41A.z -88.5657 47.0605 0.242207346154 0.242423096154
TA.M07A.z -119.171 41.3884 0.25659114433 0.257407391753
TA.A27A.z -101.241 48.9533 0.245017707965 0.243770539823
TA.M10A.z -116.54 41.522 0.253838785714 0.254207095238
TA.AMTX.z -101.681 34.8837 0.248291178571 0.249574785714
TA.J14A.z -113.518 43.3234 0.253793814433 0.255832319588
TA.R25A.z -104.283 38.1474 0.248234938053 0.24761459292
TA.I04A.z -122.411 43.7941 0.251173677419 0.250523064516
TA.B27A.z -101.26 48.4044 0.245461287129 0.244245554455
TA.A22A.z -105.915 48.9926 0.246571948454 0.24540914433
TA.K20A.z -108.342 42.6579 0.249617482143 0.247947607143
TA.U43A.z -90.4057 36.3693 0.243214773333 0.244071973333
TA.SCI2.z -118.547 32.9799 0.247090225 0.247953275
TA.G60A.z -72.3337 45.0977 0.245519877778 0.245071288889
TA.D33A.z -95.8448 47.1404 0.244205956044 0.244620912088
TA.I25A.z -103.732 44.0196 0.246303644628 0.24611431405
TA.859A.z -80.8984 28.0592 0.24600128125 0.244530760417
TA.V44A.z -89.8954 35.8282 0.245419160377 0.244958132075
TA.X23A.z -106.188 34.581 0.249795745098 0.249013764706
TA.120A.z -108.633 32.5466 0.254713009901 0.254539861386
TA.J58A.z -75.2852 43.3603 0.246603291667 0.2462839375
TA.O31A.z -99.3261 40.1521 0.246004909091 0.244154454545
TA.J54A.z -78.6392 43.2728 0.2431575 0.2432612375
TA.DWPF.z -81.4327 28.1103 0.244524510417 0.245099114583
TA.142A.z -91.9457 32.5488 0.247348917431 0.247226669725
TA.S45A.z -88.5804 37.6774 0.2436088 0.243874683333
TA.Y25A.z -104.693 33.9229 0.251548510638 0.250540702128
TA.ABTX.z -99.6431 32.6238 0.24720451634 0.245604084967
TA.T15A.z -112.382 37.0183 0.252457488 0.252104688
TA.T48A.z -86.3943 37.1094 0.249023209877 0.246742234568
TA.F23A.z -105.406 45.7212 0.244645823529 0.244443176471
TA.P10A.z -116.464 39.6202 0.251261488372 0.251067906977
TA.E58A.z -73.2771 46.3721 0.242688258427 0.240822494382
TA.151A.z -85.3267 32.5269 0.244573835443 0.245316911392
TA.J23A.z -105.552 43.4036 0.248373784483 0.247041948276
TA.T60A.z -76.7349 37.1397 0.245576769231 0.244739519231
TA.D58A.z -72.8826 47.0954 0.244077227273 0.244245670455
TA.R27A.z -102.798 38.2859 0.246794137931 0.245333887931
TA.ERPA.z -79.9891 42.1175 0.243221761468 0.242263614679
TA.C16A.z -111.746 47.8012 0.248189530435 0.247365
TA.BGNE.z -98.1502 41.4083 0.244095049383 0.24403795679
TA.GLA.z -114.827 33.0515 0.255263268293 0.255295609756
TA.O32A.z -98.2764 40.261 0.245593192 0.244477144
TA.Z37A.z -95.6229 33.1981 0.250319763889 0.248737
TA.D25A.z -103.32 47.1508 0.241759485437 0.241587330097
TA.L30A.z -99.7196 41.9492 0.244955659574 0.244732712766
TA.G10A.z -117.12 45.2925 0.248760904762 0.248737495238
TA.J33A.z -96.9667 43.3185 0.243427588785 0.242160700935
TA.W39A.z -93.784 35.196 0.245795735537 0.244591603306
TA.H56A.z -76.2594 44.593 0.247114865854 0.245224878049
TA.Y23A.z -106.055 33.9315 0.249865607843 0.250029519608
TA.V43A.z -90.5443 35.7857 0.243792797619 0.24384647619
TA.638A.z -95.4481 29.4193 0.250713545455 0.248703522727
TA.DVT.z -116.101 32.6591 0.2465515 0.2444705
TA.V56A.z -80.4963 35.8097 0.244116957627 0.242934016949
TA.N52A.z -81.6876 40.8125 0.244266472727 0.242600572727
TA.S61A.z -75.6727 37.6804 0.244405977011 0.24395245977
TA.D50A.z -79.8412 47.1668 0.244613954545 0.244937727273
TA.LAO.z -106.223 46.6885 0.2529444 0.249918542857
TA.450A.z -86.5863 30.8038 0.2460946375 0.2455585
TA.F55A.z -76.351 45.8338 0.245663413333 0.245150253333
TA.N41A.z -90.8552 40.7077 0.242193188235 0.242005470588
TA.G11A.z -116.268 45.3997 0.248564314286 0.247648495238
TA.M53A.z -80.675 41.4393 0.242698367925 0.242078169811
TA.252A.z -84.7357 31.9962 0.245251747573 0.243131883495
TA.I20A.z -108.128 43.9496 0.248574857143 0.247323781955
TA.X35A.z -96.9731 34.3995 0.24587261165 0.244116961165
TA.833A.z -99.3939 28.3236 0.247735355932 0.24765620339
TA.I49A.z -82.8246 43.94 0.244296117117 0.24342127027
TA.P36A.z -95.206 39.6204 0.243748088235 0.243868215686
TA.T14A.z -113.084 37.0615 0.253428073394 0.255281055046
TA.129A.z -101.866 32.6309 0.24662557 0.24438805
TA.O55A.z -79.3041 40.2076 0.245329182927 0.244108646341
TA.LRL.z -117.682 35.4795 0.251840025 0.248751475
TA.334A.z -98.2379 31.3325 0.245003439024 0.243918178862
TA.W21A.z -107.648 35.117 0.25131075 0.252236651786
TA.Z50A.z -85.9226 33.254 0.243023217949 0.243582217949
TA.Z21A.z -107.671 33.3086 0.25255126506 0.251919650602
TA.V23A.z -106.183 35.7452 0.250884798246 0.251233359649
TA.D29A.z -99.5957 47.0605 0.242940552381 0.242236257143
TA.W38A.z -94.5184 35.0704 0.246649646018 0.245337973451
TA.F13A.z -114.332 45.7893 0.248728697531 0.24840337037
TA.Y47A.z -87.8494 33.9025 0.2429324 0.24261387619
TA.V40A.z -92.8232 35.8044 0.24339027 0.24360358
TA.Q40A.z -92.0748 38.9946 0.243376825688 0.243014
TA.E05A.z -121.761 46.5605 0.24831058209 0.248975432836
TA.M50A.z -83.0428 41.4035 0.241811066038 0.241954792453
TA.W16A.z -111.532 35.0951 0.253794895238 0.254215295238
TA.F14A.z -113.37 45.8122 0.249976396104 0.249447331169
TA.D28A.z -100.569 47.1929 0.241643851852 0.2416205
TA.Y27A.z -103.163 33.8839 0.251838371429 0.249636095238
TA.J27A.z -102.007 43.2526 0.245979330189 0.246029150943
TA.556A.z -82.4057 30.0015 0.24855225974 0.248018012987
TA.J37A.z -93.5527 43.3103 0.242560385321 0.241749009174
TA.231A.z -100.316 31.9353 0.246580059322 0.243856347458
TA.145A.z -89.9287 32.6035 0.246854649573 0.246259307692
TA.627A.z -103.389 29.4528 0.24912354717 0.248774424528
TA.C11A.z -116.256 47.8397 0.248154489583 0.247307395833
TA.W33A.z -98.4686 35.1518 0.248212902655 0.247383840708
TA.E60A.z -71.4469 46.3689 0.245587206186 0.244884082474
TA.G17A.z -110.74 45.3212 0.250996574074 0.250662527778
TA.439A.z -94.766 30.7937 0.250140521277 0.248915404255
TA.K24A.z -104.815 42.7225 0.249649267241 0.249092603448
TA.CIA.z -118.415 33.4019 0.248459902439 0.249166487805
TA.Y45A.z -89.5431 33.8656 0.244581463918 0.243723175258
TA.H16A.z -111.248 44.7038 0.248614157895 0.249931614035
TA.C24A.z -104.425 47.5302 0.246416466019 0.246448495146
TA.Y39A.z -94.0936 33.938 0.245403020833 0.244816104167
TA.S41A.z -91.7458 37.5877 0.242675472527 0.241370164835
TA.F52A.z -79.3227 45.7951 0.242444878788 0.242662787879
TA.MNTX.z -105.382 31.6985 0.256549 0.254869
TA.Q39A.z -92.9759 39.0455 0.246364458716 0.245518715596
TA.GMR.z -115.66 34.7846 0.253129828571 0.253543685714
TA.F06A.z -120.782 45.7664 0.253864091954 0.254334712644
TA.V48A.z -86.8219 35.74 0.245237648649 0.243103297297
TA.K23A.z -105.625 42.7546 0.248147231481 0.247572777778
TA.E20A.z -108.13 46.5038 0.246139425926 0.245793240741
TA.H32A.z -97.4363 44.5041 0.242877690909 0.242801436364
TA.K21A.z -107.251 42.6332 0.248612350515 0.246641484536
TA.M35A.z -95.6945 41.4665 0.241571972222 0.241115972222
TA.A18A.z -109.846 48.9198 0.249893344086 0.248485903226
TA.W49A.z -86.2645 35.1194 0.243321680412 0.242216742268
TA.329A.z -101.981 31.487 0.244675895238 0.243086257143
TA.J02A.z -123.575 43.3654 0.250991523077 0.251202307692
TA.N12A.z -115.039 40.8522 0.251066301724 0.252559051724
TA.K32A.z -97.9723 42.6597 0.24402022 0.24344145
TA.436A.z -96.796 30.7702 0.247969580357 0.249379383929
TA.636A.z -97.057 29.481 0.247319619469 0.24674420354
TA.O36A.z -94.9645 40.1315 0.244792543689 0.241980184466
TA.138A.z -95.0887 32.6604 0.248256551402 0.247836074766
TA.P31A.z -99.3783 39.5211 0.245877700935 0.245312205607
TA.X58A.z -79.3388 34.5548 0.244916337209 0.244872511628
TA.Y52A.z -84.0626 33.864 0.245016947368 0.244321463158
TA.339A.z -94.556 31.3331 0.24769715625 0.2478061875
TA.X38A.z -94.8288 34.6692 0.248061494845 0.247532298969
TA.S25A.z -104.435 37.6606 0.24919125 0.249490107143
TA.I30A.z -99.4262 43.9143 0.244949311927 0.244273321101
TA.R20A.z -108.379 38.1888 0.25217890991 0.252249135135
TA.W43A.z -90.7061 35.0877 0.243762368421 0.242119684211
TA.G20A.z -108.214 45.2202 0.24596108547 0.24468274359
TA.F04A.z -122.419 45.9325 0.251344329545 0.251013431818
TA.H08A.z -118.67 44.5191 0.250960640351 0.251654035088
TA.L42A.z -89.667 42.004 0.241810787234 0.241191840426
TA.115A.z -112.228 32.7006 0.250075490909 0.253056818182
TA.N51A.z -82.3748 40.9183 0.2437375 0.242605546875
TA.SWS.z -115.8 32.9451 0.249780387755 0.251475326531
TA.M15A.z -112.448 41.4632 0.251505905405 0.249312790541
TA.C14A.z -113.747 47.7687 0.247262529801 0.246561311258
TA.B31A.z -97.6495 48.4236 0.241699763441 0.242733634409
TA.O47A.z -86.1742 40.2361 0.245852037037 0.244033851852
TA.L32A.z -98.008 42.0045 0.244846163265 0.243354857143
TA.L46A.z -86.2955 42.0127 0.240960863636 0.240261647727
TA.114A.z -112.883 32.7513 0.25710708 0.2577743
TA.527A.z -103.612 30.1456 0.250148380952 0.250062809524
TA.D10A.z -117.276 47.0547 0.247452091743 0.246758366972
TA.U61A.z -76.4464 36.3319 0.243110912621 0.243046145631
TA.E12A.z -115.571 46.4151 0.248564791209 0.247157692308
TA.G34A.z -95.638 45.2419 0.240394 0.240080509804
TA.Y24A.z -105.436 33.9257 0.248841866667 0.247068077778
TA.C23A.z -105.184 47.8026 0.245555929293 0.245494555556
TA.M64A.z -71.2102 41.5509 0.244920934211 0.246242855263
TA.D27A.z -101.525 47.1081 0.242929087379 0.241696291262
TA.Z28A.z -102.387 33.2884 0.245101792208 0.24328112987
TA.E40A.z -89.8991 46.4446 0.24364897561 0.242698707317
TA.I40A.z -90.6177 43.8916 0.242525046512 0.241827337209
TA.I39A.z -91.5231 43.8543 0.242756526882 0.241233505376
TA.232A.z -99.6469 31.888 0.246638424779 0.244620707965
TA.M28A.z -101.371 41.3956 0.244103533981 0.244502
TA.S52A.z -83.0784 37.6791 0.243020135135 0.242690216216
TA.Z34A.z -97.9158 33.3712 0.247471078652 0.247068876404
TA.347A.z -88.5412 31.4017 0.248101590909 0.248602381818
TA.X54A.z -82.3743 34.5474 0.244747325 0.24487635
TA.W60A.z -77.7133 35.0528 0.24640739823 0.246057132743
TA.530A.z -101.338 30.1489 0.24679418018 0.247336324324
TA.M56A.z -78.1826 41.4837 0.243723038835 0.241869805825
TA.I64A.z -69.6347 43.9197 0.244736517647 0.243640411765
TA.O48A.z -85.1553 40.2571 0.241472396226 0.241741886792
TA.S34A.z -97.1111 37.7009 0.243630451923 0.244410817308
TA.J30A.z -99.4922 43.3248 0.243994917431 0.24364540367
TA.O17A.z -110.738 40.1948 0.250538546296 0.2495745
TA.I36A.z -94.0143 44.0191 0.242700308333 0.242452291667
TA.L58A.z -75.8502 42.0447 0.244977136842 0.244489389474
TA.I19A.z -108.994 44.0363 0.247434767241 0.247418922414
TA.K26A.z -103.178 42.7016 0.248441417391 0.248036252174
TA.533A.z -99.0351 30.0718 0.247693330579 0.247219380165
TA.R06C.z -119.451 38.5226 0.254610989247 0.255130935484
TA.U48A.z -86.5402 36.5107 0.246867942529 0.245412218391
TA.246A.z -89.1286 32.0143 0.246562401709 0.245522282051
TA.X18A.z -109.95 34.5293 0.254327675676 0.256441099099
TA.217A.z -110.816 31.7748 0.253492613861 0.253237594059
TA.K60A.z -73.8886 42.6168 0.24799298913 0.24957375
TA.656A.z -82.5348 29.3689 0.24770945098 0.247711617647
TA.C10A.z -117.308 47.8192 0.250649182692 0.248539673077
TA.J41A.z -90.0137 43.3655 0.24411742735 0.243257581197
TA.E63A.z -68.422 46.422 0.245763213483 0.246000404494
TA.S33A.z -98.0016 37.5936 0.244167198198 0.244325612613
TA.F35A.z -94.5734 45.858 0.242113198198 0.241736882883
TA.V12A.z -114.851 35.7266 0.257406470085 0.256684931624
TA.O06A.z -119.827 40.165 0.253543329412 0.254907670588
TA.T47A.z -87.1055 36.9881 0.244177042553 0.243796010638
TA.F10A.z -117.228 45.9734 0.248981424779 0.247712362832
TA.M30A.z -99.8723 41.5371 0.244691018868 0.245315660377
TA.P27A.z -102.578 39.5559 0.245996247525 0.245301663366
TA.Q33A.z -97.8327 38.9982 0.245976901786 0.245954267857
TA.N33A.z -97.4506 40.7384 0.241937745098 0.241017441176
TA.K61A.z -73.2676 42.6695 0.244788418367 0.244907989796
TA.Q38A.z -93.6182 38.9609 0.243737326733 0.242496683168
TA.M31A.z -98.9766 41.344 0.243566008621 0.242542905172
TA.P35A.z -96.0188 39.5286 0.243431663551 0.242915
TA.M44A.z -88.0432 41.3882 0.241925896552 0.241172
TA.156A.z -81.495 32.6542 0.244550046729 0.245417364486
TA.Z14A.z -112.946 33.3627 0.253158431373 0.25210804902
TA.SCIA.z -93.2153 41.9069 0.243102947368 0.241496710526
TA.D18A.z -109.802 47.1961 0.247606086538 0.247772942308
TA.125A.z -104.657 32.6588 0.247247477064 0.248500724771
TA.P57A.z -78.0126 39.4835 0.244776712963 0.244326675926
TA.X27A.z -103.097 34.6469 0.250135594595 0.249005297297
TA.X52A.z -83.8938 34.6032 0.243593673077 0.242565586538
TA.K34A.z -96.0957 42.6865 0.241029581818 0.240390618182
TA.I60A.z -73.2916 43.844 0.246637877551 0.245840755102
TA.L37A.z -93.7546 42.1246 0.242245709677 0.240423053763
TA.W37B.z -95.4316 35.139 0.244870772727 0.243900439394
TA.Z59A.z -79.278 33.2414 0.223101 0.227803
TA.Q46A.z -87.3575 39.0231 0.246372096386 0.245004771084
TA.433A.z -99.091 30.7544 0.244440284553 0.243874471545
TA.P58A.z -77.3005 39.4891 0.2442766 0.243973180952
TA.E39A.z -90.5557 46.3777 0.242308333333 0.240982166667
TA.R22A.z -106.756 38.2289 0.251087310345 0.251280862069
TA.K33A.z -97.0012 42.6052 0.244243709402 0.244046025641
TA.Q15A.z -112.379 38.9995 0.253117303922 0.253238882353
TA.B22A.z -105.996 48.3008 0.246135010101 0.245178646465
TA.M46A.z -86.3524 41.4079 0.244856724138 0.243858436782
TA.Y43A.z -90.9285 33.9121 0.244528764706 0.24535322549
TA.V03C.z -121.236 36.0214 0.251065984848 0.249905969697
TA.A21A.z -106.925 48.9912 0.250475847619 0.247920085714
TA.341A.z -93.1681 31.3334 0.248922684211 0.249172482456
TA.L09A.z -117.667 42.0192 0.256093881188 0.257081039604
TA.K17A.z -110.92 42.7507 0.248065733333 0.244156166667
TA.254A.z -83.2905 31.9457 0.247833431034 0.246267293103
TA.J47A.z -84.8214 43.2382 0.243588942308 0.243213480769
TA.257A.z -81.0261 31.9746 0.245820518868 0.245565830189
TA.Q52A.z -82.2669 38.9622 0.2459384 0.245570878571
TA.ISA.z -118.474 35.6628 0.24949304878 0.248555902439
TA.M52A.z -81.357 41.5405 0.243896724771 0.24300412844
TA.W41A.z -92.2478 35.1736 0.240281291667 0.240191083333
TA.WCI.z -86.2939 38.2289 0.243516978723 0.243252560284
TA.I09A.z -117.741 43.9733 0.253874849558 0.253728876106
TA.C36A.z -92.8378 47.758 0.242905981132 0.243460509434
TA.320A.z -108.528 31.3369 0.25173172381 0.251520352381
TA.128A.z -102.485 32.6213 0.248206737864 0.245821883495
TA.Q58A.z -77.682 38.9413 0.245290181818 0.245019945455
TA.AAM.z -83.6567 42.3012 0.243813513514 0.244089891892
TA.BFS.z -117.659 34.2388 0.252002925 0.2534975
TA.M39A.z -92.1725 41.4786 0.242884 0.24190409009
TA.H02A.z -124 44.6764 0.249761302632 0.249643
TA.Q19A.z -109.263 38.9553 0.249661342342 0.249299144144
TA.M61A.z -73.7673 41.3104 0.246687473684 0.245217305263
TA.F60A.z -71.9514 45.9688 0.245868103093 0.245326597938
TA.T38A.z -94.293 37.0354 0.24200063 0.24139212
TA.T13A.z -113.907 37.0195 0.255638517544 0.257993736842
TA.216A.z -111.457 32.0022 0.253612380952 0.253261038095
TA.T50A.z -84.8384 37.0204 0.245383360825 0.244354226804
TA.L24A.z -104.933 42.0432 0.247736834951 0.246913029126
TA.V50A.z -85.1 35.6713 0.243792836735 0.243618806122
TA.NHSC.z -80.1778 33.1067 0.24382754717 0.242868933962
TA.ISCO.z -105.613 39.7997 0.2467608125 0.2464305625
TA.E43A.z -86.9954 46.3758 0.243618173077 0.243060048077
TA.E59A.z -72.5108 46.4803 0.245068057471 0.243454758621
TA.P08A.z -118.08 39.6946 0.25813753012 0.257410096386
TA.V51A.z -84.3511 35.8033 0.246021311321 0.246155301887
TA.U12A.z -114.539 36.4321 0.257093181034 0.257772637931
TA.218A.z -110.046 31.9737 0.253984849057 0.253772962264
TA.G21A.z -107.207 45.225 0.245761 0.24459940678
TA.T37A.z -94.9176 37.123 0.245393961538 0.244650134615
TA.K38A.z -92.7709 42.6472 0.242838065421 0.241778504673
TA.X36A.z -96.352 34.5704 0.246172176471 0.24589745098
TA.Y21A.z -107.674 34.0087 0.25154552381 0.252443990476
TA.S12A.z -114.849 37.6083 0.257091774194 0.254656943548
TA.Q49A.z -84.8956 39.005 0.244895513514 0.244098567568
TA.I35A.z -94.9829 43.8565 0.242624603604 0.241587279279
TA.T40A.z -92.5193 37.1504 0.243588191919 0.243104090909
TA.U28A.z -102.224 36.3793 0.249126304348 0.246014434783
TA.D36A.z -93.1645 47.1765 0.2430712 0.241575352381
TA.Y15A.z -112.333 33.9535 0.25419833945 0.255676862385
TA.V33A.z -98.2862 35.8209 0.246067 0.245592632653
TA.PDM.z -114.142 34.3034 0.247595088889 0.247522466667
TA.W50A.z -85.3119 35.2002 0.243495166667 0.244106921569
TA.R14A.z -113.021 38.2987 0.253675447368 0.254069122807
TA.Q04C.z -121.377 38.839 0.250965189655 0.253122586207
TA.F38A.z -91.8775 45.9588 0.241192568421 0.240726757895
TA.E15A.z -112.641 46.4246 0.247864147651 0.247946778523
TA.S26A.z -103.471 37.6216 0.248994732759 0.247140155172
TA.Q36A.z -95.4609 38.9612 0.244581121212 0.243505777778
TA.S57A.z -78.9536 37.7605 0.245782810526 0.245289863158
TA.Y48A.z -87.1696 33.9131 0.2420321 0.2416178
TA.C21A.z -107.096 47.8264 0.247026700935 0.245781831776
TA.S38A.z -93.9078 37.6304 0.242518330275 0.242408944954
TA.Z58A.z -79.8129 33.3349 0.249102484848 0.246887484848
TA.R33A.z -97.9842 38.3081 0.246005026786 0.245987026786
TA.H09A.z -117.664 44.6653 0.24970559633 0.250713055046
TA.E14A.z -113.493 46.4162 0.248569475524 0.249648811189
TA.T41A.z -91.7636 37.0436 0.244062009615 0.243199009615
TA.F17A.z -110.659 45.9054 0.249598764151 0.249141490566
TA.D08A.z -118.921 47.0573 0.252099243697 0.250276882353
TA.331A.z -100.427 31.3085 0.248070822034 0.245936779661
TA.Q20A.z -108.296 38.9541 0.24954225 0.251129633333
TA.EDW2.z -117.994 34.8811 0.254262976744 0.253156697674
TA.G24A.z -104.416 45.328 0.246771158416 0.245973049505
TA.R09A.z -117.072 38.2397 0.252000065217 0.251341934783
TA.T33A.z -98.2444 37.0824 0.247973857143 0.246170932773
TA.Z38A.z -94.9851 33.2599 0.247669366197 0.248371464789
TA.N59A.z -75.7703 40.9168 0.247628427083 0.246245979167
TA.Q31A.z -99.395 39.0048 0.247366178218 0.247241782178
TA.H35A.z -94.8311 44.6985 0.24192268932 0.241582281553
TA.N31A.z -98.9544 40.8235 0.244646212389 0.243347761062
TA.Y46A.z -88.8577 33.8828 0.241475298077 0.241209961538
TA.F57A.z -74.6928 45.8122 0.246621031915 0.245285957447
TA.K13A.z -114.084 42.6493 0.25804524 0.25964744
TA.U18A.z -109.87 36.4199 0.252073552632 0.251309517544
TA.I51A.z -81.0231 43.8036 0.241818762376 0.241312435644
TA.F12A.z -115.255 45.7565 0.248435914474 0.247561164474
TA.255A.z -82.4758 31.9263 0.248920834951 0.247280349515
TA.W45A.z -89.186 35.1568 0.246273726316 0.244748831579
TA.D55A.z -75.4732 47.019 0.245409269663 0.243282202247
TA.U17A.z -110.662 36.5996 0.252421844828 0.252230862069
TA.Z49A.z -86.5311 33.1942 0.243743464789 0.243436591549
TA.K05A.z -120.893 42.7258 0.254065323944 0.255408394366
TA.H05A.z -121.227 44.6473 0.253734207792 0.252385246753
TA.E52A.z -78.6569 46.2851 0.241707984615 0.241519984615
TA.MSTX.z -102.772 33.9696 0.249958056338 0.249382542254
TA.N20A.z -108.263 40.8338 0.250373057377 0.250319385246
TA.G14A.z -113.46 45.2432 0.250394698718 0.249423551282
TA.L27A.z -102.315 42.0837 0.246441207547 0.245282981132
TA.F61A.z -70.9921 45.9743 0.24525487 0.24480328
TA.I48A.z -83.7022 44.1873 0.245673408163 0.245352377551
TA.243A.z -91.4827 31.8803 0.24928753211 0.249179972477
TA.626A.z -104.133 29.554 0.247943394495 0.247888844037
TA.M09A.z -117.45 41.423 0.256123020408 0.257421438776
TA.E08A.z -119.06 46.4911 0.251775512821 0.25200982906
TA.Q55A.z -80.0812 38.9952 0.245536675214 0.250380726496
TA.V28A.z -102.224 35.7505 0.2505706 0.24935467619
TA.U21A.z -107.658 36.4277 0.251990840909 0.252413511364
TA.O38A.z -93.4731 40.1215 0.242694936364 0.241172809091
TA.K18A.z -110.042 42.6372 0.246394795699 0.244735548387
TA.438A.z -95.4741 30.75 0.24969223 0.24926434
TA.U36A.z -95.7325 36.3927 0.244788732673 0.244838544554
TA.Y38A.z -94.7311 33.9278 0.244526196078 0.244946460784
TA.G07A.z -119.669 45.2664 0.253902557895 0.253522978947
TA.U57A.z -79.3364 36.4319 0.242864581633 0.242079887755
TA.V58A.z -79.115 35.794 0.243812257426 0.244033782178
TA.F11A.z -116.155 45.8883 0.248169028846 0.246969442308
TA.O45A.z -87.7244 40.2489 0.243596179775 0.242024932584
TA.C32A.z -96.5281 47.8255 0.239881043011 0.240365967742
TA.U19A.z -109.208 36.2925 0.252897650794 0.251569301587
TA.H31A.z -98.4772 44.4795 0.242691570093 0.242086551402
TA.238A.z -95.1203 32.0034 0.248401589474 0.250628810526
TA.337A.z -95.8854 31.3159 0.247023717172 0.248306464646
TA.E23A.z -105.306 46.4978 0.245623736364 0.245477027273
TA.J60A.z -73.4212 43.2438 0.24885253 0.24986625
TA.541A.z -93.1875 30.0596 0.248880915789 0.246350894737
TA.H64A.z -69.2203 44.6412 0.248094678571 0.247418130952
TA.S15A.z -112.363 37.6761 0.251614505051 0.252296919192
TA.H60A.z -72.6986 44.5606 0.24749187234 0.247148521277
TA.Q14A.z -113.277 38.9882 0.255612606061 0.256395727273
TA.M48A.z -84.7171 41.4846 0.24306812037 0.242790333333
TA.S21A.z -107.792 37.662 0.25408575 0.253940027778
TA.F16A.z -111.626 45.7843 0.2509495 0.250807553191
TA.W57A.z -79.9928 35.1529 0.245890606061 0.245466060606
TA.I55A.z -77.6817 44.2161 0.243970075949 0.243604
TA.Y57A.z -80.3915 34.017 0.246265735294 0.24618654902
TA.W44A.z -89.8161 35.1395 0.243754617978 0.243769730337
TA.R37A.z -94.8294 38.3133 0.24578383 0.2430204
TA.L25A.z -103.966 42.1548 0.247998847458 0.246692966102
TA.V30A.z -100.689 35.7623 0.246700430108 0.245023913978
TA.R41A.z -91.3795 38.2976 0.246164309524 0.24418222619
TA.R34A.z -97.247 38.3008 0.242642949495 0.242717626263
TA.G35A.z -94.4855 45.2199 0.24247227193 0.24240604386
TA.G22A.z -106.292 45.2189 0.244447489583 0.244431145833
TA.F28A.z -100.8 45.8485 0.243154405941 0.242879683168
TA.X33A.z -98.5006 34.541 0.247640300885 0.247042654867
TA.P60A.z -75.6358 39.8113 0.244736640777 0.245070737864
TA.M29A.z -100.689 41.4441 0.244274766355 0.245032028037
TA.ELFS.z -120.728 40.6183 0.255132723077 0.255268123077
TA.U22A.z -106.855 36.3773 0.250302536364 0.250402527273
TA.Q51A.z -83.3456 39.026 0.24667833913 0.246211391304
TA.K59A.z -74.8525 42.775 0.246971494737 0.246856578947
TA.W22A.z -106.867 35.0719 0.251801247788 0.251896530973
TA.U39A.z -93.4805 36.3823 0.243315605505 0.241935211009
TA.S39A.z -93.3226 37.691 0.242867405405 0.242356054054
TA.529A.z -102.22 30.1246 0.247977132075 0.248953084906
TA.G53A.z -78.6237 45.1222 0.240594424242 0.240309530303
TA.BC3.z -115.454 33.6552 0.256904846154 0.257037512821
TA.M37A.z -94.0575 41.4028 0.242353405405 0.242224405405
TA.S18A.z -109.995 37.6903 0.252530830357 0.250281125
TA.S60A.z -76.6535 37.7055 0.244920020202 0.245018161616
TA.S35A.z -96.319 37.6821 0.243125527778 0.24319637037
TA.J35A.z -95.2078 43.3655 0.241238752475 0.241126178218
TA.E56A.z -75.0341 46.5436 0.245023231707 0.242528597561
TA.Q43A.z -89.6991 38.941 0.242956548077 0.242948903846
TA.432A.z -99.7937 30.8755 0.247855050505 0.246554474747
TA.E28A.z -100.693 46.5748 0.24323905 0.24279422
TA.A31A.z -97.1888 48.932 0.244243362745 0.244078745098
TA.A04A.z -122.707 48.7197 0.25052327381 0.250093083333
TA.O27A.z -102.479 40.19 0.246213872727 0.245594509091
TA.N13A.z -114.204 40.8556 0.256142929134 0.25574319685
TA.O22A.z -106.547 40.1618 0.249975387931 0.251121491379
TA.E54A.z -77.1869 46.4339 0.24318140625 0.24362503125
TA.L59A.z -75.0426 42.1902 0.24444554902 0.244397980392
TA.U05C.z -120.12 36.3356 0.250781263158 0.246909649123
TA.V19A.z -109.046 35.7147 0.251920561404 0.251272842105
TA.J32A.z -97.8476 43.3719 0.241582038462 0.241361951923
TA.Y28A.z -102.248 33.9086 0.250164430108 0.248316763441
TA.X19A.z -109.29 34.4275 0.254477810345 0.254349655172
TA.X16A.z -111.441 34.4178 0.252157364486 0.255488084112
TA.M18A.z -110.067 41.4272 0.247498363636 0.244170420455
TA.S22A.z -106.829 37.7461 0.252216571429 0.25185697479
TA.A13A.z -114.413 48.933 0.246182233766 0.244690435065
TA.Q03C.z -122.015 38.6333 0.253168112903 0.252973693548
TA.O08A.z -118.155 40.2903 0.256502307692 0.254116516484
TA.E35A.z -94.4043 46.5572 0.242336928571 0.241564973214
TA.F37A.z -92.6264 45.7243 0.2406651875 0.241026322917
TA.Q45A.z -88.1565 38.8948 0.242756423529 0.241549105882
TA.P49A.z -84.7164 39.5342 0.243121436893 0.243263737864
TA.W26A.z -103.766 35.0891 0.252673429825 0.251799938596
TA.Y35A.z -97.0374 33.9059 0.248881252427 0.245822883495
TA.E09A.z -118.146 46.5139 0.25160407438 0.251207628099
TA.HELL.z -119.023 36.6801 0.250435898551 0.250434362319
TA.F05A.z -121.459 45.8839 0.254708891892 0.253589824324
TA.N50A.z -83.1486 40.7711 0.244159991453 0.242225641026
TA.Y20A.z -108.377 33.9085 0.251593777778 0.253659722222
TA.L23A.z -105.701 42.1143 0.249978186275 0.24947572549
TA.V25A.z -104.616 35.8383 0.250957640351 0.249926710526
TA.137A.z -95.7559 32.5973 0.246761583333 0.244738759259
TA.J16A.z -111.612 43.2741 0.253870172043 0.251811731183
TA.G30A.z -99.1446 45.1293 0.250021788136 0.248979474576
TA.P01C.z -123.338 39.469 0.251342568966 0.251077448276
TA.A09A.z -118.585 48.9752 0.250377666667 0.251620568627
TA.E44A.z -85.9214 46.6199 0.243002736842 0.242342491228
TA.346A.z -89.4649 31.3876 0.247717540984 0.247724598361
TA.H28A.z -101.021 44.6751 0.245585693069 0.244094920792
TA.P38A.z -93.5321 39.6248 0.24410940566 0.243812018868
TA.N06A.z -119.835 40.7484 0.255180791209 0.256000978022
TA.X37A.z -95.3713 34.5892 0.247998066038 0.247691396226
TA.T24A.z -105.052 37.0738 0.251566767857 0.251707607143
TA.RRX.z -116.997 34.8753 0.248281142857 0.249008693878
TA.632A.z -99.7863 29.5071 0.246733733945 0.246364321101
TA.G47A.z -83.8551 45.173 0.240722257426 0.240547970297
TA.446A.z -89.3645 30.7912 0.24709290991 0.247795891892
TA.K49A.z -83.4556 42.7835 0.241434830189 0.241487179245
TA.E37A.z -92.4 46.5658 0.241530653846 0.241263173077
TA.L15A.z -112.386 42.0041 0.25023604878 0.248770756098
TA.834A.z -98.5519 28.1251 0.250377833333 0.249842403509
TA.427A.z -103.402 30.8498 0.248288813725 0.247730147059
TA.240A.z -93.7626 32.0387 0.249565844828 0.248731939655
TA.W53A.z -83.163 35.1696 0.246003172727 0.245332818182
TA.W23A.z -106.15 35.1605 0.251281714286 0.2519186
TA.J22A.z -106.479 43.4126 0.249198312 0.247733632
TA.R15A.z -112.277 38.2108 0.251463737288 0.252775466102
TA.R28A.z -101.811 38.3423 0.245774557692 0.244435278846
TA.V34A.z -97.5176 35.8345 0.246216415094 0.245606801887
TA.112A.z -114.58 32.5356 0.251134458333 0.2507675625
TA.U11A.z -115.383 36.423 0.25466185 0.253551208333
TA.P48A.z -85.4258 39.4605 0.243952819048 0.241872133333
TA.F22A.z -106.257 45.7794 0.244918313725 0.244431676471
TA.D54A.z -76.657 47.152 0.244632166667 0.244137454545
TA.R54A.z -80.9904 38.1909 0.246044070312 0.247337015625
TA.L29A.z -100.478 42.0641 0.246951727273 0.246881836364
TA.U51A.z -84.0165 36.3786 0.246052987654 0.245398419753
TA.S29A.z -101.118 37.6199 0.246595451327 0.245374460177
TA.R11A.z -115.585 38.3489 0.253696786885 0.254127237705
TA.I27A.z -102.052 44.069 0.245788601852 0.244550018519
TA.N43A.z -89.1735 40.9394 0.246829185185 0.244784938272
TA.D16A.z -111.549 47.0308 0.247527990099 0.246940683168
TA.Q54A.z -80.8338 38.9836 0.245498619835 0.250037628099
TA.144A.z -90.4226 32.6304 0.245810903226 0.245682365591
TA.V14A.z -113.105 35.6339 0.25481957265 0.255381247863
TA.X48A.z -87.0452 34.4517 0.243803758621 0.243259137931
TA.F30A.z -99.025 45.8356 0.244757198113 0.243403811321
TA.H15A.z -112.644 44.6173 0.25480825 0.25529437
TA.N58A.z -76.7158 40.8396 0.243911398058 0.243232029126
TA.P07A.z -118.889 39.5399 0.255133153846 0.254537472527
TA.SUSD.z -98.9556 44.4429 0.244794701031 0.244330917526
TA.R35A.z -96.1988 38.3231 0.24277914433 0.242348257732
TA.R12A.z -114.608 38.3281 0.255648934959 0.255269422764
TA.K22A.z -106.524 42.6507 0.247839622951 0.246542795082
TA.O12A.z -114.745 40.2679 0.254125152672 0.25413848855
TA.Z48A.z -87.5556 33.3764 0.2406465 0.24096774
TA.D35A.z -94.0529 47.081 0.240894255102 0.239543540816
TA.W28A.z -102.206 35.2574 0.248427060606 0.249968969697
TA.P18A.z -110.246 39.6279 0.252598942308 0.249216182692
TA.534A.z -98.4753 30.0284 0.247944096774 0.246548298387
TA.C20A.z -108.004 47.7133 0.247326981308 0.246388196262
TA.BBR.z -116.921 34.2623 0.257229769231 0.255927538462
TA.Q60A.z -75.8429 39.0016 0.24671173 0.24563289
TA.Z15A.z -112.158 33.2893 0.253529543478 0.251412619565
TA.X49A.z -86.326 34.5126 0.245549746835 0.244548151899
TA.R07C.z -119.047 38.089 0.255523279412 0.255359014706
TA.U53A.z -82.5765 36.3644 0.246222147727 0.2460995
TA.L10A.z -116.471 42.0773 0.256003862903 0.255890830645
TA.I45A.z -86.2348 44.0361 0.24721007 0.2458211
TA.V60A.z -77.2629 35.765 0.24394152381 0.243485847619
TA.U45A.z -88.7635 36.3481 0.2451875375 0.2446533375
TA.I14A.z -113.452 43.9286 0.25629509009 0.258551981982
TA.Z27A.z -103.215 33.315 0.248865266667 0.245601711111
TA.K36A.z -94.4507 42.6381 0.240959553571 0.240523232143
TA.CNNC.z -77.8901 35.2393 0.245137061856 0.246126371134
TA.B29A.z -99.3535 48.4649 0.240724460177 0.240927929204
TA.M41A.z -90.5422 41.375 0.241831019608 0.240831656863
TA.G63A.z -69.6186 45.1147 0.247424617978 0.246531955056
TA.Q59A.z -76.6548 38.8644 0.245686953271 0.244984906542
TA.H22A.z -106.352 44.5943 0.245699282051 0.245372504274
TA.TIN.z -118.23 37.0542 0.246560152174 0.24671126087
TA.L53A.z -80.2598 41.9539 0.241746015748 0.240889724409
TA.S20A.z -108.36 37.83 0.251658671233 0.253366205479
TA.Z32A.z -99.4783 33.3066 0.244092070175 0.244226298246
TA.357A.z -81.4855 31.4239 0.244997660194 0.243734699029
TA.J39A.z -91.7062 43.3354 0.241692892857 0.240988446429
TA.M42A.z -89.7581 41.4546 0.246727510638 0.245851680851
TA.Q10A.z -116.4 38.8247 0.251713794393 0.253205037383
TA.T42A.z -91.0927 37.0301 0.2448734 0.24465115
TA.E38A.z -91.5542 46.6058 0.244497791667 0.243093479167
TA.P45A.z -87.7439 39.5277 0.242202292683 0.240088463415
TA.351A.z -85.6036 31.2753 0.246916078947 0.243976644737
TA.U31A.z -99.8508 36.3695 0.24866385 0.2467673
TA.K48A.z -84.1197 42.8032 0.24265839 0.24119362
TA.735A.z -97.8081 28.8553 0.248656455285 0.249058138211
TA.A33A.z -95.3904 48.9371 0.24604084375 0.246460427083
TA.W56A.z -80.5828 35.135 0.243993131148 0.242843483607
TA.F18A.z -109.716 45.9046 0.248003482456 0.247477140351
TA.C40A.z -89.1514 47.9154 0.242977 0.241204904762
TA.W37A.z -95.4269 35.138 0.248717821429 0.247655428571
TA.158A.z -80.1935 32.7364 0.245060817391 0.248129391304
TA.R47A.z -86.527 38.2957 0.244725255814 0.244313860465
TA.A26A.z -102.038 48.8973 0.246838963636 0.244576845455
TA.Z16A.z -111.427 33.341 0.252819612245 0.25417955102
TA.G45A.z -85.6571 45.0404 0.242341527473 0.242866340659
TA.Q28A.z -101.831 39.0623 0.243856112245 0.243879020408
TA.O23A.z -105.918 40.2109 0.250309666667 0.250346897436
TA.O41A.z -90.882 40.1156 0.24377647 0.24228163
TA.W40A.z -93.0693 35.1923 0.245179367925 0.244352009434
TA.646A.z -89.8245 29.5832 0.248501392857 0.248165202381
TA.K02A.z -123.49 42.7667 0.253312810345 0.253460448276
TA.EGMT.z -109.755 48.024 0.248404210526 0.246564394737
TA.Q35A.z -96.0368 38.8586 0.244297567308 0.243383192308
TA.BRSD.z -98.9563 44.443 0.2425469 0.2422867
TA.C13A.z -114.574 47.6795 0.247266606452 0.247520458065
TA.E42A.z -87.914 46.4301 0.245280977273 0.243415727273
TA.256A.z -81.8878 31.9799 0.245099321101 0.244459944954
TA.Z20A.z -108.592 33.1132 0.254706157303 0.255530617978
TA.W46A.z -88.3783 35.1333 0.242066868421 0.240163578947
TA.P46A.z -87.2067 39.6178 0.241845133333 0.239904766667
TA.U24A.z -105.278 36.4093 0.251270491071 0.250795544643
TA.E18A.z -109.914 46.5663 0.249555527778 0.24876675
TA.I16A.z -111.487 43.8756 0.252805288136 0.252799813559
TA.J34A.z -95.9579 43.2844 0.242813533333 0.241903419048
TA.M49A.z -83.9752 41.4745 0.239440152381 0.239823914286
TA.H06A.z -120.335 44.7344 0.25661129 0.25760693
TA.P54A.z -80.4796 39.602 0.246577027027 0.243721891892
TA.NEE2.z -114.619 34.7676 0.248708652174 0.246837086957
TA.N45A.z -87.5118 40.8479 0.244148761905 0.242852166667
TA.E27A.z -101.564 46.4293 0.243758424779 0.242767867257
TA.T36A.z -95.8789 37.0605 0.24567941 0.24587838
TA.P34A.z -96.8268 39.5471 0.243995029703 0.244306445545
TA.N54A.z -79.9892 40.9617 0.244373375 0.244078538462
TA.L62A.z -72.6617 42.0328 0.247859270833 0.247267885417
TA.BEL.z -115.998 34.0006 0.25472327027 0.254007405405
TA.M36A.z -94.8021 41.4537 0.243927191919 0.243024777778
TA.V38A.z -94.4077 35.8626 0.247194288889 0.2457248
TA.U47A.z -87.2892 36.4413 0.243810450549 0.243121615385
TA.L61A.z -73.5543 42.1934 0.246216247423 0.247674216495
TA.Q07A.z -118.808 38.9383 0.258326462366 0.258479086022
TA.226B.z -104.165 32.0778 0.251417018868 0.251188660377
TA.M57A.z -77.128 41.3372 0.245164989247 0.244989225806
TA.U52A.z -83.3671 36.3929 0.246614369565 0.2472525
TA.R19A.z -109.261 38.2916 0.25159693617 0.250041776596
TA.N11A.z -115.736 40.8167 0.25271427193 0.25299977193
TA.P29A.z -100.932 39.6021 0.243247820755 0.243135801887
TA.G62A.z -70.5319 45.2186 0.246421032967 0.246324967033
TA.230A.z -101.112 31.8878 0.245337330435 0.244042086957
TA.X55A.z -81.6336 34.4701 0.24453011828 0.24381572043
TA.U56A.z -80.3829 36.3472 0.24467655 0.243483291667
TA.M25A.z -104.055 41.4347 0.2465915 0.245619698276
TA.T45A.z -88.6447 37.0196 0.243235388235 0.241691117647
TA.E57A.z -74.1471 46.4117 0.2430096 0.241522785714
TA.DEC.z -118.334 34.2535 0.253363057143 0.254454257143
TA.W31A.z -99.9435 35.1864 0.247955217822 0.246640871287
TA.N22A.z -106.454 40.8023 0.250756812081 0.250790771812
TA.130A.z -100.965 32.5961 0.245897135135 0.243830099099
TA.L40A.z -91.2218 42.0628 0.240909635593 0.240810576271
TA.R49A.z -85.1714 38.2916 0.244465 0.244653295652
TA.J17A.z -110.712 43.3629 0.252455730159 0.244864555556
TA.L43A.z -88.7423 42.1833 0.24295894382 0.242176516854
TA.N16A.z -111.437 40.8869 0.249741144231 0.248735923077
TA.245A.z -89.8958 32.0322 0.247304482143 0.247309196429
TA.B08A.z -119.333 48.3584 0.250897207921 0.250301960396
TA.I46A.z -85.4472 43.9411 0.244191858586 0.242818555556
TA.V18A.z -109.933 35.7113 0.253623172414 0.252751353448
TA.T26A.z -103.593 37.1747 0.246886207921 0.245747128713
TA.544A.z -91.1612 30.11 0.24997307 0.24998629
TA.L04A.z -121.891 42.175 0.254626709677 0.255186177419
TA.H65A.z -68.2469 44.6961 0.247017375 0.247251761364
TA.X39A.z -94.1138 34.5105 0.24288557732 0.244572969072
TA.S36A.z -95.5923 37.724 0.245654205607 0.245036457944
TA.R24A.z -105.107 38.2315 0.249568122807 0.248827078947
TA.S46A.z -87.7153 37.6849 0.245838022727 0.244391727273
TA.325A.z -104.971 31.3711 0.251233365385 0.250005451923
TA.429A.z -101.894 30.6248 0.243959788462 0.243208961538
TA.X51A.z -84.8574 34.5658 0.245761801887 0.245621226415
TA.A24A.z -104.002 48.9239 0.246886442105 0.246315747368
TA.U33A.z -98.1135 36.4327 0.246203747368 0.245738778947
TA.T23A.z -106.037 37.0361 0.250487814159 0.251159929204
TA.K08A.z -118.486 42.7308 0.254310677778 0.255438777778
TA.N24A.z -104.882 40.8271 0.248345464912 0.247173991228
TA.PFO.z -116.459 33.6117 0.248281021277 0.247666191489
TA.E45A.z -85.1774 46.3563 0.243432355556 0.242714355556
TA.S56A.z -79.5662 37.6771 0.246572150943 0.245769207547
TA.W41B.z -92.2479 35.1736 0.245631774194 0.244877870968
TA.T44A.z -89.5896 37.086 0.24432873494 0.243151698795
TA.Q57A.z -78.4107 39.0353 0.245514046296 0.244926694444
TA.E16A.z -111.676 46.5336 0.247241942857 0.247012019048
TA.V61A.z -76.5776 35.7912 0.243553 0.24332157732
TA.119A.z -109.303 32.7663 0.251379421053 0.251954710526
TA.P30A.z -100.247 39.5442 0.243929781818 0.243674654545
TA.153A.z -83.8316 32.6499 0.24375872549 0.244024215686
TA.N26A.z -103.222 40.8289 0.246294358491 0.245344481132
TA.225A.z -104.823 32.1101 0.249155509434 0.248216877358
TA.P15A.z -112.279 39.5708 0.252393404959 0.254492165289
TA.Y14A.z -113.005 33.9383 0.254320391304 0.253169304348
TA.G39A.z -91.1698 45.2867 0.245479598039 0.244132696078
TA.034A.z -98.6833 27.0647 0.2496969375 0.249549803571
TA.E51A.z -79.4924 46.5333 0.2429784 0.241681738462
TA.H39A.z -91.2833 44.6797 0.242080876404 0.241073573034
TA.336A.z -96.8443 31.387 0.248843814159 0.248588318584
TA.B30A.z -98.3286 48.4505 0.243797775701 0.243340495327
TA.W61A.z -76.9909 35.1773 0.244658318182 0.244772081818
TA.W27A.z -103.063 35.0637 0.250371435185 0.250432777778
TA.J31A.z -98.7396 43.2915 0.242336411765 0.241079323529
TA.P40A.z -92.0483 39.5299 0.242547132075 0.24171140566
TA.I17A.z -110.576 43.92 0.254147609756 0.252871260163
TA.N61A.z -74.2969 40.7519 0.245097033708 0.243242303371
TA.W48A.z -86.9333 35.1386 0.245535621622 0.244029648649
TA.O40A.z -91.874 40.1212 0.244743855769 0.242661423077
TA.Q30A.z -100.221 38.9772 0.245553407407 0.245777518519
TA.E62A.z -69.5227 46.6201 0.245879666667 0.245094567901
TA.249A.z -87.1225 31.9752 0.244862012987 0.245053181818
TA.Z52A.z -84.4176 33.1893 0.243666189189 0.241961635135
TA.GRA.z -117.366 36.9961 0.251913636364 0.252694212121
TA.V39A.z -93.645 35.8389 0.245824527778 0.244399944444
TA.Q41A.z -91.2317 38.9539 0.243859333333 0.244455864198
TA.SHO.z -116.275 35.8996 0.253222478261 0.254007065217
TA.543A.z -91.8557 30.0856 0.2498651 0.24868292
TA.L38A.z -92.9597 42.141 0.24363153271 0.241824757009
TA.J07A.z -119.311 43.3736 0.254655258065 0.25532911828
TA.X28A.z -102.197 34.5185 0.251025127451 0.250189970588
TA.035Z.z -98.0683 26.463 0.24703642735 0.246483136752
TA.E11A.z -116.209 46.3559 0.248300747475 0.247135969697
TA.F27A.z -102.02 45.8727 0.243328816327 0.242586959184
TA.D03A.z -123.771 47.1161 0.248179278481 0.246736341772
TA.H63A.z -70.0353 44.6616 0.247946454545 0.246745659091
TA.E48A.z -82.1653 46.4809 0.242025427184 0.24233168932
TA.Y26A.z -103.825 33.9232 0.251418944444 0.249550611111
TA.G09A.z -117.78 45.2781 0.248606514563 0.249351262136
TA.V31A.z -99.8425 35.7739 0.249641347368 0.247719242105
TA.W35A.z -96.8745 35.1527 0.244821717172 0.243589191919
TA.Z25A.z -104.717 33.2797 0.249215583333 0.248404972222
TA.333A.z -98.9841 31.3249 0.244018508333 0.243131958333
TA.U58A.z -78.5493 36.3944 0.242650383838 0.242776707071
TA.X30A.z -100.874 34.4461 0.246021257143 0.246837628571
TA.Y44A.z -90.2112 33.9618 0.244537631579 0.242765431579
TA.349A.z -87.1924 31.3504 0.246005350649 0.243556051948
TA.X22A.z -107.01 34.5058 0.250484148148 0.250907972222
TA.V46A.z -88.1177 35.8007 0.242069723684 0.24251875
TA.J38A.z -92.4755 43.319 0.242269882353 0.241536088235
TA.M66A.z -70.1353 41.259 0.246576328358 0.24541841791
TA.537A.z -96.3155 30.0799 0.248828495652 0.249097547826
TA.U25A.z -104.408 36.3998 0.249926918182 0.248773890909
TA.457A.z -81.5563 30.6199 0.2468834 0.246839009524
TA.342A.z -92.3249 31.3747 0.248004982456 0.248455157895
TA.Q09A.z -117.182 38.834 0.252941840909 0.252636034091
TA.H26A.z -102.774 44.6168 0.245422093458 0.244876757009
TA.SPMN.z -92.8037 45.2246 0.244896161972 0.244481852113
TA.D30A.z -98.7576 47.1082 0.245108345133 0.244382495575
TA.D48A.z -81.8072 47.1743 0.241314361905 0.242267304762
TA.Z46A.z -88.9414 33.1933 0.240695879518 0.240111313253
TA.447A.z -88.6542 30.7952 0.245570798165 0.246611770642
TA.M45A.z -87.2504 41.3881 0.242757831461 0.242355516854
TA.WVT.z -87.83 36.1297 0.245755534091 0.246064125
TA.Z54A.z -82.8417 33.2362 0.24731678125 0.246965375
TA.G41A.z -89.1816 45.2118 0.245155850575 0.243269482759
TA.T57A.z -79.2538 36.9983 0.243062586957 0.242075869565
TA.Y31A.z -100.261 33.9629 0.24562343299 0.246049639175
TA.J09A.z -117.754 43.3471 0.255804288136 0.25630170339
TA.M40A.z -91.5121 41.406 0.241089930233 0.239423918605
TA.U44A.z -89.6863 36.5047 0.244132689655 0.244184045977
TA.D21A.z -106.994 47.0658 0.247035235849 0.246531301887
TA.K41A.z -90.3046 42.6071 0.242523785047 0.241991915888
TA.R43A.z -89.9308 38.276 0.244012733333 0.243472422222
TA.Q08A.z -117.932 38.8606 0.254320966292 0.255572842697
TA.N27A.z -102.537 40.8063 0.244986972477 0.24367533945
TA.Y12C.z -114.524 33.7503 0.252598136752 0.25170608547
TA.P12A.z -114.908 39.4731 0.25410879661 0.254121686441
TA.D07A.z -119.973 47.1936 0.246984089888 0.247991752809
TA.O20A.z -108.242 40.1348 0.249978715447 0.249336495935
TA.L57A.z -76.8492 42.0005 0.246051510204 0.24492177551
TA.H45A.z -86.044 44.6232 0.245286214286 0.244591673469
TA.H40A.z -90.3905 44.622 0.241434777778 0.239661622222
TA.R42A.z -90.7944 38.2804 0.242195574713 0.24223808046
TA.V47A.z -87.5205 35.8278 0.245855297619 0.244825988095
TA.K16A.z -111.588 42.8321 0.250882609524 0.248745628571
TA.O13A.z -113.981 40.1314 0.254267525 0.254834608333
TA.AGMN.z -95.8619 48.2977 0.245783938272 0.248105765432
TA.I18A.z -109.817 43.7013 0.247160343137 0.246912627451
TA.H37A.z -92.9181 44.5812 0.24323845614 0.244026833333
TA.Y34A.z -97.7573 33.9574 0.249019698113 0.247938877358
TA.X56A.z -81.0319 34.4923 0.24512766087 0.24418186087
TA.D04A.z -122.803 47.1109 0.249711148148 0.24860745679
TA.Z18A.z -110.036 33.0851 0.256129585859 0.257156141414
TA.S30A.z -100.464 37.6402 0.245898849558 0.245791442478
TA.O25A.z -104.12 40.1129 0.249688433962 0.249011886792
TA.E25A.z -103.401 46.5009 0.243175528455 0.24229604878
TA.736A.z -97.0673 28.955 0.2464935 0.246165076923
TA.CWC.z -118.08 36.4399 0.249929333333 0.247756814815
TA.N49A.z -84.1825 40.922 0.240286715789 0.241288621053
TA.E30A.z -98.9098 46.5021 0.248007336538 0.246171346154
TA.I42A.z -88.9134 43.8908 0.24197883908 0.241621977011
TA.O57A.z -77.6354 40.2104 0.243771575472 0.243186273585
TA.Z39A.z -94.1822 33.2418 0.245463666667 0.244964035088
TA.528A.z -102.788 30.1615 0.250959333333 0.2513718
TA.Z51A.z -85.1747 33.3167 0.243692276316 0.243524447368
TA.MLAC.z -118.836 37.6302 0.253527166667 0.249282214286
TA.244A.z -90.6856 32.0422 0.250996156522 0.2502406
TA.L18A.z -110.036 41.9243 0.246321820755 0.243987641509
TA.M55A.z -78.7649 41.4686 0.244769963415 0.243723512195
TA.U50A.z -84.8431 36.4156 0.24898861039 0.247661298701
TA.T46A.z -87.8941 37.0417 0.242442932584 0.241691977528
TA.P19A.z -108.981 39.6333 0.251053435115 0.250421755725
TA.P39B.z -92.7541 39.4876 0.244707783133 0.24394239759
TA.Y33A.z -98.6256 34.0081 0.247879074074 0.244866768519
TA.D12A.z -115.353 47.0528 0.248402255639 0.247140270677
TA.SFIN.z -87.0967 40.379 0.242499294737 0.244063263158
TA.O53A.z -81.2129 40.2493 0.243954574713 0.243732011494
TA.K57A.z -76.5163 42.7313 0.246239295918 0.245643122449
TA.U20A.z -108.52 36.3758 0.252976544643 0.252402580357
TA.S58A.z -78.0511 37.6126 0.24636325 0.246071846154
TA.S44A.z -89.2551 37.6936 0.244468780702 0.245659473684
TA.C07A.z -120.061 47.6902 0.248844879121 0.248703428571
TA.251A.z -85.409 32.0929 0.2460498125 0.2448906875
TA.J13A.z -114.174 43.3979 0.254531639053 0.25542808284
TA.T58A.z -78.5338 36.9454 0.242707129032 0.24253111828
TA.A20A.z -107.926 48.8799 0.24812576 0.24586008
TA.Z47A.z -88.0696 33.199 0.240848417722 0.240358050633
TA.M34A.z -96.583 41.5025 0.2424255625 0.241464660714
TA.N21A.z -107.52 40.76 0.251231915888 0.250409280374
TA.K39A.z -91.8878 42.705 0.240480846154 0.239241290598
TA.426A.z -104.029 30.6689 0.247853632075 0.248635018868
TA.W51A.z -84.7599 35.1606 0.24291006 0.24308846
TA.O59A.z -76.1859 40.3114 0.244639084211 0.243354431579
TA.G55A.z -76.7187 45.2532 0.243992855263 0.243315868421
TA.P06A.z -119.898 39.6785 0.254470056818 0.252852306818
TA.X34A.z -97.8326 34.601 0.248835324324 0.246940216216
TA.G27A.z -101.931 45.3791 0.244040543103 0.243206758621
TA.R45A.z -88.2812 38.2926 0.24413625 0.243549130952
TA.F31A.z -98.2525 45.8598 0.241370971154 0.240092759615
TA.C38A.z -91.2732 47.7171 0.243056484536 0.240964525773
TA.H52A.z -79.8888 44.6422 0.241772426471 0.240703794118
TA.U14A.z -113.18 36.4182 0.253581536585 0.254113373984
TA.H41A.z -89.6534 44.6164 0.242750354167 0.240923375
TA.P43A.z -89.5213 39.6409 0.242651597701 0.242723333333
TA.958A.z -81.7543 27.5855 0.248050125 0.2468490625
TA.X29A.z -101.701 34.4452 0.247612868687 0.247818707071
TA.140A.z -93.574 32.6408 0.248138735849 0.246988009434
TA.R59A.z -77.1164 38.2005 0.247721384615 0.246666663462
TA.V29A.z -101.521 35.8734 0.249704459184 0.249840795918
TA.S11A.z -115.747 37.6444 0.254607783333 0.254598325
TA.V59A.z -78.2394 35.7649 0.241821277778 0.242401648148
TA.F21A.z -107.123 45.8231 0.247739008772 0.246663219298
TA.A16A.z -111.597 48.9482 0.247574412281 0.246185377193
TA.O39A.z -92.5438 40.2544 0.242985018868 0.241476462264
TA.131A.z -100.389 32.6737 0.245870842593 0.244338490741
TA.A23A.z -104.879 48.9592 0.24602741 0.24557742
TA.M05C.z -121.146 41.3593 0.252461564516 0.253913774194
TA.O34A.z -96.6936 40.1831 0.244337236364 0.243413563636
TA.832A.z -99.9743 28.2844 0.246923198276 0.247136939655
TA.E06A.z -120.979 46.5433 0.251524849462 0.252426655914
TA.738A.z -95.6481 28.8404 0.247629449153 0.247657432203
TA.328A.z -102.81 31.3818 0.246521542857 0.245416057143
TA.W20A.z -108.5 35.1259 0.253231555556 0.253526490741
TA.N47A.z -85.6942 40.8801 0.242505978261 0.24080101087
TA.C05A.z -121.689 47.6947 0.25133384 0.24907572
TA.HRV.z -71.5583 42.5064 0.248511166667 0.247359922222
TA.F09A.z -117.909 45.7087 0.249575459459 0.247904468468
TA.S09A.z -117.225 37.7243 0.254025978723 0.254013074468
TA.W25A.z -104.461 35.2177 0.2509643 0.250554927273
TA.318A.z -109.991 31.439 0.25466282243 0.254793560748
TA.V11A.z -115.43 35.8384 0.254018931624 0.25389142735
TA.H10A.z -116.747 44.589 0.249823861111 0.250246231481
TA.637A.z -96.3324 29.439 0.248353337079 0.247215337079
TA.J55A.z -77.8167 43.2657 0.244331277108 0.243215879518
TA.I31A.z -98.5352 44.0297 0.243942796117 0.243519262136
TA.J57A.z -75.9968 43.4099 0.246308469388 0.245497765306
TA.SCZ2.z -119.635 33.9954 0.251266395349 0.251925325581
TA.247A.z -88.6102 32.053 0.245667086538 0.245540038462
TA.U27A.z -102.825 36.4213 0.249704566667 0.246774633333
TA.425A.z -104.986 30.7862 0.248371074074 0.248431324074
TA.S06C.z -119.849 37.8817 0.255137193548 0.255842612903
TA.I22A.z -106.484 43.8924 0.245958371681 0.245547495575
TA.H17A.z -110.576 44.3951 0.250282734375 0.254207695313
TA.Z56A.z -81.3687 33.3253 0.24645645 0.2444331625
TA.Z35A.z -97.253 33.3308 0.247142 0.245850944444
TA.227A.z -103.292 32.012 0.248626921569 0.247561127451
TA.V37A.z -95.141 35.883 0.245006065934 0.243137659341
TA.G12A.z -115.326 45.1285 0.251255272727 0.251076434343
TA.O11A.z -115.657 40.1313 0.254367937008 0.254865007874
TA.H04A.z -122.186 44.6837 0.253125450549 0.251830956044
TA.VES.z -119.085 35.8409 0.251709046512 0.249976465116
TA.S05C.z -120.33 37.346 0.253083323944 0.255604704225
TA.N35A.z -95.6425 40.8612 0.243292648148 0.243163675926
TA.T19A.z -109.025 36.8299 0.253781423423 0.254976594595
TA.U42A.z -91.2383 36.3514 0.245600734694 0.246058214286
TA.L39A.z -92.0007 42.1234 0.241648316239 0.240161641026
TA.S27A.z -102.898 37.6837 0.24727459434 0.245780160377
TA.J25A.z -103.803 43.3901 0.246164 0.246166239669
TA.658A.z -81.2578 29.422 0.247189228261 0.24632876087
TA.V41A.z -92.1554 35.7851 0.245975407407 0.245620675926
TA.S59A.z -77.2942 37.762 0.24687579798 0.245431515152
TA.Z26A.z -103.98 33.2716 0.246364274194 0.244341548387
TA.M58A.z -76.4603 41.3721 0.246130752475 0.245511277228
TA.J52A.z -80.4764 43.2407 0.24374329 0.24201715
TA.557A.z -81.7291 30.016 0.247285133333 0.246646633333
TA.V26A.z -103.786 35.7964 0.251995074766 0.250745588785
TA.G25A.z -103.417 45.1935 0.244836089286 0.2433904375
TA.F32A.z -97.1264 45.8705 0.242763336538 0.241398605769
TA.L34A.z -96.3762 41.9666 0.241877254717 0.241551707547
TA.W17A.z -110.713 35.0789 0.254296104839 0.254305895161
TA.338A.z -95.3106 31.3567 0.250086194175 0.250316601942
TA.K31A.z -98.7546 42.6229 0.243417340909 0.242942397727
TA.U35A.z -96.7318 36.3709 0.242817727273 0.242298636364
TA.I06A.z -120.211 43.9437 0.25656289 0.2554562
TA.GLMI.z -84.6175 44.8245 0.2438178 0.242871190476
TA.OGNE.z -102.033 40.9451 0.247402923077 0.247628876923
TA.I43A.z -88.146 43.8844 0.244137614458 0.24335113253
TA.431A.z -100.608 30.6824 0.247695962963 0.248372027778
TA.326A.z -103.979 31.3165 0.250315168224 0.251249934579
TA.Q12A.z -114.83 39.04 0.255295842105 0.254678390977
TA.S24A.z -105.213 37.6407 0.248948782178 0.249300435644
TA.D31A.z -97.7226 47.0481 0.246388010204 0.243820887755
TA.O50A.z -83.6199 40.1468 0.244084211009 0.243924192661
TA.O61A.z -74.553 40.0934 0.244540931373 0.243063088235
TA.H61A.z -71.9271 44.5339 0.247236227273 0.246587068182
TA.J21A.z -107.446 43.3459 0.248542346457 0.246812543307
TA.Q24A.z -105.149 38.9641 0.24725602459 0.247186663934
TA.P59A.z -76.4327 39.6101 0.2445983 0.243705
TA.G38A.z -91.8549 45.1693 0.24048767033 0.24178343956
TA.344A.z -90.7318 31.4527 0.251011448598 0.251180504673
TA.F15A.z -112.493 45.8409 0.251394751634 0.250782366013
TA.BW06.z -109.558 42.7667 0.248411135135 0.247901054054
TA.J18A.z -110.02 43.2112 0.249074883721 0.245411697674
TA.M06C.z -120.477 41.2047 0.256147047619 0.256953063492
TA.E13A.z -114.188 46.4423 0.246534909677 0.246194367742
TA.U46A.z -88.1773 36.359 0.243830625 0.243644522727
TA.O37A.z -94.1461 40.1664 0.242343548077 0.240970134615
TA.E64A.z -67.8285 46.4184 0.250027417582 0.249599032967
TA.F45A.z -85.5156 45.6837 0.241692386503 0.241612576687
TA.L54A.z -79.3162 42.2345 0.241637125 0.2416516125
TA.532A.z -99.9049 30.1278 0.247823594059 0.247191871287
TA.N38A.z -93.235 40.7931 0.242039647059 0.240949362745
TA.Y55A.z -81.8581 33.9375 0.244921365591 0.244521913978
TA.MVCO.z -108.499 37.2103 0.2462082 0.246803
TA.H11A.z -116.013 44.7035 0.251369637168 0.249602831858
TA.G40A.z -90.2006 45.2684 0.244263545455 0.243104045455
TA.H55A.z -77.183 44.5505 0.245970222222 0.244073180556
TA.E21A.z -107.076 46.5408 0.245561605263 0.245202394737
TA.I11A.z -115.958 43.9121 0.252156210526 0.251515552632
TA.G31A.z -98.2083 45.2254 0.243613526786 0.242401741071
TA.348A.z -87.9023 31.4129 0.245242336538 0.24637225
TA.552A.z -85.2938 30.1327 0.249300765432 0.249684209877
TA.K54A.z -78.6908 42.6097 0.24241738961 0.242011727273
TA.757A.z -82.0685 28.9413 0.244802878378 0.245133013514
TA.Z44A.z -90.4322 33.2773 0.245380231579 0.244879136842
TA.C09A.z -118.274 47.8006 0.250368626087 0.248785347826
TA.K51A.z -81.5082 42.7223 0.241729452632 0.240255526316
TA.P37A.z -94.3491 39.5882 0.243124457143 0.241536733333
TA.I32A.z -97.4643 44.0271 0.244948909091 0.242810409091
TA.X17A.z -110.806 34.3371 0.25379156 0.2558202
TA.634A.z -98.3515 29.3815 0.249572101695 0.250631983051
TA.Z30A.z -101.128 33.2861 0.24261645 0.2417804375
TA.143A.z -91.4036 32.7032 0.247690360656 0.248314516393
TA.M24A.z -104.825 41.4676 0.249205057143 0.24851732381
TA.936A.z -97.3091 27.4208 0.249305112 0.249157184
TA.J12A.z -115.098 43.25 0.253770204918 0.254956721311
TA.K55A.z -78.0696 42.7278 0.243554657534 0.242684027397
TA.Q32A.z -98.5596 38.9908 0.242542757009 0.242927551402
TA.G58A.z -74.054 45.1492 0.247363355769 0.247502403846
TA.G57A.z -74.9855 45.1036 0.244495126316 0.243799189474
TA.O30A.z -100.057 40.1791 0.2445718 0.244164126316
TA.N28A.z -101.541 40.6873 0.244553508772 0.242755342105
TA.R51A.z -83.5834 38.3001 0.246471144144 0.246126513514
TA.OSI.z -118.724 34.6145 0.248015413043 0.247064543478
TA.535A.z -97.5711 30.029 0.251440852174 0.250707921739
TA.Y22D.z -106.921 34.0739 0.252028313559 0.252474262712
TA.L14A.z -113.24 42.0343 0.250648401786 0.249618044643
TA.I47A.z -84.5096 44.0193 0.243244384615 0.242887788462
TA.350A.z -86.3353 31.4207 0.245752282353 0.244155705882
TA.T17A.z -110.804 36.9969 0.2513413 0.25272325
TA.B09A.z -118.149 48.4226 0.249348385321 0.249738798165
TA.R23A.z -105.826 38.1907 0.248771209091 0.248852927273
TA.I52A.z -80.177 44.068 0.24291349505 0.241799039604
TA.NATX.z -94.661 31.7598 0.245455931298 0.244819671756
TA.Y53A.z -83.5836 33.8554 0.245600355769 0.244876836538
TA.U32A.z -99.0014 36.3795 0.248935203704 0.24499437963
TA.Q29A.z -100.979 38.8905 0.244537621359 0.244799524272
TA.E07A.z -119.855 46.5585 0.25274308547 0.253860059829
TA.O04C.z -121.086 40.32 0.254108054795 0.255098246575
TA.O18A.z -110.008 40.2655 0.251061508772 0.248495263158
TA.V24A.z -105.272 35.7259 0.250291352941 0.250331990196
TA.G28A.z -100.916 45.0749 0.244856285714 0.243665089286
TA.113A.z -113.767 32.7683 0.255365145161 0.255587564516
TA.434A.z -98.269 30.8142 0.247267225806 0.245994483871
TA.H03A.z -123.292 44.6765 0.253392361111 0.252124819444
TA.V49A.z -85.903 35.7663 0.243605039604 0.241939574257
TA.L20A.z -108.34 42.0073 0.247570486239 0.245709688073
TA.X53A.z -83.3013 34.5031 0.243281470588 0.242893823529
TA.U44B.z -89.3507 36.3391 0.247027415584 0.24536938961
TA.J45A.z -86.3889 43.4354 0.242647094737 0.242062010526
TA.S23A.z -106.002 37.7059 0.251489596774 0.250673233871
TA.S19A.z -109.137 37.7459 0.252223715596 0.251975917431
TA.P32A.z -98.6011 39.6223 0.244068608333 0.243998425
TA.Z33A.z -98.7648 33.2865 0.24615325 0.246480958333
TA.239A.z -94.4707 32.0179 0.249105 0.248078556818
TA.E29A.z -99.642 46.5682 0.246699878261 0.245078191304
TA.M38A.z -93.1965 41.4175 0.242231915094 0.241655141509
TA.I34A.z -95.86 44.0392 0.242713722222 0.241221805556
TA.X21A.z -107.786 34.4457 0.252604504673 0.253607299065
TA.K62A.z -72.2345 42.6651 0.244214767677 0.245427787879
TA.Y58A.z -79.6665 33.9057 0.24681995 0.2472757
TA.W54A.z -82.1859 35.0857 0.246348272727 0.244983636364
TA.P61A.z -74.7919 39.6734 0.246891208791 0.244494626374
TA.P55A.z -79.8265 39.5078 0.246720606742 0.245339719101
TA.M17A.z -110.666 41.4729 0.247734 0.245059010753
TA.O01C.z -123.82 40.1398 0.250256415385 0.248975753846
TA.A29A.z -99.2321 48.9228 0.243304575221 0.242883681416
TA.X14A.z -112.891 34.4692 0.25592062963 0.256835768519
TA.C37A.z -92.1853 47.7283 0.24154454386 0.240668342105
TA.F26A.z -102.67 45.8512 0.243670350427 0.243655504274
TA.Y54A.z -82.688 33.8621 0.246069846939 0.245439561224
TA.M01C.z -124.122 41.8473 0.250827638889 0.250538958333
TA.M02C.z -122.854 41.392 0.25095771875 0.251786625
TA.X40A.z -92.8342 34.4873 0.243377571429 0.243381030612
TA.K47A.z -84.9993 42.6704 0.242964029703 0.24241860396
TA.355A.z -82.8518 31.3438 0.247164333333 0.246323849462
TA.E03A.z -123.563 46.5459 0.249802752941 0.249133435294
TA.H25A.z -103.598 44.6215 0.246310908333 0.244796591667
TA.A14A.z -113.422 48.9725 0.245616654545 0.245660609091
TA.V04C.z -120.87 35.636 0.250886510204 0.250144428571
TA.M23A.z -105.722 41.468 0.251146766355 0.248842149533
TA.O09A.z -117.19 40.1697 0.253815311111 0.2530075
TA.P28A.z -101.755 39.5732 0.243231814159 0.243862415929
TA.139A.z -94.3927 32.6795 0.247110585106 0.247466776596
TA.353A.z -84.2172 31.3474 0.245696085714 0.245635780952
TA.R40A.z -92.2684 38.2909 0.243161472727 0.243700190909
TA.V15A.z -112.173 35.8191 0.253609353448 0.253810017241
TA.Z41A.z -92.803 33.2577 0.248747707071 0.24891920202
TA.O16A.z -111.502 40.2067 0.248819433628 0.249943442478
TA.L61B.z -72.6802 42.4498 0.245479505263 0.246338168421
TA.343A.z -91.6169 31.2839 0.249458807018 0.248869140351
TA.E10A.z -117.11 46.485 0.250457267327 0.249039326733
TA.E24A.z -104.307 46.5608 0.24437015625 0.243898541667
TA.E19A.z -108.786 46.4611 0.247782623853 0.246480412844
TA.U59A.z -77.7925 36.3526 0.241893468085 0.241689212766
TA.D51A.z -79.3733 47.0904 0.244336537313 0.243582507463
TA.X25A.z -104.662 34.5271 0.248198495495 0.246138369369
TA.G65A.z -67.5632 45.2002 0.245503928571 0.24469575
TA.O43A.z -89.313 40.2856 0.2450177375 0.24360645
TA.MPP.z -119.814 34.8885 0.250870580645 0.250714064516
TA.250A.z -86.2677 31.9778 0.246938747253 0.245514593407
TA.536A.z -97.0652 30.0756 0.247522526786 0.246922741071
TA.437A.z -96.1386 30.8292 0.248836196581 0.249515307692
TA.P24A.z -104.908 39.5144 0.249741387387 0.248820009009
TA.T28A.z -102.114 37.1204 0.248009519231 0.246498019231
TA.237A.z -95.8084 32.0015 0.247953052174 0.248134147826
TA.R39A.z -93.0383 38.3138 0.243562061224 0.243596234694
TA.531A.z -100.546 30.1645 0.246421223301 0.247489660194
TA.633A.z -99.1766 29.4591 0.247928025 0.247660916667
TA.O29A.z -100.798 40.1253 0.243652944954 0.243121229358
TA.N30A.z -100.1 40.7957 0.245416320755 0.244253811321
TA.U38A.z -94.3857 36.4394 0.245540434343 0.24433589899
TA.H18A.z -109.664 44.6769 0.249426227723 0.247538178218
TA.430A.z -101.236 30.7866 0.24398717 0.24383634
TA.835A.z -97.8297 28.287 0.247229087302 0.246882880952
TA.X32A.z -99.2854 34.4214 0.246085231481 0.245203777778
TA.S47A.z -86.8779 37.5946 0.24312377551 0.242212061224
TA.G04A.z -122.478 45.2059 0.249658034483 0.248646068966
TA.K14A.z -113.176 42.5452 0.252361106383 0.252979326241
TA.U60A.z -77.1596 36.4718 0.245683425743 0.245489029703
TA.K01A.z -124.469 42.8088 0.250059629032 0.250099790323
TA.109C.z -117.105 32.8889 0.253283093023 0.251944465116
TA.D49A.z -81.3562 47.2726 0.243453732394 0.243211746479
TA.T29A.z -101.294 37.1565 0.248789603774 0.246386528302
TA.O52A.z -81.8361 40.1158 0.242148428571 0.241597428571
TA.R17A.z -110.711 38.4187 0.253560916667 0.25125412963
TA.H46A.z -85.2034 44.5397 0.243338032258 0.242800698925
TA.L07A.z -119.34 42.0187 0.256477555556 0.255647838384
TA.KSCO.z -102.627 39.0112 0.247767451128 0.247016879699
TA.U54A.z -81.8204 36.5209 0.242710433071 0.242295417323
TA.O42A.z -90.0812 40.1956 0.245191575758 0.242769050505
TA.G03A.z -123.281 45.3153 0.247941985075 0.247120223881
TA.H47A.z -84.2062 44.5994 0.241275076923 0.241206269231
TA.SUTB.z -121.786 39.2291 0.253130649123 0.252926087719
TA.126A.z -104.02 32.6462 0.248634298077 0.246699951923
TA.C39A.z -90.1289 47.8171 0.246072045455 0.244984136364
TA.R46A.z -87.5114 38.2124 0.244260597701 0.242643137931
TA.S10A.z -116.595 37.923 0.255448162393 0.254585222222
TA.858A.z -81.3616 28.2126 0.244864126582 0.244776822785
TA.TPNV.z -116.249 36.9488 0.250531764706 0.251465617647
TA.N57A.z -77.5509 40.7556 0.244718052083 0.244545114583
TA.R44A.z -89.0809 38.2475 0.244799495238 0.244205933333
TA.D34A.z -95.1952 47.0851 0.2416743 0.2405983
TA.X42A.z -91.6262 34.5532 0.246834552941 0.246353152941
TA.S31A.z -99.4845 37.6193 0.245152615385 0.24526425
TA.HATC.z -121.461 40.8161 0.250682224138 0.250500862069
TA.MPM.z -117.489 36.058 0.251766820513 0.250576871795
TA.Q18A.z -110.133 39.1025 0.252633471698 0.249294037736
TA.L13A.z -113.944 42.0886 0.25357633945 0.254303981651
TA.N08A.z -118.134 40.7811 0.257463280899 0.254235033708
TA.G59A.z -73.1809 45.0807 0.248563146067 0.248289865169
TA.G64A.z -68.7558 45.2527 0.247306179775 0.247191325843
TA.ECSD.z -96.6141 43.7337 0.241556939394 0.241499848485
TA.Y59A.z -78.8737 33.9897 0.246332697368 0.247317157895
TA.T56A.z -80.0311 37.0288 0.245072656 0.245136248
TA.335A.z -97.4271 31.2819 0.247942236364 0.248665118182
TA.C08A.z -119.045 47.7849 0.250092962963 0.248974
TA.T12A.z -114.715 36.7256 0.2566870625 0.2571225625
TA.Y60A.z -78.2163 34.0046 0.2452893375 0.2444249
TA.I10A.z -116.803 44.086 0.250536964286 0.249976044643
TA.L49A.z -83.7672 42.1088 0.242458263158 0.242717494737
TA.L26A.z -103.079 42.0367 0.245640837838 0.244777099099
TA.M16A.z -111.63 41.3146 0.251849889908 0.24798859633
TA.M20A.z -108.187 41.4906 0.248913295652 0.247077113043
TA.D19A.z -108.88 47.1646 0.248396113402 0.247837659794
TA.K15A.z -112.531 42.6852 0.251507867925 0.251007018868
TA.B34A.z -94.6501 48.486 0.241790647059 0.240776423529
TA.M63A.z -72.0464 41.4038 0.243790404494 0.243999876404
TA.B35A.z -93.7261 48.3603 0.243081735294 0.242245303922
TA.R21A.z -107.55 38.3685 0.251412280702 0.251318912281
TA.J61A.z -72.5535 43.3462 0.245961588235 0.245773539216
TA.219A.z -109.259 31.9989 0.252093201923 0.251500038462
TA.P26A.z -103.346 39.5602 0.246566056604 0.245777443396
TA.R08A.z -118.106 38.3489 0.253703826087 0.253698097826
TA.Z57A.z -80.7039 33.297 0.247150442308 0.245628423077
TA.T05C.z -120.674 36.8953 0.252318 0.250909981132
TA.H23A.z -105.401 44.562 0.245990324324 0.245479504505
TA.T30A.z -100.527 37.0526 0.246575628571 0.24663887619
TA.U10A.z -116.33 36.4193 0.25368012037 0.253697435185
TA.G05A.z -121.317 45.2422 0.254993285714 0.252995678571
TA.HEC.z -116.335 34.8294 0.24857727027 0.251362108108
TA.Y51A.z -85.064 33.8993 0.243638615385 0.242987317308
TA.J29A.z -100.325 43.4061 0.244394042553 0.243343457447
TA.540A.z -93.9796 30.2093 0.251012807229 0.24826046988
TA.X59A.z -78.6023 34.572 0.243972215909 0.244609397727
TA.S32A.z -98.9363 37.7001 0.244424695652 0.243713686957
TA.T25A.z -104.411 37.1388 0.251343933824 0.251471397059
TA.737A.z -96.4402 28.7639 0.248713663043 0.247464880435
TA.R61A.z -75.339 38.3303 0.245031042105 0.244867452632
TA.Q16A.z -111.172 38.9176 0.253671322034 0.25291429661
TA.D23A.z -105.207 47.173 0.246622461538 0.245541548077
TA.X57A.z -80.094 34.4643 0.244620423729 0.244694610169
TA.H66A.z -67.3115 44.7859 0.247152833333 0.246800702381
TA.N14A.z -113.187 40.8513 0.255956453782 0.255381773109
TA.L22A.z -106.434 42.031 0.2492813 0.248820007143
TA.J46A.z -85.6466 43.3478 0.244776702128 0.242651021277
TA.934A.z -98.5192 27.6018 0.250432702479 0.248995305785
TA.P53A.z -81.3896 39.4868 0.247543062992 0.244242370079
TA.D11A.z -116.335 47.0477 0.246718438202 0.246037179775
TA.B19A.z -108.944 48.4551 0.245837397959 0.244550683673
TA.B14A.z -113.273 48.3609 0.248234585586 0.247026414414
TA.P56A.z -78.8386 39.5044 0.246725944444 0.247303435185
TA.035A.z -98.1023 26.9379 0.248055280702 0.248034912281
TA.655A.z -83.2552 29.5107 0.247147588235 0.247067494118
TA.061Z.z -80.907 25.8657 0.247576117021 0.247220255319
TA.S08C.z -118.171 37.4993 0.252918015152 0.254665590909
TA.ANMO.z -106.457 34.9459 0.25262565 0.25504895
TA.H21A.z -107.042 44.6277 0.244035861538 0.243337261538
TA.R58A.z -78.0034 38.2989 0.247298470588 0.246734431373
TA.K50A.z -82.6231 42.7749 0.240445364583 0.23961809375
TA.K27A.z -102.236 42.7036 0.245748546296 0.245615796296
TA.X24A.z -105.435 34.5646 0.252127776699 0.250663213592
TA.352A.z -84.9274 31.4793 0.246486752381 0.245262247619
TA.R58B.z -77.8787 37.9636 0.247090019231 0.247333519231
TA.M27A.z -102.387 41.5281 0.24668068932 0.244949601942
TA.U26A.z -103.744 36.3945 0.25002640367 0.248633642202
TA.546A.z -89.7191 30.233 0.249032018349 0.247992807339
TA.H12A.z -114.855 44.5494 0.251900816456 0.25297956962
TA.147A.z -88.2708 32.6738 0.246622371212 0.244684022727
TA.W12A.z -114.87 35.301 0.252622936937 0.252412072072
TA.U23A.z -106.192 36.3289 0.251000734513 0.250647814159
TA.E46A.z -84.3062 46.3665 0.241995346939 0.242161816327
TA.M62A.z -72.8939 41.4423 0.246711797753 0.24468488764
TA.O05C.z -120.918 39.962 0.252121823529 0.252616808824
TA.J56A.z -76.8579 43.276 0.244464647059 0.243285607843
TA.WHTX.z -97.4561 31.9913 0.249310053097 0.248264433628
TA.D32A.z -97.0164 47.1354 0.243032762376 0.241787514851
TA.M22A.z -106.596 41.4033 0.25046968 0.249131193333
TA.BRAL.z -87.0506 31.1687 0.242233135802 0.241820765432
TA.628A.z -102.888 29.4862 0.247896495868 0.24751477686
TA.117A.z -110.739 32.5716 0.257393666667 0.257249638095
TA.E50A.z -80.7378 46.4232 0.242963494253 0.241902712644
TA.645A.z -90.5966 29.4573 0.249278757895 0.248195505263
TA.059A.z -81.144 26.9671 0.244506659794 0.244198608247
TA.F41A.z -89.1046 45.7387 0.244502579545 0.242472340909
TA.PKME.z -69.2917 45.2644 0.244329382022 0.243473977528
TA.J08A.z -118.474 43.358 0.256391775701 0.257161149533
TA.T06C.z -119.709 37.0069 0.251370652174 0.252672492754
TA.R29A.z -101.138 38.4243 0.245415546296 0.244443916667
TA.S50A.z -84.4003 37.679 0.243854163636 0.244328781818
TA.S28A.z -101.898 37.5899 0.245505029126 0.243950291262
TA.R13A.z -113.969 38.1802 0.256033736842 0.255987631579
TA.T53A.z -82.535 36.9823 0.244584258333 0.243671608333
TA.J04A.z -122.109 43.2406 0.255567925373 0.255277791045
TA.WMOK.z -98.7807 34.7379 0.244886966667 0.2456102
TA.G13A.z -114.233 45.0931 0.250972969512 0.250236664634
TA.B15A.z -112.562 48.3129 0.247095156863 0.244148558824
TA.L12A.z -115.016 42.146 0.255380193277 0.256515285714
TA.T31A.z -99.6771 37.0977 0.246560476636 0.245267224299
TA.059Z.z -81.4432 26.3373 0.246265792079 0.24519309901
TA.W13A.z -113.885 35.099 0.253376686441 0.254058542373
TA.B16A.z -111.707 48.4128 0.247507537037 0.245260814815
TA.S42A.z -90.7939 37.77 0.243654551282 0.244333935897
TA.C15A.z -112.607 47.775 0.247870280374 0.246790327103
TA.W32A.z -99.2458 35.1238 0.246818880734 0.245390348624
TA.N62A.z -73.4677 40.9313 0.244798954023 0.242618551724
TA.B33A.z -95.588 48.2722 0.241167784615 0.242790538462
TA.J62A.z -71.8127 43.2262 0.245230230769 0.24507089011
TA.X45A.z -89.3931 34.4241 0.246470145833 0.245185604167
TA.J40A.z -90.7406 43.3965 0.243069236364 0.242282854545
TA.Z19A.z -109.266 33.2921 0.254464636364 0.255103020202
TA.U40A.z -92.8535 36.3563 0.243277948276 0.243488706897
TA.H13A.z -114.255 44.5642 0.250903923567 0.252118394904
TA.X60A.z -77.9768 34.5773 0.243057641304 0.243695945652
TA.Y32A.z -99.442 34.0036 0.247712682692 0.247404480769
TA.S54A.z -81.3114 37.7997 0.246357008197 0.246077278689
TA.N02C.z -123.306 40.822 0.249764422222 0.246706888889
TA.Y19A.z -109.254 33.9571 0.255161844828 0.255652836207
TA.J26A.z -103.075 43.3126 0.246364692982 0.246283412281
TA.DGMT.z -104.196 48.4702 0.245660794872 0.245023307692
TA.453A.z -84.3197 30.8541 0.247526642857 0.247179367347
TA.Y56A.z -81.3047 33.7922 0.247377402062 0.246069082474
TA.L36A.z -94.6676 42.1009 0.242070271845 0.24057661165
TA.A06A.z -121.48 49.0983 0.250297988889 0.250493677778
TA.R05C.z -120.076 38.7028 0.254138741935 0.252717241935
TA.B23A.z -104.991 48.4643 0.24729175 0.24696592
TA.R55A.z -80.1195 38.2825 0.24567355303 0.246051916667
TA.L33A.z -97.2724 42.1659 0.243391409524 0.243220390476
TA.356A.z -82.1275 31.3247 0.247401494737 0.245386926316
TA.D46A.z -84.0357 46.891 0.242476186441 0.24256270339
TA.T11A.z -115.22 37.2408 0.258070277311 0.257815731092
TA.R60A.z -76.5807 38.2684 0.246724990741 0.246427435185
TA.S37A.z -94.8279 37.7597 0.24378927451 0.243530078431
TA.F64A.z -68.3496 45.8633 0.246164543478 0.245844923913
TA.N18A.z -109.673 40.9763 0.249193568807 0.247575614679
TA.O35A.z -95.9097 40.2665 0.245264095652 0.2436532
TA.MIAR.z -93.5765 34.5454 0.245531141844 0.244246411348
TA.O07A.z -118.877 40.1614 0.255011633803 0.253121338028
TA.E22A.z -105.949 46.4386 0.246707897196 0.245772794393
TA.K43A.z -88.332 42.7044 0.24454565 0.2422660625
TA.Q23A.z -105.834 38.9045 0.250154008772 0.249560403509
TA.N37A.z -94.2095 40.7582 0.243023247706 0.241071587156
TA.T43A.z -90.2878 37.0833 0.242388325581 0.241840313953
TA.B13A.z -114.468 48.3739 0.246569935065 0.246647448052
TA.V55A.z -81.2149 35.8518 0.245440243902 0.243712317073
TA.O49A.z -84.3353 40.188 0.24053147619 0.241845066667
TA.TUQ.z -115.924 35.4358 0.252318232558 0.252443
TA.G42A.z -88.4277 45.2418 0.242343604938 0.24207117284
TA.I21A.z -107.292 43.8122 0.248781007576 0.24803119697
TA.K28A.z -101.367 42.7136 0.245113933962 0.244945839623
TA.FMP.z -118.294 33.7126 0.250722848485 0.249501393939
TA.I05A.z -121.268 44.1626 0.255128283951 0.255650654321
TA.062Z.z -81.0523 24.7266 0.24913263964 0.248764324324
TA.222A.z -107.101 32.1046 0.253542840708 0.254244716814
TA.J11A.z -115.828 43.4151 0.254279527559 0.254476464567
TA.441A.z -93.1898 30.7498 0.248828278846 0.247382932692
TA.F46A.z -84.7586 45.7737 0.244704858696 0.24454323913
TA.V17A.z -110.794 35.6218 0.250965966667 0.2518282
TA.FUR.z -116.863 36.4672 0.251858911111 0.249891444444
TA.VBMS.z -90.5177 32.2185 0.244626486957 0.245264313043
TA.E17A.z -110.858 46.462 0.248817910891 0.248442277228
TA.I03A.z -123.278 43.9726 0.251573079365 0.251555301587
TA.M26A.z -103.143 41.4661 0.246284796117 0.245360854369
TA.D56A.z -74.7568 47.0485 0.242600074074 0.241114814815
TA.B32A.z -96.5363 48.3951 0.241226177215 0.24294435443
TA.442A.z -92.4314 30.7119 0.24759090566 0.246931330189
TA.BNLO.z -122.173 37.1311 0.252649584906 0.253028056604
TA.220A.z -108.527 31.9041 0.254657257143 0.254535028571
TA.I57A.z -75.6599 43.9377 0.246393548387 0.245240655914
TA.R26A.z -103.447 38.3009 0.24709565812 0.246147111111
TA.B18A.z -109.777 48.3943 0.249559666667 0.248163060606
TA.K63A.z -71.5283 42.6888 0.244541541667 0.244447270833
TA.C22A.z -105.884 47.7456 0.245374903226 0.246142032258
TA.L19A.z -109.357 42.1012 0.244504247788 0.24349939823
TA.L65A.z -70.0528 42.0295 0.244952256098 0.245415585366
TA.X50A.z -85.6486 34.4596 0.243167571429 0.242649714286
TA.F25A.z -103.458 45.9256 0.244537363636 0.242939652893
TA.LRAL.z -86.9978 33.0348 0.244160307692 0.242135351648
TA.O44A.z -88.4671 40.1526 0.245127516129 0.243549903226
TA.I08A.z -118.569 43.9104 0.252973737374 0.254466070707
TA.J48A.z -83.7849 43.2986 0.243777673267 0.242868594059
TA.Z55A.z -82.1359 33.2211 0.246841264706 0.245987088235
TA.T35A.z -96.5121 36.9161 0.24458394382 0.244497146067
TA.L44A.z -87.9119 42.1782 0.244531202247 0.24389294382
TA.Z45A.z -89.6913 33.3705 0.243746301075 0.24232344086
TA.CBN.z -77.3732 38.2046 0.247496029703 0.245404465347
TA.H34A.z -95.777 44.6673 0.242265150943 0.241416283019
TA.L63A.z -71.6095 41.8631 0.246084622222 0.245745733333
TA.A08A.z -119.272 48.9534 0.253927606061 0.254603575758
TA.157A.z -80.9972 32.678 0.245122347107 0.245067380165
TA.G29A.z -99.9234 45.1926 0.245696082645 0.244257140496
TA.S16A.z -111.596 37.7222 0.250353762376 0.250966990099
TA.C30A.z -98.4783 47.7026 0.242594176991 0.242186681416
TA.S13A.z -113.86 37.5808 0.257558219512 0.256962853659
TA.Q61A.z -75.3256 38.8799 0.245975097087 0.245529631068
TA.221A.z -107.778 32.0094 0.252959981481 0.252930453704
TA.I26A.z -102.86 44.0309 0.246460412281 0.245158210526
TA.O51A.z -82.6056 40.147 0.243501444444 0.243855803419
TA.P47A.z -86.2699 39.4869 0.242857244186 0.240720313953
TA.H19A.z -108.986 44.6704 0.247893267717 0.246507834646
TA.D47A.z -83.1038 47.0558 0.242942470588 0.243764784314
TA.E26A.z -102.462 46.4712 0.243623230159 0.242952626984
TA.X26A.z -103.81 34.5508 0.250870626168 0.248696785047
TA.I07A.z -119.504 44.082 0.253249527273 0.254947927273
TA.229A.z -101.811 31.9671 0.243502761905 0.243181933333
TA.K58A.z -75.6473 42.7633 0.247031346535 0.246271930693
TA.W30A.z -100.577 35.1818 0.247126938144 0.248261030928
TA.D52A.z -78.4117 46.9764 0.243381216216 0.243123864865
TA.H42A.z -88.5311 44.5091 0.243698206897 0.241840609195
TA.553A.z -84.4317 30.189 0.245804829787 0.245669255319
TA.A30A.z -98.3009 48.9402 0.245060966387 0.244838310924
TA.L60A.z -74.2226 41.989 0.245807737374 0.245826434343
TA.959A.z -80.8791 27.524 0.245278 0.245460395604
TA.H38A.z -92.282 44.6753 0.242020926316 0.241396947368
TA.B21A.z -107.017 48.4278 0.247115941176 0.245525264706
TA.F03A.z -123.559 45.9306 0.247454569767 0.247560872093
TA.K56A.z -77.3244 42.6981 0.24665953 0.24532554
TA.PAL.z -73.9079 41.0056 0.245842777778 0.244731157407
TA.O02C.z -122.788 40.1767 0.251752208955 0.250241268657
TA.M33A.z -97.195 41.5726 0.241711771429 0.242216333333
TA.150A.z -86.022 32.6067 0.242367317647 0.243502494118
TA.P44A.z -88.6209 39.4676 0.24269053012 0.24225446988
TA.T59A.z -77.5541 36.9716 0.243388677083 0.24320440625
TA.L48A.z -84.4329 41.9438 0.244575801887 0.243640188679
TA.F39A.z -90.919 45.9153 0.243417802083 0.242725916667
TA.SMM.z -119.996 35.3142 0.251066431818 0.25133125
TA.K19A.z -108.847 42.8247 0.245544555556 0.244873240741
TA.149A.z -86.7916 32.5983 0.243892333333 0.243341111111
TA.E33A.z -96.0054 46.5035 0.243726093458 0.242906214953
TA.L11A.z -115.754 42.1669 0.255802956897 0.256112301724
TA.H62A.z -71.1559 44.5743 0.24620510989 0.246250549451
TA.T32A.z -98.9247 37.1797 0.247913316239 0.247360452991
TA.C19A.z -109.049 47.7343 0.245696396226 0.244646075472
TA.N17A.z -110.834 40.9425 0.24749539604 0.246144891089
TA.455A.z -83.026 30.7422 0.24584112037 0.244795777778
TA.T55A.z -80.7843 37.117 0.243086934959 0.243197626016
TA.B07A.z -120.12 48.4607 0.249311295918 0.249357979592
TA.W29A.z -101.648 35.1212 0.246288717172 0.248484515152
TA.L55A.z -78.4368 42.1831 0.241751522727 0.241239147727
TA.D06A.z -120.844 47.1935 0.249741188889 0.2501353
TA.V42A.z -91.39 35.806 0.245688414894 0.245395851064
TA.146A.z -89.0573 32.6368 0.243174243697 0.242020605042
TA.J03A.z -122.965 43.3717 0.249287 0.249106489796
TA.135A.z -97.4099 32.5573 0.247671964602 0.247817256637
TA.J59A.z -74.5041 43.4647 0.24762902 0.24764672
TA.N10A.z -116.508 40.7186 0.252451789474 0.254902061404
TA.G43A.z -87.6861 45.2572 0.24339788764 0.241570898876
TA.Z53A.z -83.5713 33.2801 0.244935294118 0.24412925
TA.D59A.z -71.8358 47.0073 0.245124244444 0.244201955556
TA.148A.z -87.571 32.6469 0.246516662651 0.243306204819
TA.C12B.z -115.475 47.7092 0.247228130841 0.247786345794
TA.Z24A.z -105.365 33.3298 0.247057054795 0.247423671233
TA.W47A.z -87.5946 35.2511 0.2421651 0.241126757143
TA.E61A.z -70.489 46.4312 0.246979077778 0.246162977778
TA.N32A.z -98.2955 40.7639 0.246527212598 0.244955480315
TA.I24A.z -104.626 43.8594 0.248672036036 0.249842792793
TA.C27A.z -101.503 47.7139 0.24421927619 0.244104733333
TA.D53A.z -77.7001 47.0795 0.242668652174 0.242559492754
TA.452A.z -85.183 30.8492 0.251331595238 0.250235714286
TA.G61A.z -71.5273 45.2827 0.245907452632 0.245569094737
TA.T49A.z -85.5334 37.105 0.244847727273 0.244789878788
TA.J06A.z -120.153 43.2515 0.254319430108 0.255317344086
TA.F34A.z -95.2581 45.7954 0.24167571 0.24031082
TA.L64A.z -70.8391 41.9359 0.245586031915 0.245629978723
TA.N34A.z -96.5005 40.8378 0.243329445545 0.242309940594
TA.D13A.z -114.459 47.0943 0.248158768212 0.247619092715
TA.248A.z -87.7393 32.094 0.248862052174 0.247689878261
TA.Q44A.z -89.017 38.9032 0.242518481481 0.241786351852
TA.J10A.z -116.767 43.4275 0.253672466102 0.253124661017
TA.H48A.z -83.3249 44.7006 0.242117290323 0.241639655914
TA.M12A.z -114.915 41.4157 0.252665466102 0.253614855932
TA.155A.z -82.4665 32.6219 0.248136468468 0.24807036036
TA.S51A.z -83.5935 37.6392 0.243199933962 0.242429433962
TA.S43A.z -90.0754 37.5716 0.242597580645 0.242609129032
TA.R30A.z -100.277 38.2844 0.245297943396 0.244838669811
TA.W59A.z -78.443 35.1673 0.246434612245 0.246616989796
TA.Z23A.z -106.232 33.2621 0.249728362319 0.250428826087
TA.C35A.z -93.9763 47.7007 0.243341 0.241784978261
TA.S55A.z -80.5013 37.7724 0.244241752212 0.244122115044
TA.M51A.z -82.1831 41.3321 0.243727227941 0.242662036765
TA.W42A.z -91.5224 35.2732 0.246446166667 0.245090035714
TA.A28A.z -100.267 48.9096 0.243088060345 0.242819982759
TA.657A.z -81.8665 29.5852 0.249022473684 0.248578052632
TA.G06A.z -120.635 45.2357 0.254704364407 0.253297355932
TA.F49A.z -82.0423 45.7627 0.241497409836 0.241998040984
TA.152A.z -84.7188 32.6686 0.248521989899 0.246940838384
TA.340A.z -93.8896 31.4167 0.249935196429 0.250139446429
TA.H27A.z -102.077 44.6329 0.244698306306 0.243391963964
TA.Z22A.z -106.964 33.2555 0.252944728261 0.252985543478
TA.B10A.z -117.225 48.2995 0.24969931068 0.248375446602
TA.A19A.z -108.743 48.9286 0.248425889908 0.247541743119
TA.RCT.z -119.244 36.3052 0.254825930233 0.253923209302
TA.V20A.z -108.466 35.7992 0.252575732143 0.250853473214
TA.G18A.z -109.563 45.3171 0.247539981481 0.247572388889
TA.V32A.z -99.0437 35.7202 0.248173891892 0.245995081081
TA.LGU.z -119.066 34.1082 0.256340321429 0.253261607143
TA.U55A.z -81.0472 36.5023 0.244571322314 0.243905157025
TA.327A.z -103.492 31.3691 0.247272692308 0.247542913462
TA.O03C.z -122.032 39.9971 0.251289288136 0.250157711864
TA.J63A.z -71.0781 43.2792 0.243096238636 0.242246659091
TA.L41A.z -90.4977 42.0751 0.243814827586 0.244082077586
TA.MCWV.z -79.8456 39.6581 0.243992744186 0.242219569767
TA.319A.z -109.281 31.3757 0.252190355769 0.251728278846
TA.Q34A.z -96.9408 38.9214 0.24202599 0.24169704
TA.GOGA.z -83.4666 33.4112 0.246230622449 0.245044795918
TA.Q13A.z -114.02 38.9551 0.253854427184 0.254466640777
TA.O33A.z -97.5845 40.0755 0.24362995 0.243088733333
TA.T24B.z -105.382 37.0624 0.245593568182 0.248328545455
TA.Q56A.z -79.1871 39.041 0.245128371134 0.245561381443
TA.F29A.z -99.8273 45.8336 0.242656051724 0.241495836207
TA.539A.z -94.7236 30.1084 0.251049654321 0.248822197531
TA.T34A.z -97.1883 37.0222 0.241873604167 0.2426435
TA.LONY.z -74.5829 44.6197 0.242340260417 0.241381583333
TA.Q53A.z -81.5251 38.8586 0.245259104839 0.248207072581
TA.H24A.z -104.552 44.7473 0.245883053571 0.247383910714
TA.N42A.z -90.0345 40.829 0.245614768293 0.246489121951
TA.I13A.z -114.117 43.9146 0.252709634731 0.253645724551
TA.P21A.z -107.449 39.524 0.249793389381 0.250892946903
TA.T27A.z -102.721 37.0614 0.244752476636 0.243302392523
TA.444A.z -90.7463 30.7153 0.250084145631 0.250523446602
TA.I02A.z -123.83 44.0035 0.252831985507 0.253464289855
TA.P20A.z -108.391 39.4998 0.249247672566 0.250008185841
TA.R04C.z -120.936 38.2571 0.254626846154 0.253895892308
TA.S14A.z -113.168 37.7601 0.254483336283 0.254912654867
TA.Y22A.z -106.965 33.937 0.253189577778 0.2523142
TA.O24A.z -105.073 40.1227 0.249643038095 0.24898147619
TA.D09A.z -118.309 47.0615 0.253653113208 0.252555028302
TA.Q47A.z -86.4261 38.9362 0.244295277108 0.243461903614
TA.734A.z -98.5576 28.8473 0.249386704918 0.248836581967
TA.W14A.z -113.083 35.2127 0.254145438596 0.256889026316
TA.O28A.z -101.773 40.1262 0.245116242718 0.244121737864
TA.CBKS.z -99.7374 38.814 0.246592631579 0.246002315789
TA.Y18A.z -110.034 33.7776 0.253434458824 0.253380329412
TA.C06A.z -120.894 47.923 0.249479443038 0.249918531646
TA.Y37A.z -95.621 33.9789 0.246619456522 0.245955663043
TA.X15A.z -112.237 34.4866 0.253485019231 0.254085471154
TA.P39A.z -92.7549 39.4877 0.243890388889 0.243638944444
TA.555A.z -82.9666 30.1212 0.249259190476 0.247899369048
TA.K12A.z -114.903 42.636 0.255037891667 0.256907583333
TA.N44A.z -88.1333 40.7953 0.243453954023 0.244100137931
TA.957A.z -82.2357 27.6702 0.245749354839 0.245574306452
TA.U41A.z -91.9203 36.344 0.245223727273 0.245321363636
TA.J24A.z -104.661 43.3305 0.245823893443 0.24628395082
TA.R16A.z -111.483 38.2843 0.253745934579 0.253790046729
TA.P09A.z -117.14 39.5516 0.255265466667 0.254889322222
TA.Z36A.z -96.4344 33.2702 0.250319547619 0.249091785714
TA.I62A.z -71.3359 43.8743 0.246257968085 0.245988319149
TA.123A.z -106.262 32.6349 0.253958126316 0.255135263158
TA.BINY.z -75.9861 42.1993 0.245280732673 0.244223039604
TA.Z40A.z -93.3995 33.2584 0.247763340206 0.248887051546
TA.SSPA.z -77.8876 40.6358 0.243302623656 0.242994344086
TA.C17A.z -110.763 47.6327 0.247884308411 0.246854364486
TA.435B.z -97.585 30.7827 0.249413517857 0.248067276786
TA.F43A.z -87.1694 45.8313 0.2411815 0.240293727273
TA.D20A.z -108.136 47.0911 0.247979590476 0.246606009524
TA.MDND.z -99.6029 47.8481 0.247805790909 0.247209172727
TA.T21A.z -107.534 36.9914 0.251528654321 0.252231938272
TA.SDCO.z -105.501 37.7456 0.24799062963 0.249984481481
TA.O19A.z -109.124 40.2982 0.250604333333 0.249286424242
TA.F63A.z -69.1029 45.703 0.243668066667 0.244040377778
TA.J43A.z -88.4185 43.3808 0.24400997561 0.243351121951
TA.H07A.z -119.565 44.5913 0.254687490385 0.255777778846
TA.K29A.z -100.318 42.7612 0.245124933333 0.243935980952
TA.RLMT.z -109.267 45.1221 0.250740595238 0.250695333333
TA.F51A.z -79.915 45.9284 0.2412238625 0.2425565875
TA.332A.z -99.7423 31.3829 0.247503226087 0.246074695652
TA.M21A.z -107.364 41.6067 0.249111336842 0.247422126316
TA.N60A.z -75.1 40.8704 0.244508604167 0.244035104167
TA.U29A.z -101.27 36.4519 0.249447932039 0.247535
TA.S04C.z -121.328 37.5049 0.255429111111 0.254968587302
TA.242A.z -92.1521 32.0617 0.24719936036 0.246890423423
TA.V36A.z -95.9425 35.7863 0.243835980769 0.243891865385
TA.223A.z -106.428 32.0062 0.253638 0.252505707547
TA.N46A.z -86.7352 40.8949 0.2443787875 0.24456805
TA.H20A.z -107.999 44.4868 0.245232969697 0.243682227273
TA.U30A.z -100.651 36.5304 0.247216866071 0.245614589286
TA.G54A.z -78.0898 45.3979 0.241954405797 0.241354057971
TA.M14A.z -113.347 41.503 0.253948568807 0.252896330275
TA.Q42A.z -90.5331 38.912 0.244307244898 0.243934887755
TA.L21A.z -107.369 41.9641 0.249359420561 0.247995915888
TA.V35A.z -96.8378 35.7626 0.244741574074 0.244159055556
TA.F36A.z -93.5241 45.8618 0.241904071429 0.2419313125
TA.D63A.z -68.1066 47.037 0.245393699029 0.245673980583
TA.L17A.z -110.873 42.0995 0.248053898876 0.248922719101
TA.E32A.z -97.0701 46.5927 0.242068791209 0.241390197802
TA.060A.z -80.3618 27.0361 0.246644215686 0.246662647059
TA.F40A.z -90.1217 45.919 0.244342673913 0.243377032609
TA.C33A.z -95.7725 47.7586 0.243361 0.24281053125
TA.G46A.z -84.8621 45.3176 0.242091904255 0.241757234043
TA.V22A.z -106.909 35.9138 0.252738504202 0.252144411765
TA.454A.z -83.6302 30.7145 0.245912787879 0.245623828283
TA.K30A.z -99.6131 42.6742 0.244524833333 0.244371236842
TA.K10A.z -116.87 42.7779 0.253688172131 0.253586983607
TA.440A.z -93.9587 30.7456 0.249779734177 0.246624860759
TA.I63A.z -70.5809 44.0505 0.247618224719 0.247228258427
TA.MONP2.z -116.422 32.892 0.25164925 0.250902138889
TA.KSU1.z -96.6094 39.1009 0.243045 0.24246164
TA.L31A.z -98.8387 42.176 0.246519568 0.245663568
TA.449A.z -87.2151 30.7596 0.248616952941 0.249726341176
TA.X44A.z -90.1462 34.4998 0.246508033333 0.244773866667
TA.V52A.z -83.5959 35.8417 0.246181615385 0.24671356044
TA.W58A.z -79.2333 35.0208 0.246336989583 0.247089572917
TA.N15A.z -112.52 40.8903 0.252270861314 0.251331861314
TA.C28A.z -100.387 47.7157 0.241448915888 0.241744018692
TA.TZTN.z -83.549 36.5439 0.24233659596 0.241418868687
TA.H29A.z -100.213 44.6261 0.245704712871 0.245301178218
TA.H43A.z -87.7704 44.4697 0.244298910256 0.241781641026
TA.443A.z -91.7809 30.7642 0.249546754545 0.248468627273
TA.A17A.z -110.699 48.9448 0.247984571429 0.24592155102
TA.E53A.z -77.6638 46.3784 0.238870492958 0.239405084507
TA.451A.z -85.7467 30.616 0.248997160494 0.247320061728
TA.B25A.z -103.161 48.2716 0.245197561404 0.244462421053
TA.W36A.z -96.2264 35.1393 0.244949214953 0.244946841121
TA.H53A.z -78.5832 44.5736 0.243082 0.242640657534
TA.122A.z -107.001 32.6995 0.254833952381 0.256111390476
TA.H58A.z -74.1798 44.4176 0.246260670213 0.245182989362
TA.C04A.z -122.972 47.7172 0.248079230769 0.246440512821
TA.N36A.z -94.9604 40.8156 0.24516561165 0.243650582524
TA.P23A.z -105.839 39.3741 0.24819066055 0.247831706422
TA.V57A.z -79.7758 35.8875 0.245285863636 0.244961236364
TA.L08A.z -118.344 42.1901 0.256434914894 0.256975542553
TA.ARV.z -118.83 35.1269 0.253769057143 0.253344457143
TA.N19A.z -109.177 40.8936 0.248299010309 0.247333175258
TA.L50A.z -82.8095 42.043 0.24344614 0.24211434
TA.236A.z -96.531 31.9997 0.247428510204 0.245829989796
TA.U13A.z -113.965 36.4151 0.256202683333 0.257901091667
TA.J49A.z -83.1389 43.36 0.244225306931 0.24236850495
TA.B04A.z -123.504 48.0575 0.253507988095 0.252428333333
TA.538A.z -95.49 30.2219 0.247319841584 0.24710350495
TA.B11A.z -116.367 48.4366 0.250716032609 0.249140728261
TA.Y29A.z -101.671 33.8602 0.247118076923 0.246808747253
TA.K25A.z -103.87 42.612 0.248980245614 0.248290578947
TA.F33A.z -96.2929 45.8398 0.242925254717 0.241523603774
TA.HAST.z -121.551 36.3887 0.251593666667 0.251299981481
TA.253A.z -84.1294 32.0612 0.247637699029 0.244908223301
TA.234A.z -98.1368 32.004 0.246068888889 0.24459542735
TA.N29A.z -100.626 40.8189 0.244393460784 0.244806735294
TA.O58A.z -76.9228 40.1231 0.244116514286 0.242892590476
TA.M65A.z -70.6466 41.562 0.243945605263 0.244049934211
TA.F24A.z -104.445 45.8452 0.246637650485 0.245525640777
TA.X47A.z -87.8571 34.5178 0.243172402597 0.241968714286
TA.Y13A.z -113.829 33.8142 0.255834184466 0.253380097087
TA.V13A.z -113.984 35.8522 0.256388531532 0.256830027027
TA.S40A.z -92.5014 37.5988 0.243099871287 0.242308623762
TA.G36A.z -93.7509 45.2344 0.24262887963 0.243930731481
TA.Q21A.z -107.574 38.8347 0.251548292035 0.252647646018
TA.GSC.z -116.806 35.3018 0.252084342105 0.253864342105
TA.P22A.z -106.759 39.5952 0.250031168142 0.249157946903
TA.X31A.z -99.9793 34.6309 0.246919207547 0.246669433962
TA.554A.z -83.6836 30.0841 0.248065917808 0.246017506849
TA.224A.z -105.523 32.076 0.250336526786 0.2502638125
TA.L02A.z -123.602 42.156 0.252829641791 0.253970970149
TA.B26A.z -102.234 48.3762 0.243738653465 0.242293019802
TA.N09A.z -117.524 40.852 0.256512882979 0.2552795
TA.E31A.z -97.8879 46.5583 0.243594129032 0.241672827957
TA.Y36A.z -96.2848 33.8996 0.246473585859 0.244767919192
TA.J19A.z -109.053 43.2649 0.248677429688 0.247768101562
TA.141A.z -92.9049 32.6046 0.248604936937 0.247812189189
TA.R52A.z -82.6443 38.3366 0.245488157895 0.245146482456
TA.T18A.z -109.874 37.1364 0.252714623853 0.251775688073
TA.D60A.z -70.9237 46.9139 0.245208010638 0.244149542553
TA.F59A.z -72.7833 45.8513 0.246295613861 0.24452409901
TA.L28A.z -101.52 42.0073 0.246217741071 0.245105464286
TA.Y16A.z -111.478 33.8798 0.253896 0.254988277778
TA.A12A.z -115.653 48.9339 0.247756885906 0.248065422819
TA.A07A.z -120.384 49.048 0.251360881188 0.25184970297
TA.L16A.z -111.432 42.0149 0.250743819672 0.249107360656
TA.L56A.z -77.5591 42.1365 0.243473851064 0.243225382979
TA.U34A.z -97.5354 36.4365 0.245533963636 0.244773272727
TA.P14A.z -113.069 39.5906 0.256965587629 0.257848463918
TA.I33A.z -96.7989 44.0475 0.24175740708 0.240868884956
TA.D15A.z -112.52 47.0418 0.248650687898 0.247702350318
TA.X13A.z -113.83 34.5935 0.252473476636 0.252603588785
TA.A05A.z -122.085 48.9983 0.248853893617 0.249074244681
TA.P41A.z -91.0619 39.675 0.242955752577 0.243129773196
TA.R48A.z -85.8714 38.4001 0.242240727273 0.241866428571
TA.S53A.z -82.1264 37.6815 0.245097869919 0.244376894309
TA.K06A.z -120.251 42.7991 0.253837938462 0.255511738462
TA.L47A.z -85.2021 41.9756 0.242316947368 0.240821710526
TA.O56A.z -78.5663 40.2683 0.245892833333 0.244907546296
TA.I41A.z -89.8697 44.0592 0.242863960396 0.242941554455
TA.N07B.z -118.971 40.7797 0.257828946237 0.256005247312
TA.T16A.z -111.506 36.9839 0.252810535714 0.254018964286
TA.136A.z -96.5297 32.4746 0.247786268817 0.245564462366
TA.R32A.z -98.7111 38.4225 0.244807464912 0.243884640351
TA.JFWS.z -90.2481 42.9142 0.242927047059 0.242221164706
TA.RSSD.z -104.036 44.1212 0.245512448276 0.245331114943
TA.E34A.z -95.1691 46.5136 0.241429156863 0.241033921569
TA.C03A.z -124.566 47.9475 0.249747731183 0.249448677419
TA.M03C.z -122.122 41.2742 0.248719131148 0.250279098361
TA.O21A.z -107.47 40.2149 0.251640051724 0.251992534483
TA.R56A.z -79.4031 38.4071 0.245130742268 0.245602175258
TA.W52A.z -83.9277 35.0935 0.2416376875 0.241735321429
TA.445A.z -90.338 30.7303 0.249685875 0.249381461538
TA.A25A.z -103.113 48.9388 0.248450733945 0.247316779817
TA.H36A.z -93.9281 44.5775 0.243576565217 0.243439904348
TA.N56A.z -78.2953 40.9171 0.245028843137 0.245532666667
TA.G16A.z -111.805 45.2285 0.251780237624 0.252142326733
TA.X41A.z -92.5137 34.4949 0.245518927273 0.244579381818
TA.V62A.z -75.957 35.5612 0.245254089109 0.244246910891
TA.G23A.z -105.391 45.2012 0.24498398 0.2457279
TA.631A.z -100.576 29.4123 0.246631247706 0.246624027523
TA.Z42A.z -91.9474 33.2739 0.248089469388 0.247934367347
TA.P17A.z -110.74 39.473 0.251863921053 0.250110280702
TA.A32A.z -96.4935 48.9172 0.242871022989 0.243627436782
TA.B20A.z -108.021 48.4389 0.24635770297 0.243836524752
TA.D26A.z -102.436 47.0301 0.244121275229 0.242314522936
TA.P05C.z -120.608 39.3028 0.2522103 0.252724816667
TA.P51A.z -83.0601 39.4818 0.244366514493 0.243735623188
TA.A10A.z -117.559 48.9813 0.250295269231 0.250593076923
TA.I15A.z -112.485 43.9997 0.253717513761 0.255192009174
TA.T51A.z -83.9454 36.9655 0.245873470588 0.244277490196
TA.O26A.z -103.313 40.2422 0.246565315789 0.246026254386
TA.K40A.z -91.1383 42.6999 0.243050757009 0.241635654206
TA.P11A.z -115.754 39.553 0.253409102362 0.253339377953
TA.214A.z -112.812 31.9559 0.251785639344 0.251638672131
TA.B12A.z -115.589 48.4694 0.246431899281 0.24656123741
TA.I53A.z -79.5912 43.8238 0.244595928571 0.243361585714
TA.X43A.z -90.8812 34.518 0.247112529412 0.245210317647
TA.124A.z -105.454 32.7001 0.250164040404 0.252048373737
TA.T54A.z -81.5762 37.0608 0.24468007563 0.243703663866
TA.732A.z -99.9707 28.7292 0.247251882353 0.248013852941
TA.T22A.z -106.903 37.0138 0.25068595122 0.252637414634
TA.Q37A.z -94.4522 38.8763 0.244559048 0.24393272
TA.F19A.z -108.944 45.8538 0.247300132075 0.245490433962
TA.C26A.z -102.096 47.8259 0.244779771429 0.24281347619
TA.J15A.z -112.433 43.3998 0.251976188119 0.25461049505
TA.I23A.z -105.463 43.9605 0.245177916667 0.245448675
TA.Q48A.z -85.7311 38.9295 0.245010838095 0.24420732381
TA.Z43A.z -91.2441 33.21 0.244573646465 0.245807848485
TA.Y41A.z -92.6113 33.8807 0.246077609091 0.246361890909
TA.N23A.z -105.944 40.8947 0.25078475 0.249957396552
TA.133A.z -98.9162 32.6083 0.244943815789 0.243756122807
TA.I38A.z -92.3306 44.0405 0.242089017241 0.241869431034
TA.W19A.z -109.388 35.1118 0.249336729167 0.248949
TA.J05A.z -121.236 43.2843 0.256582985507 0.256391275362
TA.V05C.z -119.903 35.8667 0.251939135593 0.251097745763
TA.S17A.z -110.802 37.6354 0.249398572816 0.248434834951
TA.J42A.z -89.1234 43.3179 0.242894581395 0.242452476744
TA.Z29A.z -101.706 33.2595 0.2445735 0.243507328947
TA.M08A.z -118.379 41.4483 0.2566845 0.25754875
TA.KMSC.z -81.3333 35.142 0.241621598361 0.241034459016
TA.O60A.z -75.405 40.3177 0.245117881188 0.244240950495
TA.K11A.z -116.032 42.7713 0.255975719626 0.256878158879
TA.Y50A.z -85.7347 33.8911 0.243933560976 0.243640487805
TA.Z13A.z -113.657 33.1999 0.25177778 0.25154968
TA.228A.z -102.592 32.118 0.245112203883 0.245962038835
TA.060Z.z -80.556 26.4062 0.247622464286 0.247375357143
TA.134A.z -98.0795 32.5729 0.244642224138 0.244325965517
TA.N63A.z -72.5206 40.9878 0.244503918605 0.245396988372
TA.448A.z -87.8608 30.9309 0.24753585 0.248446541667
TA.P13A.z -114.016 39.455 0.253981153846 0.256012788462
TA.S49A.z -85.2875 37.7849 0.244699169643 0.244845401786
TA.B17A.z -110.799 48.2921 0.247665765957 0.245213680851
TA.058A.z -81.8049 27.0569 0.246862894737 0.244997610526
TA.T39A.z -93.3774 37.0241 0.242976173077 0.244095125
TA.N40A.z -91.5837 40.8841 0.24229197 0.24176831
TA.T52A.z -82.9852 37.1076 0.245138394231 0.243489894231
TA.R57A.z -78.5232 38.297 0.245624127451 0.245844333333
TA.N53A.z -80.8377 40.8065 0.243179009174 0.242009834862
TA.P25A.z -104.168 39.5125 0.249152252427 0.248154203883
TA.I29A.z -100.303 44.0215 0.244724807018 0.24412495614
TA.F42A.z -88.1347 45.7587 0.240325347368 0.239848968421
TA.K52A.z -80.7139 42.7805 0.2426365 0.241680418367
TA.Q22A.z -106.91 38.8627 0.249108241071 0.249278223214
TA.HDIL.z -89.294 40.5559 0.243693583333 0.242442385417
TA.526A.z -104.09 30.0609 0.247816745283 0.249218113208
TA.857A.z -82.2291 28.267 0.24440345 0.244638816667
TA.V45A.z -88.9591 35.7403 0.246287 0.246671053191
TA.U37A.z -95.1161 36.406 0.247457697917 0.245403947917
TA.E41A.z -88.9636 46.4643 0.242158639535 0.24200994186
TA.C34A.z -94.9106 47.6501 0.24261225 0.241674693182
