TA.324A.z -105.483 31.4425 0.258525946903 0.257853628319
TA.118A.z -109.97 32.6399 0.259311433333 0.258805758333
TA.O10A.z -116.5 40.2917 0.26310552459 0.262548106557
TA.Z17A.z -110.472 33.2969 0.26105177 0.26147049
TA.TIGA.z -83.5898 31.4389 0.24749212931 0.246431258621
TA.M11A.z -115.791 41.4311 0.262182740157 0.262370527559
TA.H14A.z -113.367 44.6165 0.261550683333 0.262218933333
TA.F48A.z -82.6185 45.8278 0.246695845528 0.24676800813
TA.L05A.z -120.834 42.0472 0.26562815625 0.26493015625
TA.Q50A.z -83.979 38.8436 0.247179808 0.246823584
TA.U15A.z -112.291 36.428 0.262212010417 0.261606739583
TA.B28A.z -100.362 48.4492 0.247378992063 0.247546349206
TA.B05A.z -122.096 48.2641 0.254118926829 0.254450695122
TA.M47A.z -85.6214 41.3594 0.245095119658 0.244734452991
TA.R50A.z -84.3274 38.2816 0.247383744 0.247438224
TA.W18A.z -109.736 35.1181 0.260010965517 0.260053939655
TA.M04C.z -121.839 41.7826 0.261392439394 0.263158575758
TA.635A.z -97.7736 29.3877 0.249791288136 0.250751542373
TA.A15A.z -112.733 48.9777 0.251031059322 0.249885677966
TA.EYMN.z -91.4953 47.9462 0.2448558 0.245188328
TA.Q26A.z -103.52 38.9234 0.250695822034 0.250438576271
TA.K04A.z -121.731 42.6133 0.262728 0.262895308824
TA.J28A.z -101.236 43.4239 0.249148658333 0.248896066667
TA.E04A.z -122.72 46.5934 0.257503223529 0.257003411765
TA.F07A.z -119.928 45.8951 0.261270435484 0.26015958871
TA.S48A.z -86.0569 37.6574 0.245622927835 0.246213773196
TA.D57A.z -73.8878 47.0172 0.245792505747 0.245822873563
TA.D62A.z -69.0501 47.0819 0.249192156863 0.249070578431
TA.X50B.z -85.6499 34.4611 0.25088794382 0.250274955056
TA.R10A.z -116.302 38.2886 0.262903333333 0.263013795455
TA.F62A.z -69.9664 45.8968 0.246277426829 0.246048817073
TA.LAVA.z -120.74 38.7552 0.258374890625 0.258296171875
TA.U04C.z -120.783 36.3627 0.256053551724 0.255158603448
TA.N39A.z -92.5023 40.8776 0.247962702899 0.247711086957
TA.O15A.z -112.469 40.2807 0.263048067164 0.263354858209
TA.K07A.z -119.247 42.6912 0.26619728866 0.266406587629
TA.P52A.z -82.1325 39.6337 0.248173927273 0.247013563636
TA.R38A.z -93.9056 38.1868 0.24281196 0.242719568
TA.R53A.z -81.9522 38.3307 0.250284444444 0.249793388889
TA.Z31A.z -100.144 33.3183 0.24594124359 0.246342051282
TA.K42A.z -89.3457 42.7792 0.244828319588 0.243972134021
TA.H33A.z -96.7434 44.6812 0.243629631148 0.24399992623
TA.241A.z -92.9188 32.0227 0.252232241135 0.251896021277
TA.N55A.z -78.9862 40.7808 0.246235231579 0.246016
TA.B06A.z -121.484 48.5183 0.255457807692 0.255819105769
TA.Q25A.z -104.247 38.9145 0.253727288136 0.253929389831
TA.J36A.z -94.3395 43.3292 0.246575203252 0.245979715447
TA.D22A.z -106.18 47.1498 0.250965648649 0.250615900901
TA.L35A.z -95.5448 42.1123 0.246942307692 0.246119230769
TA.I37A.z -93.4003 44.0148 0.248383007752 0.247720635659
TA.K46A.z -85.7834 42.6864 0.245422726496 0.245409230769
TA.933A.z -99.2746 27.6133 0.256012488372 0.255171317829
TA.D17A.z -110.687 47.1523 0.252534826446 0.252835942149
TA.Y49A.z -86.4119 33.8577 0.24864129661 0.248460889831
TA.M13A.z -114.165 41.3602 0.263351362205 0.263389724409
TA.R36A.z -95.504 38.3237 0.246216508333 0.245987475
TA.IRM.z -115.145 34.1574 0.2622535625 0.260492854167
TA.JCT.z -99.8022 30.4794 0.251983658915 0.250862457364
TA.V27A.z -102.836 35.7569 0.252558 0.25268243299
TA.J20A.z -108.084 43.3531 0.253222345588 0.253000845588
TA.SNCC.z -119.524 33.2479 0.2493287 0.2496756
TA.Q11A.z -115.654 38.8455 0.260712896825 0.260601888889
TA.H57A.z -75.3905 44.4624 0.24951221978 0.249594835165
TA.233A.z -98.8998 32.0179 0.248725672131 0.247704139344
TA.Y42A.z -91.7871 33.8364 0.250312301587 0.250124603175
TA.O54A.z -80.3778 40.1821 0.247875797101 0.245147717391
TA.226A.z -104.101 32.0618 0.254518865385 0.254018865385
TA.330A.z -101.175 31.4063 0.250472447368 0.249580921053
TA.W34A.z -97.7733 35.2352 0.247565290323 0.247026766129
TA.121A.z -107.785 32.5324 0.262393036036 0.262053423423
TA.733A.z -99.2939 28.7192 0.250691179688 0.25107040625
TA.K09A.z -117.725 42.6996 0.266405208333 0.26565834375
TA.V21A.z -107.638 35.8054 0.26086572807 0.261361175439
TA.TUL1.z -95.7919 35.9104 0.250084983193 0.24913510084
TA.M59A.z -75.4321 41.5413 0.247367045872 0.246580990826
TA.P16A.z -111.66 39.6092 0.259302816176 0.260558147059
TA.116A.z -111.704 32.5618 0.258998622951 0.258011713115
TA.G26A.z -102.599 45.2937 0.248940720339 0.248303898305
TA.545A.z -90.4894 30.0441 0.256485084746 0.255162864407
TA.I61A.z -72.2087 43.9323 0.252621009346 0.251539336449
TA.V54A.z -81.9478 35.7771 0.247664471429 0.247066571429
TA.F08A.z -118.777 45.7971 0.257547415254 0.256688864407
TA.K35A.z -95.2328 42.7218 0.247512707965 0.246850212389
TA.R31A.z -99.5271 38.2888 0.249623576577 0.249296288288
TA.W15A.z -112.267 35.1787 0.261245711864 0.261741957627
TA.428A.z -102.685 30.7263 0.25349238843 0.253297793388
TA.M54A.z -79.6647 41.5079 0.24697542735 0.245943606838
TA.BLA.z -80.4205 37.2113 0.249486664336 0.249244111888
TA.D05A.z -121.989 47.1881 0.257204744681 0.257500308511
TA.154A.z -83.1066 32.6131 0.246579781513 0.246719521008
TA.N25A.z -104.087 40.8132 0.253070077586 0.252489482759
TA.I28A.z -101.169 43.9996 0.248008773913 0.247720121739
TA.R18A.z -109.894 38.3862 0.254539461538 0.253741453846
TA.D14A.z -113.506 47.0816 0.254585924419 0.254214802326
TA.E36A.z -93.2557 46.5177 0.246518428571 0.246019178571
TA.I59A.z -73.8744 43.7957 0.251783089109 0.251166910891
TA.345A.z -90.0309 31.308 0.251746590909 0.252249045455
TA.E47A.z -83.2777 46.4547 0.244431035714 0.244198169643
TA.G15A.z -112.489 45.166 0.26153810303 0.260785581818
TA.542A.z -92.5513 30.1247 0.255835645161 0.255605629032
TA.127A.z -103.357 32.6764 0.25521770339 0.253782338983
TA.F44A.z -86.4226 45.9737 0.246408878505 0.246131196262
TA.C31A.z -97.7336 47.7927 0.244110369748 0.243930411765
TA.Y40A.z -93.2798 34.0124 0.250704292308 0.250162807692
TA.IBP.z -116.093 32.6611 0.26500225 0.2626165
TA.IBP.z -116.093 32.6612 0.256926178571 0.255770035714
TA.X20A.z -108.498 34.5421 0.262054153153 0.261967045045
TA.M43A.z -88.9581 41.4365 0.24583969697 0.24496010101
TA.G32A.z -97.4994 45.2555 0.243869815126 0.243844445378
TA.E55A.z -76.0572 46.4538 0.24600519 0.24545032
TA.OXF.z -89.4092 34.5118 0.247673487179 0.247484615385
TA.456A.z -82.0223 30.7248 0.250926112 0.250749584
TA.V53A.z -82.8124 35.6694 0.248175078261 0.247534313043
TA.U49A.z -85.7796 36.5129 0.247802372549 0.248005480392
TA.H59A.z -73.6905 44.6455 0.252132769912 0.251935575221
TA.Y17A.z -110.844 33.6953 0.258413644068 0.258566949153
TA.D24A.z -104.327 47.1152 0.250670563636 0.250526381818
TA.MUR.z -117.195 33.6 0.25825055102 0.256451673469
TA.P33A.z -97.6946 39.4363 0.248948031496 0.24865223622
TA.N48A.z -85.0271 40.8591 0.244006555556 0.243421529915
TA.LBNH.z -71.9259 44.2401 0.24723146 0.24746119
TA.K37A.z -93.6388 42.7669 0.246380523437 0.24547575
TA.G08A.z -118.96 45.2904 0.262372324786 0.262394948718
TA.M19A.z -109.157 41.5047 0.255295664122 0.25426140458
TA.F20A.z -108.149 45.8006 0.250102322034 0.250086508475
TA.D37A.z -92.4262 47.1581 0.246517058824 0.246394529412
TA.I58A.z -74.9733 43.6901 0.25060953 0.25006495
TA.ACSO.z -82.982 40.2319 0.247686253086 0.247545907407
TA.W24A.z -105.408 35.2106 0.257736267241 0.257421586207
TA.X46A.z -88.5844 34.5564 0.246967466019 0.24657538835
TA.F58A.z -73.8145 45.8663 0.247710929825 0.247113377193
TA.CCM.z -91.2446 38.0557 0.247067513889 0.245882541667
TA.758A.z -81.1996 28.9621 0.252225684783 0.25187651087
TA.P50A.z -83.7988 39.6086 0.244943136364 0.244768424242
TA.U16A.z -111.13 36.1428 0.262196806452 0.261616379032
TA.I12A.z -115.133 43.7945 0.263970847458 0.264405576271
TA.SBC.z -119.715 34.4408 0.259261255319 0.258010446809
TA.A11A.z -116.363 48.958 0.259624018868 0.261261415094
TA.C25A.z -103.256 47.7124 0.251257805085 0.250124042373
TA.Y30A.z -100.898 33.8766 0.249420326923 0.249934326923
TA.G33A.z -96.4383 45.1946 0.244379883929 0.244661151786
TA.P42A.z -90.3443 39.5853 0.246735775862 0.246758275862
TA.D61A.z -70.1868 47.2022 0.249333651786 0.249143651786
TA.M60A.z -74.625 41.3265 0.248055714286 0.2471075
TA.D41A.z -88.5657 47.0605 0.248197772727 0.248006257576
TA.M07A.z -119.171 41.3884 0.265640252747 0.265192208791
TA.A27A.z -101.241 48.9533 0.252009983333 0.250677591667
TA.M10A.z -116.54 41.522 0.26284788189 0.262331834646
TA.AMTX.z -101.681 34.8837 0.253348465517 0.253773224138
TA.J14A.z -113.518 43.3234 0.267211444444 0.267918863248
TA.R25A.z -104.283 38.1474 0.25705159322 0.257145694915
TA.I04A.z -122.411 43.7941 0.259718628571 0.259922614286
TA.B27A.z -101.26 48.4044 0.248499209091 0.247050727273
TA.A22A.z -105.915 48.9926 0.252015380952 0.25175372381
TA.K20A.z -108.342 42.6579 0.255085344 0.254506944
TA.U43A.z -90.4057 36.3693 0.249701495327 0.249824766355
TA.SCI2.z -118.547 32.9799 0.2583026 0.2586921
TA.G60A.z -72.3337 45.0977 0.251527044643 0.250701732143
TA.D33A.z -95.8448 47.1404 0.243383235294 0.242563745098
TA.I25A.z -103.732 44.0196 0.250756261905 0.251480373016
TA.859A.z -80.8984 28.0592 0.250263444444 0.249695351852
TA.V44A.z -89.8954 35.8282 0.248932732283 0.247816322835
TA.X23A.z -106.188 34.581 0.258029934579 0.258101962617
TA.120A.z -108.633 32.5466 0.259426936364 0.259169954545
TA.J58A.z -75.2852 43.3603 0.25007404717 0.249736858491
TA.O31A.z -99.3261 40.1521 0.250638348485 0.249210931818
TA.J54A.z -78.6392 43.2728 0.247680451613 0.247210516129
TA.DWPF.z -81.4327 28.1103 0.246803571429 0.247097462185
TA.142A.z -91.9457 32.5488 0.251852518248 0.252965124088
TA.S45A.z -88.5804 37.6774 0.247679083969 0.247238419847
TA.Y25A.z -104.693 33.9229 0.253722765306 0.254570704082
TA.ABTX.z -99.6431 32.6238 0.249947571429 0.249694273292
TA.T15A.z -112.382 37.0183 0.26070438843 0.259876578512
TA.T48A.z -86.3943 37.1094 0.247244281553 0.246301796117
TA.F23A.z -105.406 45.7212 0.247923859813 0.247067411215
TA.P10A.z -116.464 39.6202 0.262404523438 0.262043070312
TA.E58A.z -73.2771 46.3721 0.24338962 0.24264949
TA.151A.z -85.3267 32.5269 0.248315020408 0.248751826531
TA.J23A.z -105.552 43.4036 0.255246398374 0.254461780488
TA.T60A.z -76.7349 37.1397 0.248356846154 0.247724213675
TA.D58A.z -72.8826 47.0954 0.249101622642 0.248912839623
TA.R27A.z -102.798 38.2859 0.251374 0.251355569106
TA.ERPA.z -79.9891 42.1175 0.248987769231 0.24900665812
TA.C16A.z -111.746 47.8012 0.251598032258 0.251291040323
TA.BGNE.z -98.1502 41.4083 0.248014232955 0.248472965909
TA.GLA.z -114.827 33.0515 0.26098375 0.2607908125
TA.O32A.z -98.2764 40.261 0.251209992647 0.249862463235
TA.Z37A.z -95.6229 33.1981 0.251335063158 0.250977431579
TA.D25A.z -103.32 47.1508 0.249334872881 0.24886179661
TA.L30A.z -99.7196 41.9492 0.246081587629 0.247127484536
TA.G10A.z -117.12 45.2925 0.255368059829 0.256117512821
TA.J33A.z -96.9667 43.3185 0.244977008475 0.244275059322
TA.W39A.z -93.784 35.196 0.250476427536 0.249941
TA.H56A.z -76.2594 44.593 0.248778712766 0.248112648936
TA.Y23A.z -106.055 33.9315 0.258225845455 0.258262409091
TA.V43A.z -90.5443 35.7857 0.248039028037 0.246897897196
TA.638A.z -95.4481 29.4193 0.257230305085 0.255899966102
TA.DVT.z -116.101 32.6591 0.250834333333 0.247525666667
TA.V56A.z -80.4963 35.8097 0.246617348485 0.245672
TA.N52A.z -81.6876 40.8125 0.245940379845 0.245127054264
TA.S61A.z -75.6727 37.6804 0.249051545455 0.248423745455
TA.D50A.z -79.8412 47.1668 0.248217821918 0.249014520548
TA.LAO.z -106.223 46.6885 0.254144529412 0.253989470588
TA.450A.z -86.5863 30.8038 0.250530897959 0.250220112245
TA.F55A.z -76.351 45.8338 0.244309433333 0.243689233333
TA.N41A.z -90.8552 40.7077 0.24504540678 0.245319483051
TA.G11A.z -116.268 45.3997 0.254945478632 0.255069598291
TA.M53A.z -80.675 41.4393 0.248557693548 0.24841658871
TA.252A.z -84.7357 31.9962 0.248608347107 0.248003421488
TA.I20A.z -108.128 43.9496 0.251564231884 0.250878869565
TA.X35A.z -96.9731 34.3995 0.247649454545 0.247353190083
TA.833A.z -99.3939 28.3236 0.25119688 0.250779824
TA.I49A.z -82.8246 43.94 0.244985452991 0.244744094017
TA.P36A.z -95.206 39.6204 0.247525592 0.247009872
TA.T14A.z -113.084 37.0615 0.261941966102 0.2613555
TA.129A.z -101.866 32.6309 0.25187659633 0.251070908257
TA.O55A.z -79.3041 40.2076 0.246025407767 0.245726097087
TA.LRL.z -117.682 35.4795 0.256465066667 0.2549312
TA.334A.z -98.2379 31.3325 0.250550758065 0.249461919355
TA.W21A.z -107.648 35.117 0.262438034188 0.262797512821
TA.Z50A.z -85.9226 33.254 0.248282134831 0.248324067416
TA.Z21A.z -107.671 33.3086 0.25882184375 0.259068234375
TA.V23A.z -106.183 35.7452 0.259902471545 0.259896203252
TA.D29A.z -99.5957 47.0605 0.245159913043 0.244180878261
TA.W38A.z -94.5184 35.0704 0.249205254098 0.248728540984
TA.F13A.z -114.332 45.7893 0.256689323699 0.25625883815
TA.Y47A.z -87.8494 33.9025 0.246880204724 0.246889559055
TA.V40A.z -92.8232 35.8044 0.247746454545 0.247587204545
TA.Q40A.z -92.0748 38.9946 0.247746016393 0.247276270492
TA.E05A.z -121.761 46.5605 0.259069853333 0.25968544
TA.M50A.z -83.0428 41.4035 0.247323655462 0.247002915966
TA.W16A.z -111.532 35.0951 0.261046704348 0.261122530435
TA.F14A.z -113.37 45.8122 0.257865690058 0.257286233918
TA.D28A.z -100.569 47.1929 0.244733158333 0.244874991667
TA.Y27A.z -103.163 33.8839 0.255154386792 0.254404424528
TA.J27A.z -102.007 43.2526 0.251665930435 0.251526147826
TA.556A.z -82.4057 30.0015 0.2487368125 0.249246083333
TA.J37A.z -93.5527 43.3103 0.246607707692 0.2455342
TA.231A.z -100.316 31.9353 0.248120685484 0.247069895161
TA.145A.z -89.9287 32.6035 0.249194377953 0.248089015748
TA.627A.z -103.389 29.4528 0.257099449541 0.25732
TA.C11A.z -116.256 47.8397 0.252871283019 0.252452490566
TA.W33A.z -98.4686 35.1518 0.247212195122 0.246752422764
TA.E60A.z -71.4469 46.3689 0.24792675 0.247266201923
TA.G17A.z -110.74 45.3212 0.259551108911 0.259700178218
TA.439A.z -94.766 30.7937 0.252174473214 0.252027580357
TA.K24A.z -104.815 42.7225 0.253383828125 0.253335929688
TA.CIA.z -118.415 33.4019 0.257792020408 0.257541714286
TA.Y45A.z -89.5431 33.8656 0.246004106061 0.245346992424
TA.H16A.z -111.248 44.7038 0.262248426966 0.262836707865
TA.C24A.z -104.425 47.5302 0.252313547009 0.252803948718
TA.Y39A.z -94.0936 33.938 0.249646584746 0.249973440678
TA.S41A.z -91.7458 37.5877 0.246334491667 0.245161516667
TA.F52A.z -79.3227 45.7951 0.24907061039 0.248661363636
TA.MNTX.z -105.382 31.6985 0.253726714286 0.257036857143
TA.Q39A.z -92.9759 39.0455 0.245756124031 0.245027736434
TA.GMR.z -115.66 34.7846 0.259577391304 0.259272717391
TA.F06A.z -120.782 45.7664 0.264602522222 0.264075133333
TA.V48A.z -86.8219 35.74 0.249181666667 0.248825583333
TA.K23A.z -105.625 42.7546 0.253684264463 0.253484495868
TA.E20A.z -108.13 46.5038 0.249626205357 0.2497444375
TA.H32A.z -97.4363 44.5041 0.244906355932 0.244424415254
TA.K21A.z -107.251 42.6332 0.252513138889 0.252130212963
TA.M35A.z -95.6945 41.4665 0.245784634328 0.246097313433
TA.A18A.z -109.846 48.9198 0.251276398148 0.251127212963
TA.W49A.z -86.2645 35.1194 0.248976182609 0.24837193913
TA.329A.z -101.981 31.487 0.251116077586 0.250227241379
TA.J02A.z -123.575 43.3654 0.256290920635 0.256987857143
TA.N12A.z -115.039 40.8522 0.262267984252 0.262462385827
TA.K32A.z -97.9723 42.6597 0.247133060345 0.246850491379
TA.436A.z -96.796 30.7702 0.253379808 0.253534736
TA.636A.z -97.057 29.481 0.250831669492 0.251622
TA.O36A.z -94.9645 40.1315 0.248032915966 0.247357638655
TA.138A.z -95.0887 32.6604 0.254795323308 0.254226984962
TA.P31A.z -99.3783 39.5211 0.252329424779 0.251293938053
TA.X58A.z -79.3388 34.5548 0.247234121212 0.246568323232
TA.Y52A.z -84.0626 33.864 0.248505096491 0.247138464912
TA.339A.z -94.556 31.3331 0.250525652174 0.250450017391
TA.X38A.z -94.8288 34.6692 0.251973947826 0.252021973913
TA.S25A.z -104.435 37.6606 0.257490008696 0.257414495652
TA.I30A.z -99.4262 43.9143 0.250631783784 0.249917171171
TA.R20A.z -108.379 38.1888 0.260148333333 0.261271596491
TA.W43A.z -90.7061 35.0877 0.24699410101 0.245905020202
TA.G20A.z -108.214 45.2202 0.250251347458 0.249294457627
TA.F04A.z -122.419 45.9325 0.258224134831 0.25819188764
TA.H08A.z -118.67 44.5191 0.262959714286 0.263059767857
TA.L42A.z -89.667 42.004 0.24645112037 0.245462712963
TA.115A.z -112.228 32.7006 0.257758619835 0.257564884298
TA.N51A.z -82.3748 40.9183 0.247038081761 0.246471371069
TA.SWS.z -115.8 32.9451 0.259073265306 0.258684591837
TA.M15A.z -112.448 41.4632 0.257388538462 0.257391461538
TA.C14A.z -113.747 47.7687 0.253803932961 0.253800988827
TA.B31A.z -97.6495 48.4236 0.245391121495 0.244951934579
TA.O47A.z -86.1742 40.2361 0.246943921569 0.246039392157
TA.L32A.z -98.008 42.0045 0.248407193277 0.247616260504
TA.L46A.z -86.2955 42.0127 0.247146175926 0.246146268519
TA.114A.z -112.883 32.7513 0.257535416667 0.257120433333
TA.527A.z -103.612 30.1456 0.255050017391 0.255936095652
TA.D10A.z -117.276 47.0547 0.252999099174 0.252323644628
TA.U61A.z -76.4464 36.3319 0.248580697479 0.248545344538
TA.E12A.z -115.571 46.4151 0.25363648 0.25320655
TA.G34A.z -95.638 45.2419 0.24532009322 0.245187711864
TA.Y24A.z -105.436 33.9257 0.25550030303 0.255263444444
TA.C23A.z -105.184 47.8026 0.251455820755 0.252075962264
TA.M64A.z -71.2102 41.5509 0.249606340206 0.249161103093
TA.D27A.z -101.525 47.1081 0.246117982143 0.245600133929
TA.Z28A.z -102.387 33.2884 0.249219481481 0.248198679012
TA.E40A.z -89.8991 46.4446 0.24649823 0.24615097
TA.I40A.z -90.6177 43.8916 0.245448455357 0.244438348214
TA.I39A.z -91.5231 43.8543 0.245308409091 0.244084536364
TA.232A.z -99.6469 31.888 0.25175308 0.250257944
TA.M28A.z -101.371 41.3956 0.248365447368 0.247711105263
TA.S52A.z -83.0784 37.6791 0.247420098361 0.24756004918
TA.Z34A.z -97.9158 33.3712 0.24898395098 0.248507558824
TA.347A.z -88.5412 31.4017 0.249968725191 0.249276496183
TA.X54A.z -82.3743 34.5474 0.245934550388 0.245156372093
TA.W60A.z -77.7133 35.0528 0.249443137931 0.248955612069
TA.530A.z -101.338 30.1489 0.25434297479 0.255353966387
TA.M56A.z -78.1826 41.4837 0.248128236364 0.247156718182
TA.I64A.z -69.6347 43.9197 0.2501693125 0.249794928571
TA.O48A.z -85.1553 40.2571 0.245363288 0.244940368
TA.S34A.z -97.1111 37.7009 0.245789793893 0.245902580153
TA.J30A.z -99.4922 43.3248 0.250401796992 0.249552090226
TA.O17A.z -110.738 40.1948 0.258388529915 0.258620555556
TA.I36A.z -94.0143 44.0191 0.244777730159 0.244216452381
TA.L58A.z -75.8502 42.0447 0.249174435897 0.249266376068
TA.I19A.z -108.994 44.0363 0.2528478125 0.252627648437
TA.K26A.z -103.178 42.7016 0.251468922414 0.251770551724
TA.533A.z -99.0351 30.0718 0.250408451613 0.250133508065
TA.R06C.z -119.451 38.5226 0.264432376344 0.264627924731
TA.U48A.z -86.5402 36.5107 0.246945852632 0.246850642105
TA.246A.z -89.1286 32.0143 0.250592723881 0.249274835821
TA.X18A.z -109.95 34.5293 0.263322322314 0.26347407438
TA.217A.z -110.816 31.7748 0.260149172414 0.259554112069
TA.K60A.z -73.8886 42.6168 0.249718037037 0.251189481481
TA.656A.z -82.5348 29.3689 0.248752487179 0.248487897436
TA.C10A.z -117.308 47.8192 0.255165982456 0.254249596491
TA.J41A.z -90.0137 43.3655 0.248360409836 0.247845180328
TA.E63A.z -68.422 46.422 0.247652648936 0.246982297872
TA.S33A.z -98.0016 37.5936 0.248517976 0.248749656
TA.F35A.z -94.5734 45.858 0.247042657895 0.246522517544
TA.V12A.z -114.851 35.7266 0.261761732283 0.262284425197
TA.O06A.z -119.827 40.165 0.26282527907 0.262443372093
TA.T47A.z -87.1055 36.9881 0.24584225 0.245328913462
TA.F10A.z -117.228 45.9734 0.253784307087 0.253889850394
TA.M30A.z -99.8723 41.5371 0.24859240708 0.248687522124
TA.P27A.z -102.578 39.5559 0.251991697248 0.251126522936
TA.Q33A.z -97.8327 38.9982 0.251253826087 0.250914582609
TA.N33A.z -97.4506 40.7384 0.245005193548 0.245148451613
TA.K61A.z -73.2676 42.6695 0.249312020408 0.249150183673
TA.Q38A.z -93.6182 38.9609 0.245374425197 0.244271929134
TA.M31A.z -98.9766 41.344 0.247066695035 0.247608971631
TA.P35A.z -96.0188 39.5286 0.246793239669 0.246085636364
TA.M44A.z -88.0432 41.3882 0.246371740385 0.245614817308
TA.156A.z -81.495 32.6542 0.247423445312 0.247355984375
TA.Z14A.z -112.946 33.3627 0.258518463636 0.257464090909
TA.SCIA.z -93.2153 41.9069 0.24608126087 0.246934347826
TA.D18A.z -109.802 47.1961 0.253869891667 0.253367641667
TA.125A.z -104.657 32.6588 0.256454927273 0.256789081818
TA.P57A.z -78.0126 39.4835 0.250480237288 0.249786720339
TA.X27A.z -103.097 34.6469 0.256800352381 0.256100695238
TA.X52A.z -83.8938 34.6032 0.249221779661 0.249211855932
TA.K34A.z -96.0957 42.6865 0.247139814159 0.246190761062
TA.I60A.z -73.2916 43.844 0.252368568807 0.251583990826
TA.L37A.z -93.7546 42.1246 0.246935704348 0.245752678261
TA.W37B.z -95.4316 35.139 0.248470538462 0.248114192308
TA.Z59A.z -79.278 33.2414 0.264421333333 0.263956333333
TA.Q46A.z -87.3575 39.0231 0.248219479592 0.248155091837
TA.433A.z -99.091 30.7544 0.248294908397 0.247706534351
TA.P58A.z -77.3005 39.4891 0.24748666055 0.247319642202
TA.E39A.z -90.5557 46.3777 0.246459723214 0.245348741071
TA.R22A.z -106.756 38.2289 0.261065488 0.260886008
TA.K33A.z -97.0012 42.6052 0.24514802521 0.244516294118
TA.Q15A.z -112.379 38.9995 0.264791292453 0.265641179245
TA.B22A.z -105.996 48.3008 0.249958097345 0.249577469027
TA.M46A.z -86.3524 41.4079 0.248603104762 0.248767371429
TA.Y43A.z -90.9285 33.9121 0.250662661157 0.249871066116
TA.V03C.z -121.236 36.0214 0.25631338806 0.255965910448
TA.A21A.z -106.925 48.9912 0.250604495146 0.249547854369
TA.341A.z -93.1681 31.3334 0.252309023438 0.251749210937
TA.L09A.z -117.667 42.0192 0.265768393939 0.265079818182
TA.K17A.z -110.92 42.7507 0.255870684211 0.253896452632
TA.254A.z -83.2905 31.9457 0.248931870968 0.247639596774
TA.J47A.z -84.8214 43.2382 0.245733092437 0.244765403361
TA.O08A.z -118.155 40.2903 0.261776960396 0.262165425743
TA.Q52A.z -82.2669 38.9622 0.247560742138 0.247307389937
TA.ISA.z -118.474 35.6628 0.254822871795 0.254208897436
TA.M52A.z -81.357 41.5405 0.248130473282 0.247520068702
TA.W41A.z -92.2478 35.1736 0.247384194444 0.247822277778
TA.WCI.z -86.2939 38.2289 0.247373124183 0.247445183007
TA.I09A.z -117.741 43.9733 0.264578247788 0.264368274336
TA.C36A.z -92.8378 47.758 0.245277861111 0.245228981481
TA.320A.z -108.528 31.3369 0.26089462931 0.260770818966
TA.128A.z -102.485 32.6213 0.251406726415 0.250740669811
TA.Q58A.z -77.682 38.9413 0.248352118644 0.247763415254
TA.AAM.z -83.6567 42.3012 0.2495177 0.248681684615
TA.BFS.z -117.659 34.2388 0.257673511628 0.257630581395
TA.M39A.z -92.1725 41.4786 0.246521008333 0.24595275
TA.H02A.z -124 44.6764 0.260342328947 0.260079842105
TA.Q19A.z -109.263 38.9553 0.256455627907 0.256390589147
TA.M61A.z -73.7673 41.3104 0.246807491071 0.245501607143
TA.F60A.z -71.9514 45.9688 0.248229386792 0.247266443396
TA.T38A.z -94.293 37.0354 0.245440811475 0.246189663934
TA.T13A.z -113.907 37.0195 0.263850779528 0.264128787402
TA.216A.z -111.457 32.0022 0.259437008547 0.259280042735
TA.T50A.z -84.8384 37.0204 0.24703165 0.246495333333
TA.L24A.z -104.933 42.0432 0.252818322034 0.253032237288
TA.V50A.z -85.1 35.6713 0.247450953704 0.2473815
TA.NHSC.z -80.1778 33.1067 0.246316238806 0.245953656716
TA.ISCO.z -105.613 39.7997 0.253548516129 0.253481935484
TA.E43A.z -86.9954 46.3758 0.246059984848 0.245878712121
TA.E59A.z -72.5108 46.4803 0.246065255102 0.244639816327
TA.P08A.z -118.08 39.6946 0.262876734694 0.262451173469
TA.V51A.z -84.3511 35.8033 0.248135127119 0.248140805085
TA.U12A.z -114.539 36.4321 0.262042487805 0.261506634146
TA.218A.z -110.046 31.9737 0.259941582609 0.259316626087
TA.G21A.z -107.207 45.225 0.250471836066 0.249543278689
TA.T37A.z -94.9176 37.123 0.247233165217 0.247694408696
TA.K38A.z -92.7709 42.6472 0.246437180328 0.245589581967
TA.X36A.z -96.352 34.5704 0.249522588235 0.25026710084
TA.Y21A.z -107.674 34.0087 0.260475508772 0.259990403509
TA.S12A.z -114.849 37.6083 0.262084773437 0.262374164063
TA.Q49A.z -84.8956 39.005 0.245892260163 0.245855365854
TA.I35A.z -94.9829 43.8565 0.24540366087 0.244803243478
TA.T40A.z -92.5193 37.1504 0.248445101563 0.248106085937
TA.U28A.z -102.224 36.3793 0.253253858586 0.253041505051
TA.D36A.z -93.1645 47.1765 0.246218521739 0.245381617391
TA.Y15A.z -112.333 33.9535 0.261369869919 0.260423886179
TA.V33A.z -98.2862 35.8209 0.247812018018 0.247030126126
TA.PDM.z -114.142 34.3034 0.257183934783 0.257652217391
TA.W50A.z -85.3119 35.2002 0.247974361111 0.247918574074
TA.R14A.z -113.021 38.2987 0.266695333333 0.266025233333
TA.Q04C.z -121.377 38.839 0.26023959375 0.261199078125
TA.F38A.z -91.8775 45.9588 0.244587540541 0.244329315315
TA.E15A.z -112.641 46.4246 0.255105177515 0.254623153846
TA.S26A.z -103.471 37.6216 0.2530717 0.252820884615
TA.Q36A.z -95.4609 38.9612 0.246112453782 0.245878302521
TA.S57A.z -78.9536 37.7605 0.248924830357 0.248142133929
TA.Y48A.z -87.1696 33.9131 0.247231989583 0.247182708333
TA.C21A.z -107.096 47.8264 0.252901109091 0.251921381818
TA.S38A.z -93.9078 37.6304 0.24506392126 0.245291370079
TA.Z58A.z -79.8129 33.3349 0.25341095 0.252268075
TA.R33A.z -97.9842 38.3081 0.248141413223 0.24765046281
TA.H09A.z -117.664 44.6653 0.26090109322 0.260983872881
TA.E14A.z -113.493 46.4162 0.256889490566 0.256777748428
TA.T41A.z -91.7636 37.0436 0.246613241667 0.245330875
TA.F17A.z -110.659 45.9054 0.255637083333 0.255015058333
TA.D08A.z -118.921 47.0573 0.25688540625 0.256919414063
TA.331A.z -100.427 31.3085 0.248932254386 0.248705473684
TA.Q20A.z -108.296 38.9541 0.259678322835 0.259993007874
TA.EDW2.z -117.994 34.8811 0.255641088889 0.254687377778
TA.G24A.z -104.416 45.328 0.252175877358 0.251608764151
TA.R09A.z -117.072 38.2397 0.261166297872 0.261318595745
TA.T33A.z -98.2444 37.0824 0.249115874016 0.248157645669
TA.Z38A.z -94.9851 33.2599 0.251662048193 0.251572385542
TA.N59A.z -75.7703 40.9168 0.246430824074 0.246747046296
TA.Q31A.z -99.395 39.0048 0.251622694915 0.251224508475
TA.H35A.z -94.8311 44.6985 0.244781770492 0.245037836066
TA.N31A.z -98.9544 40.8235 0.249047861314 0.247861313869
TA.Y46A.z -88.8577 33.8828 0.249053031746 0.248772428571
TA.F57A.z -74.6928 45.8122 0.24575208547 0.245721905983
TA.K13A.z -114.084 42.6493 0.269962210084 0.269821915966
TA.U18A.z -109.87 36.4199 0.259780525 0.259498158333
TA.I51A.z -81.0231 43.8036 0.246520976 0.246064856
TA.F12A.z -115.255 45.7565 0.25625004321 0.255466697531
TA.255A.z -82.4758 31.9263 0.24664214876 0.245988545455
TA.W45A.z -89.186 35.1568 0.246430888 0.2458692
TA.D55A.z -75.4732 47.019 0.247646787879 0.247338626263
TA.U17A.z -110.662 36.5996 0.259821008696 0.259947852174
TA.Z49A.z -86.5311 33.1942 0.248043411111 0.2482716
TA.K05A.z -120.893 42.7258 0.267000319444 0.267234944444
TA.H05A.z -121.227 44.6473 0.261782216867 0.261691144578
TA.E52A.z -78.6569 46.2851 0.2431305 0.243241957143
TA.MSTX.z -102.772 33.9696 0.256600910256 0.256887455128
TA.N20A.z -108.263 40.8338 0.258299389706 0.258159080882
TA.G14A.z -113.46 45.2432 0.258979372671 0.258740863354
TA.L27A.z -102.315 42.0837 0.249426547009 0.249299504274
TA.F61A.z -70.9921 45.9743 0.24888668932 0.248722786408
TA.I48A.z -83.7022 44.1873 0.246404666667 0.246322288288
TA.243A.z -91.4827 31.8803 0.253388701493 0.254846320896
TA.626A.z -104.133 29.554 0.257518466102 0.257705635593
TA.M09A.z -117.45 41.423 0.266300813187 0.266628901099
TA.E08A.z -119.06 46.4911 0.258611333333 0.257774063492
TA.Q55A.z -80.0812 38.9952 0.249817172662 0.251658093525
TA.V28A.z -102.224 35.7505 0.257113144068 0.256819728814
TA.U21A.z -107.658 36.4277 0.260496913978 0.261449548387
TA.O38A.z -93.4731 40.1215 0.245973962406 0.244929263158
TA.K18A.z -110.042 42.6372 0.255192957895 0.254617452632
TA.438A.z -95.4741 30.75 0.251421142857 0.251200246032
TA.U36A.z -95.7325 36.3927 0.247053138889 0.246715037037
TA.Y38A.z -94.7311 33.9278 0.250294521368 0.250600666667
TA.G07A.z -119.669 45.2664 0.258998010204 0.258130520408
TA.U57A.z -79.3364 36.4319 0.246173414414 0.245564117117
TA.V58A.z -79.115 35.794 0.245810157407 0.245474611111
TA.F11A.z -116.155 45.8883 0.253422432 0.252922576
TA.O45A.z -87.7244 40.2489 0.245476634615 0.244699903846
TA.C32A.z -96.5281 47.8255 0.24272309901 0.242475683168
TA.U19A.z -109.208 36.2925 0.260782215385 0.259691
TA.H31A.z -98.4772 44.4795 0.246561098214 0.2456605
TA.238A.z -95.1203 32.0034 0.253484542636 0.25371696124
TA.337A.z -95.8854 31.3159 0.250945572581 0.251929
TA.E23A.z -105.306 46.4978 0.249790076923 0.249245769231
TA.J60A.z -73.4212 43.2438 0.250579603774 0.250470716981
TA.541A.z -93.1875 30.0596 0.255650238095 0.255173444444
TA.H64A.z -69.2203 44.6412 0.250190142857 0.250030790476
TA.S15A.z -112.363 37.6761 0.261503300971 0.261739718447
TA.H60A.z -72.6986 44.5606 0.249614669903 0.249531601942
TA.Q14A.z -113.277 38.9882 0.26355531068 0.263448786408
TA.M48A.z -84.7171 41.4846 0.246714222222 0.246121410256
TA.S21A.z -107.792 37.662 0.261323383929 0.260689267857
TA.F16A.z -111.626 45.7843 0.257796946429 0.257331553571
TA.W57A.z -79.9928 35.1529 0.2486245 0.247608061404
TA.I55A.z -77.6817 44.2161 0.248622705263 0.248308378947
TA.Y57A.z -80.3915 34.017 0.249764945946 0.248312792793
TA.W44A.z -89.8161 35.1395 0.246524145038 0.246455480916
TA.R37A.z -94.8294 38.3133 0.249087504065 0.24816597561
TA.L25A.z -103.966 42.1548 0.253485931034 0.252706681034
TA.V30A.z -100.689 35.7623 0.251982148148 0.251705833333
TA.R41A.z -91.3795 38.2976 0.248354680412 0.247989381443
TA.R34A.z -97.247 38.3008 0.244505241379 0.243634810345
TA.G35A.z -94.4855 45.2199 0.245516066116 0.245278495868
TA.G22A.z -106.292 45.2189 0.249440747475 0.249024373737
TA.F28A.z -100.8 45.8485 0.246305393939 0.244709939394
TA.X33A.z -98.5006 34.541 0.250378463415 0.24951804878
TA.P60A.z -75.6358 39.8113 0.24566981982 0.245953423423
TA.M29A.z -100.689 41.4441 0.249255133929 0.248773758929
TA.ELFS.z -120.728 40.6183 0.263262290323 0.264310129032
TA.U22A.z -106.855 36.3773 0.260086787611 0.260994787611
TA.Q51A.z -83.3456 39.026 0.246670539683 0.246040539683
TA.K59A.z -74.8525 42.775 0.250892287037 0.251565194444
TA.W22A.z -106.867 35.0719 0.260016283333 0.259778125
TA.U39A.z -93.4805 36.3823 0.248892152 0.248411792
TA.S39A.z -93.3226 37.691 0.246439578125 0.246742414062
TA.529A.z -102.22 30.1246 0.25371679646 0.254387938053
TA.G53A.z -78.6237 45.1222 0.245966761905 0.24492425
TA.BC3.z -115.454 33.6552 0.262138809524 0.262569380952
TA.M37A.z -94.0575 41.4028 0.247071120301 0.246803661654
TA.S18A.z -109.995 37.6903 0.256878635659 0.256475813953
TA.S60A.z -76.6535 37.7055 0.249742427273 0.249533654545
TA.S35A.z -96.319 37.6821 0.244998629032 0.244714322581
TA.J35A.z -95.2078 43.3655 0.245121686957 0.244850513043
TA.E56A.z -75.0341 46.5436 0.241953302083 0.24142884375
TA.Q43A.z -89.6991 38.941 0.247997637097 0.247320782258
TA.432A.z -99.7937 30.8755 0.25096112931 0.25066937069
TA.E28A.z -100.693 46.5748 0.246731104348 0.246007313043
TA.A31A.z -97.1888 48.932 0.246255590909 0.245959954545
TA.A04A.z -122.707 48.7197 0.258405134831 0.258242292135
TA.O27A.z -102.479 40.19 0.251256683761 0.250599008547
TA.N13A.z -114.204 40.8556 0.264748007813 0.26452934375
TA.O22A.z -106.547 40.1618 0.258561655462 0.258706117647
TA.E54A.z -77.1869 46.4339 0.244754097222 0.245906152778
TA.L59A.z -75.0426 42.1902 0.247710383178 0.247633616822
TA.U05C.z -120.12 36.3356 0.25461495 0.253180816667
TA.V19A.z -109.046 35.7147 0.257305585366 0.256794666667
TA.J32A.z -97.8476 43.3719 0.247991033333 0.247246916667
TA.Y28A.z -102.248 33.9086 0.2504763 0.24970067
TA.X19A.z -109.29 34.4275 0.261311519685 0.261389094488
TA.X16A.z -111.441 34.4178 0.260457341463 0.261937593496
TA.M18A.z -110.067 41.4272 0.254359666667 0.252422635417
TA.S22A.z -106.829 37.7461 0.26032668595 0.260923371901
TA.A13A.z -114.413 48.933 0.25497704878 0.254313439024
TA.Q03C.z -122.015 38.6333 0.262486046154 0.262270815385
TA.257A.z -81.0261 31.9746 0.251765931818 0.251243590909
TA.E35A.z -94.4043 46.5572 0.247003145299 0.246038059829
TA.F37A.z -92.6264 45.7243 0.246369991071 0.246780491071
TA.Q45A.z -88.1565 38.8948 0.246287811881 0.245806950495
TA.P49A.z -84.7164 39.5342 0.24494355814 0.244885775194
TA.W26A.z -103.766 35.0891 0.255202737705 0.255118868852
TA.Y35A.z -97.0374 33.9059 0.247542905983 0.246745059829
TA.E09A.z -118.146 46.5139 0.255835128 0.25498264
TA.HELL.z -119.023 36.6801 0.260935215385 0.261228323077
TA.F05A.z -121.459 45.8839 0.262465 0.262890871795
TA.N50A.z -83.1486 40.7711 0.246444714286 0.245783849206
TA.Y20A.z -108.377 33.9085 0.261172288288 0.261322603604
TA.L23A.z -105.701 42.1143 0.252354132075 0.252256188679
TA.V25A.z -104.616 35.8383 0.25978517094 0.259298247863
TA.137A.z -95.7559 32.5973 0.252910858209 0.25170788806
TA.J16A.z -111.612 43.2741 0.262467619048 0.262689666667
TA.G30A.z -99.1446 45.1293 0.250454808696 0.249870704348
TA.P01C.z -123.338 39.469 0.261405948276 0.261324344828
TA.A09A.z -118.585 48.9752 0.258662309091 0.259273445455
TA.E44A.z -85.9214 46.6199 0.249715072993 0.249427562044
TA.346A.z -89.4649 31.3876 0.252060214286 0.251431457143
TA.H28A.z -101.021 44.6751 0.248577922414 0.247642560345
TA.P38A.z -93.5321 39.6248 0.246858953125 0.245941898437
TA.N06A.z -119.835 40.7484 0.2634545 0.263191313953
TA.X37A.z -95.3713 34.5892 0.25041131405 0.250583272727
TA.T24A.z -105.052 37.0738 0.257181492063 0.256221952381
TA.RRX.z -116.997 34.8753 0.256059734694 0.25663122449
TA.632A.z -99.7863 29.5071 0.253909441667 0.253035341667
TA.G47A.z -83.8551 45.173 0.245633114035 0.245080342105
TA.446A.z -89.3645 30.7912 0.252701362205 0.253397566929
TA.K49A.z -83.4556 42.7835 0.246725362903 0.246150927419
TA.E37A.z -92.4 46.5658 0.246444560345 0.245693275862
TA.L15A.z -112.386 42.0041 0.256967288889 0.256291303704
TA.834A.z -98.5519 28.1251 0.255819284553 0.255152926829
TA.427A.z -103.402 30.8498 0.255063026087 0.25512913913
TA.240A.z -93.7626 32.0387 0.251601720588 0.251027808824
TA.W53A.z -83.163 35.1696 0.24768208547 0.247650957265
TA.W23A.z -106.15 35.1605 0.259053090909 0.258594487603
TA.J22A.z -106.479 43.4126 0.254288537313 0.253318798507
TA.R15A.z -112.277 38.2108 0.263898474138 0.264429146552
TA.R28A.z -101.811 38.3423 0.250238861789 0.250159869919
TA.V34A.z -97.5176 35.8345 0.249801286957 0.249347817391
TA.112A.z -114.58 32.5356 0.258629568966 0.258760086207
TA.U11A.z -115.383 36.423 0.26161298374 0.261475634146
TA.P48A.z -85.4258 39.4605 0.246542958333 0.245482791667
TA.F22A.z -106.257 45.7794 0.248874165138 0.248260440367
TA.D54A.z -76.657 47.152 0.248228556962 0.247856873418
TA.R54A.z -80.9904 38.1909 0.251014157895 0.251847592105
TA.L29A.z -100.478 42.0641 0.247636286957 0.248167643478
TA.U51A.z -84.0165 36.3786 0.248957419048 0.247678428571
TA.S29A.z -101.118 37.6199 0.248797663793 0.248999241379
TA.R11A.z -115.585 38.3489 0.260746696 0.261168904
TA.I27A.z -102.052 44.069 0.248711966102 0.248152932203
TA.N43A.z -89.1735 40.9394 0.246297639175 0.245847804124
TA.D16A.z -111.549 47.0308 0.252538779661 0.252913194915
TA.Q54A.z -80.8338 38.9836 0.25089541844 0.252392134752
TA.144A.z -90.4226 32.6304 0.2487659375 0.248765375
TA.V14A.z -113.105 35.6339 0.263040026549 0.263812283186
TA.X48A.z -87.0452 34.4517 0.24765991 0.24712571
TA.F30A.z -99.025 45.8356 0.251259379032 0.250167379032
TA.H15A.z -112.644 44.6173 0.264801383838 0.265303424242
TA.N58A.z -76.7158 40.8396 0.245619603774 0.245711886792
TA.P07A.z -118.889 39.5399 0.264047102273 0.263566045455
TA.SUSD.z -98.9556 44.4429 0.248632475 0.248467016667
TA.R35A.z -96.1988 38.3231 0.245225688525 0.244678934426
TA.R12A.z -114.608 38.3281 0.262495016 0.262158944
TA.K22A.z -106.524 42.6507 0.2540402 0.253203041379
TA.O12A.z -114.745 40.2679 0.262197481752 0.261261854015
TA.Z48A.z -87.5556 33.3764 0.246842885246 0.247116688525
TA.D35A.z -94.0529 47.081 0.244246608696 0.243537382609
TA.W28A.z -102.206 35.2574 0.255393945946 0.255840009009
TA.P18A.z -110.246 39.6279 0.257291491935 0.257336483871
TA.534A.z -98.4753 30.0284 0.249138065574 0.248979631148
TA.C20A.z -108.004 47.7133 0.252094175926 0.251401287037
TA.BBR.z -116.921 34.2623 0.259261022222 0.259322444444
TA.Q60A.z -75.8429 39.0016 0.247538424779 0.247055619469
TA.Z15A.z -112.158 33.2893 0.259321204082 0.258045428571
TA.X49A.z -86.326 34.5126 0.251749585106 0.251088712766
TA.R07C.z -119.047 38.089 0.264776181818 0.265714690909
TA.U53A.z -82.5765 36.3644 0.247543196262 0.247450794393
TA.L10A.z -116.471 42.0773 0.264445048 0.265148696
TA.I45A.z -86.2348 44.0361 0.247485115044 0.246436522124
TA.V60A.z -77.2629 35.765 0.249824930435 0.249053269565
TA.U45A.z -88.7635 36.3481 0.248547236559 0.248260569892
TA.I14A.z -113.452 43.9286 0.266868827273 0.267743818182
TA.Z27A.z -103.215 33.315 0.25240397561 0.251048756098
TA.K36A.z -94.4507 42.6381 0.246003438017 0.245863561983
TA.CNNC.z -77.8901 35.2393 0.247571288136 0.248225516949
TA.B29A.z -99.3535 48.4649 0.242496235294 0.242507201681
TA.M41A.z -90.5422 41.375 0.243445637795 0.243520496063
TA.G63A.z -69.6186 45.1147 0.250888871287 0.25038249505
TA.Q59A.z -76.6548 38.8644 0.248938339286 0.248572776786
TA.H22A.z -106.352 44.5943 0.252996758621 0.25236037931
TA.TIN.z -118.23 37.0542 0.2554701875 0.2557988125
TA.L53A.z -80.2598 41.9539 0.247991655172 0.247764117241
TA.S20A.z -108.36 37.83 0.262355641975 0.262886382716
TA.Z32A.z -99.4783 33.3066 0.248286545455 0.248578757576
TA.357A.z -81.4855 31.4239 0.250418123894 0.250032017699
TA.J39A.z -91.7062 43.3354 0.246680484615 0.245717538462
TA.M42A.z -89.7581 41.4546 0.246718464912 0.246490017544
TA.Q10A.z -116.4 38.8247 0.260496256198 0.261358826446
TA.T42A.z -91.0927 37.0301 0.244723041237 0.244031340206
TA.E38A.z -91.5542 46.6058 0.24606154955 0.245501585586
TA.P45A.z -87.7439 39.5277 0.245931294737 0.246213715789
TA.351A.z -85.6036 31.2753 0.249146723404 0.247902638298
TA.U31A.z -99.8508 36.3695 0.253056869159 0.252000906542
TA.K48A.z -84.1197 42.8032 0.2461795 0.246035550847
TA.735A.z -97.8081 28.8553 0.250834669355 0.251298548387
TA.A33A.z -95.3904 48.9371 0.246115057143 0.246120095238
TA.W56A.z -80.5828 35.135 0.247276538462 0.247134636364
TA.F18A.z -109.716 45.9046 0.252729627119 0.252646381356
TA.C40A.z -89.1514 47.9154 0.251600654545 0.251747490909
TA.W37A.z -95.4269 35.138 0.249826333333 0.2504885
TA.158A.z -80.1935 32.7364 0.252492031746 0.253707650794
TA.R47A.z -86.527 38.2957 0.248060142857 0.248186
TA.A26A.z -102.038 48.8973 0.250201067797 0.248981677966
TA.Z16A.z -111.427 33.341 0.260305053191 0.260521021277
TA.G45A.z -85.6571 45.0404 0.248482044248 0.247660123894
TA.Q28A.z -101.831 39.0623 0.248775155172 0.248660224138
TA.O23A.z -105.918 40.2109 0.256247487805 0.255645544715
TA.O41A.z -90.882 40.1156 0.248548898437 0.247226921875
TA.W40A.z -93.0693 35.1923 0.250293545455 0.250266969697
TA.646A.z -89.8245 29.5832 0.253079875 0.253059057692
TA.K02A.z -123.49 42.7667 0.260877852459 0.261031754098
TA.EGMT.z -109.755 48.024 0.251510257143 0.250161314286
TA.Q35A.z -96.0368 38.8586 0.245454102564 0.244578760684
TA.BRSD.z -98.9563 44.443 0.254996637931 0.254605655172
TA.C13A.z -114.574 47.6795 0.253479023392 0.253452210526
TA.E42A.z -87.914 46.4301 0.246788616162 0.246465808081
TA.256A.z -81.8878 31.9799 0.246245925 0.246213366667
TA.Z20A.z -108.592 33.1132 0.261382746269 0.261737776119
TA.W46A.z -88.3783 35.1333 0.247527940594 0.24585249505
TA.P46A.z -87.2067 39.6178 0.245344026786 0.244943660714
TA.U24A.z -105.278 36.4093 0.259266508197 0.260147254098
TA.E18A.z -109.914 46.5663 0.255209603306 0.254475090909
TA.I16A.z -111.487 43.8756 0.265580508929 0.264842651786
TA.J34A.z -95.9579 43.2844 0.245664893805 0.244831292035
TA.M49A.z -83.9752 41.4745 0.24636004918 0.246293237705
TA.H06A.z -120.335 44.7344 0.262102865385 0.262282298077
TA.P54A.z -80.4796 39.602 0.248792280702 0.247456421053
TA.NEE2.z -114.619 34.7676 0.255339557692 0.254861807692
TA.N45A.z -87.5118 40.8479 0.244233045045 0.243796378378
TA.E27A.z -101.564 46.4293 0.247928017094 0.246884094017
TA.T36A.z -95.8789 37.0605 0.249678521368 0.249653188034
TA.P34A.z -96.8268 39.5471 0.247054677966 0.246174508475
TA.N54A.z -79.9892 40.9617 0.24750104878 0.246702341463
TA.L62A.z -72.6617 42.0328 0.249680613861 0.24919109901
TA.BEL.z -115.998 34.0006 0.25838987234 0.258743765957
TA.M36A.z -94.8021 41.4537 0.246920738462 0.247024684615
TA.V38A.z -94.4077 35.8626 0.249299522936 0.248659302752
TA.U47A.z -87.2892 36.4413 0.246418768421 0.246028873684
TA.L61A.z -73.5543 42.1934 0.248196601942 0.249067116505
TA.Q07A.z -118.808 38.9383 0.263997979381 0.263564072165
TA.226B.z -104.165 32.0778 0.253280735849 0.253001584906
TA.M57A.z -77.128 41.3372 0.245380691589 0.244860663551
TA.U52A.z -83.3671 36.3929 0.247002169643 0.247532383929
TA.R19A.z -109.261 38.2916 0.257325226087 0.257058373913
TA.N11A.z -115.736 40.8167 0.262617863636 0.261665106061
TA.P29A.z -100.932 39.6021 0.246799834711 0.246774380165
TA.G62A.z -70.5319 45.2186 0.24945138835 0.249261563107
TA.230A.z -101.112 31.8878 0.247513433333 0.247020233333
TA.X55A.z -81.6336 34.4701 0.24741812069 0.247081965517
TA.U56A.z -80.3829 36.3472 0.24601280597 0.245227447761
TA.M25A.z -104.055 41.4347 0.253176176471 0.252940865546
TA.T45A.z -88.6447 37.0196 0.24728505102 0.246490234694
TA.E57A.z -74.1471 46.4117 0.245277534884 0.244835639535
TA.DEC.z -118.334 34.2535 0.254035302326 0.256182790698
TA.W31A.z -99.9435 35.1864 0.252911485981 0.252618158879
TA.N22A.z -106.454 40.8023 0.258004779221 0.257733915584
TA.130A.z -100.965 32.5961 0.249159686441 0.248838135593
TA.L40A.z -91.2218 42.0628 0.244308207407 0.244074659259
TA.R49A.z -85.1714 38.2916 0.247529069231 0.247721538462
TA.J17A.z -110.712 43.3629 0.259416888889 0.255975716049
TA.L43A.z -88.7423 42.1833 0.246389088235 0.245434284314
TA.N16A.z -111.437 40.8869 0.259781308943 0.259620674797
TA.245A.z -89.8958 32.0322 0.250663 0.249747109375
TA.B08A.z -119.333 48.3584 0.255994754237 0.255185
TA.I46A.z -85.4472 43.9411 0.248235932773 0.247316563025
TA.V18A.z -109.933 35.7113 0.259728761905 0.259265039683
TA.T26A.z -103.593 37.1747 0.251562 0.25162755
TA.544A.z -91.1612 30.11 0.256137238095 0.255798253968
TA.L04A.z -121.891 42.175 0.2594705 0.259978066667
TA.H65A.z -68.2469 44.6961 0.251606524752 0.251646534653
TA.X39A.z -94.1138 34.5105 0.25248508 0.252272464
TA.S36A.z -95.5923 37.724 0.248218439024 0.248263113821
TA.R24A.z -105.107 38.2315 0.257524008264 0.257608380165
TA.S46A.z -87.7153 37.6849 0.247129079208 0.246590128713
TA.325A.z -104.971 31.3711 0.255848027778 0.256082787037
TA.429A.z -101.894 30.6248 0.249607669643 0.249257008929
TA.X51A.z -84.8574 34.5658 0.247761796748 0.248921227642
TA.A24A.z -104.002 48.9239 0.251073803922 0.250891676471
TA.U33A.z -98.1135 36.4327 0.250258316667 0.248655041667
TA.T23A.z -106.037 37.0361 0.258701123894 0.258644460177
TA.K08A.z -118.486 42.7308 0.26713522 0.26637316
TA.N24A.z -104.882 40.8271 0.253422610169 0.252743381356
TA.PFO.z -116.459 33.6117 0.258535653061 0.258578408163
TA.E45A.z -85.1774 46.3563 0.248602890909 0.248423290909
TA.S56A.z -79.5662 37.6771 0.248015621849 0.248139411765
TA.W41B.z -92.2479 35.1736 0.24827752381 0.248195055556
TA.T44A.z -89.5896 37.086 0.246435782178 0.245356821782
TA.Q57A.z -78.4107 39.0353 0.249050652174 0.248855834783
TA.E16A.z -111.676 46.5336 0.253951398305 0.253431423729
TA.V61A.z -76.5776 35.7912 0.250327843478 0.24972853913
TA.119A.z -109.303 32.7663 0.259519444444 0.258885282051
TA.P30A.z -100.247 39.5442 0.248068603306 0.24711531405
TA.153A.z -83.8316 32.6499 0.246149798246 0.245987745614
TA.N26A.z -103.222 40.8289 0.251153207207 0.250687108108
TA.225A.z -104.823 32.1101 0.255948327434 0.255990451327
TA.P15A.z -112.279 39.5708 0.263632142857 0.264447380952
TA.Y14A.z -113.005 33.9383 0.258878068702 0.258327236641
TA.G39A.z -91.1698 45.2867 0.243627523364 0.243525028037
TA.034A.z -98.6833 27.0647 0.257871392 0.257624632
TA.E51A.z -79.4924 46.5333 0.244672538462 0.243891
TA.H39A.z -91.2833 44.6797 0.245516818182 0.244963072727
TA.336A.z -96.8443 31.387 0.251157313433 0.250671320896
TA.B30A.z -98.3286 48.4505 0.246147478992 0.245858588235
TA.W61A.z -76.9909 35.1773 0.249190442478 0.249457415929
TA.W27A.z -103.063 35.0637 0.257577828829 0.257803315315
TA.J31A.z -98.7396 43.2915 0.24719029661 0.246613372881
TA.P40A.z -92.0483 39.5299 0.247427062016 0.247018248062
TA.I17A.z -110.576 43.92 0.258082309524 0.256488047619
TA.N61A.z -74.2969 40.7519 0.245927524752 0.245336584158
TA.W48A.z -86.9333 35.1386 0.248208360825 0.24780242268
TA.O40A.z -91.874 40.1212 0.248020966942 0.246523272727
TA.Q30A.z -100.221 38.9772 0.24896780531 0.248366681416
TA.E62A.z -69.5227 46.6201 0.244026870968 0.243712172043
TA.249A.z -87.1225 31.9752 0.247459465347 0.247401316832
TA.Z52A.z -84.4176 33.1893 0.248494725275 0.247967626374
TA.GRA.z -117.366 36.9961 0.261836 0.260358047619
TA.V39A.z -93.645 35.8389 0.248435195489 0.248043278195
TA.Q41A.z -91.2317 38.9539 0.247704192308 0.247944384615
TA.SHO.z -116.275 35.8996 0.258724127273 0.259206272727
TA.543A.z -91.8557 30.0856 0.257306867769 0.256053677686
TA.L38A.z -92.9597 42.141 0.246345059829 0.246047487179
TA.J07A.z -119.311 43.3736 0.265994927083 0.2659955625
TA.X28A.z -102.197 34.5185 0.25242304717 0.252559858491
TA.035Z.z -98.0683 26.463 0.259462753968 0.259284436508
TA.E11A.z -116.209 46.3559 0.254028721739 0.253461356522
TA.F27A.z -102.02 45.8727 0.246713230088 0.245922371681
TA.D03A.z -123.771 47.1161 0.257903560976 0.257668780488
TA.H63A.z -70.0353 44.6616 0.252134869159 0.251747915888
TA.E48A.z -82.1653 46.4809 0.244704389381 0.244598787611
TA.Y26A.z -103.825 33.9232 0.25441517 0.25370706
TA.G09A.z -117.78 45.2781 0.257821689655 0.258805525862
TA.V31A.z -99.8425 35.7739 0.252997927083 0.252742489583
TA.W35A.z -96.8745 35.1527 0.247363322314 0.246489371901
TA.Z25A.z -104.717 33.2797 0.251655763636 0.250409472727
TA.333A.z -98.9841 31.3249 0.249466936508 0.247912468254
TA.U58A.z -78.5493 36.3944 0.247464807018 0.247024482456
TA.X30A.z -100.874 34.4461 0.250552907563 0.250301294118
TA.Y44A.z -90.2112 33.9618 0.24836152459 0.247491909836
TA.349A.z -87.1924 31.3504 0.251210587629 0.24957556701
TA.X22A.z -107.01 34.5058 0.260305904348 0.259781078261
TA.V46A.z -88.1177 35.8007 0.246337674157 0.24591158427
TA.J38A.z -92.4755 43.319 0.247935724409 0.246805338583
TA.M66A.z -70.1353 41.259 0.250883 0.246367340909
TA.537A.z -96.3155 30.0799 0.252935538462 0.252646982906
TA.U25A.z -104.408 36.3998 0.255142983471 0.254988917355
TA.457A.z -81.5563 30.6199 0.254258743802 0.254328173554
TA.342A.z -92.3249 31.3747 0.253192280303 0.252762075758
TA.Q09A.z -117.182 38.834 0.261176785714 0.260955959184
TA.H26A.z -102.774 44.6168 0.248076642276 0.24755602439
TA.SPMN.z -92.8037 45.2246 0.24949087574 0.248562911243
TA.D30A.z -98.7576 47.1082 0.246193991304 0.246022756522
TA.D48A.z -81.8072 47.1743 0.248907991379 0.249009853448
TA.Z46A.z -88.9414 33.1933 0.24600205 0.2461645
TA.447A.z -88.6542 30.7952 0.2511746875 0.251354539062
TA.M45A.z -87.2504 41.3881 0.249658237624 0.248919861386
TA.WVT.z -87.83 36.1297 0.250794564815 0.25063187963
TA.Z54A.z -82.8417 33.2362 0.247720938462 0.247830276923
TA.G41A.z -89.1816 45.2118 0.242242088235 0.241957303922
TA.T57A.z -79.2538 36.9983 0.246093452174 0.245920391304
TA.Y31A.z -100.261 33.9629 0.248673760417 0.24923475
TA.J09A.z -117.754 43.3471 0.266865330435 0.266148382609
TA.M40A.z -91.5121 41.406 0.243341931373 0.24338704902
TA.U44A.z -89.6863 36.5047 0.248102311321 0.247912141509
TA.D21A.z -106.994 47.0658 0.252261612069 0.251597689655
TA.K41A.z -90.3046 42.6071 0.245104066116 0.244455983471
TA.R43A.z -89.9308 38.276 0.24722389899 0.246738030303
TA.Q08A.z -117.932 38.8606 0.262152913043 0.262057586957
TA.N27A.z -102.537 40.8063 0.2512063125 0.251041857143
TA.Y12C.z -114.524 33.7503 0.258655959184 0.258330333333
TA.P12A.z -114.908 39.4731 0.260468823077 0.260308523077
TA.D07A.z -119.973 47.1936 0.261273814159 0.260522769912
TA.O20A.z -108.242 40.1348 0.259338222222 0.259169725926
TA.L57A.z -76.8492 42.0005 0.247509936937 0.247392279279
TA.H45A.z -86.044 44.6232 0.248607070796 0.247055530973
TA.H40A.z -90.3905 44.622 0.24417987395 0.244084327731
TA.R42A.z -90.7944 38.2804 0.247742353535 0.247184858586
TA.V47A.z -87.5205 35.8278 0.247198074468 0.247062521277
TA.K16A.z -111.588 42.8321 0.259922877049 0.259300368852
TA.O13A.z -113.981 40.1314 0.263554362903 0.262762120968
TA.AGMN.z -95.8619 48.2977 0.24800064 0.24954976
TA.I18A.z -109.817 43.7013 0.2580864375 0.257617928571
TA.H37A.z -92.9181 44.5812 0.247141590551 0.247499228346
TA.Y34A.z -97.7573 33.9574 0.249745756303 0.249117789916
TA.X56A.z -81.0319 34.4923 0.246958534351 0.24616148855
TA.D04A.z -122.803 47.1109 0.257215915789 0.2576982
TA.Z18A.z -110.036 33.0851 0.261541057692 0.262103
TA.S30A.z -100.464 37.6402 0.249445373913 0.249448382609
TA.O25A.z -104.12 40.1129 0.254991405172 0.254248724138
TA.E25A.z -103.401 46.5009 0.2481610625 0.247220632813
TA.736A.z -97.0673 28.955 0.252805301887 0.252630839623
TA.CWC.z -118.08 36.4399 0.258661291667 0.258036416667
TA.N49A.z -84.1825 40.922 0.246384134454 0.246148915966
TA.E30A.z -98.9098 46.5021 0.250036774775 0.248820684685
TA.I42A.z -88.9134 43.8908 0.247120391304 0.246532869565
TA.O57A.z -77.6354 40.2104 0.246448878505 0.246015663551
TA.Z39A.z -94.1822 33.2418 0.250340454545 0.251323181818
TA.528A.z -102.788 30.1615 0.254864880734 0.255178155963
TA.Z51A.z -85.1747 33.3167 0.247895670455 0.247385636364
TA.MLAC.z -118.836 37.6302 0.258770674419 0.25868755814
TA.244A.z -90.6856 32.0422 0.250326165354 0.250722070866
TA.L18A.z -110.036 41.9243 0.255940947368 0.254330403509
TA.M55A.z -78.7649 41.4686 0.248417387097 0.247239956989
TA.U50A.z -84.8431 36.4156 0.248054712871 0.247061673267
TA.T46A.z -87.8941 37.0417 0.24783709 0.24682495
TA.P19A.z -108.981 39.6333 0.256513852349 0.256463456376
TA.P39B.z -92.7541 39.4876 0.245862378641 0.24592592233
TA.Y33A.z -98.6256 34.0081 0.251631652893 0.250774528926
TA.D12A.z -115.353 47.0528 0.253573621622 0.252992668919
TA.SFIN.z -87.0967 40.379 0.246544018018 0.24669736036
TA.O53A.z -81.2129 40.2493 0.247733295455 0.245374568182
TA.K57A.z -76.5163 42.7313 0.246152207207 0.246814306306
TA.U20A.z -108.52 36.3758 0.261325740741 0.2610495
TA.S58A.z -78.0511 37.6126 0.249431926606 0.248765944954
TA.S44A.z -89.2551 37.6936 0.249828160305 0.249551847328
TA.C07A.z -120.061 47.6902 0.256280362069 0.25518937069
TA.251A.z -85.409 32.0929 0.2455684375 0.246105802083
TA.J13A.z -114.174 43.3979 0.2642789875 0.26432300625
TA.T58A.z -78.5338 36.9454 0.245723362069 0.245484301724
TA.A20A.z -107.926 48.8799 0.250821666667 0.250563181818
TA.Z47A.z -88.0696 33.199 0.245368393617 0.246063244681
TA.M34A.z -96.583 41.5025 0.244303592 0.244513024
TA.N21A.z -107.52 40.76 0.258251467213 0.258684040984
TA.K39A.z -91.8878 42.705 0.245944692308 0.244864615385
TA.426A.z -104.029 30.6689 0.256604991304 0.257158095652
TA.W51A.z -84.7599 35.1606 0.247410037383 0.247887841121
TA.O59A.z -76.1859 40.3114 0.24478193 0.24550236
TA.G55A.z -76.7187 45.2532 0.248033055556 0.246825155556
TA.P06A.z -119.898 39.6785 0.261815877551 0.261680295918
TA.X34A.z -97.8326 34.601 0.248409016 0.248575448
TA.G27A.z -101.931 45.3791 0.247572061947 0.246915415929
TA.R45A.z -88.2812 38.2926 0.24847827451 0.247660647059
TA.F31A.z -98.2525 45.8598 0.244049130841 0.243997168224
TA.C38A.z -91.2732 47.7171 0.246838147541 0.24666607377
TA.H52A.z -79.8888 44.6422 0.246765407407 0.245754024691
TA.U14A.z -113.18 36.4182 0.264788736 0.264576704
TA.H41A.z -89.6534 44.6164 0.246366636364 0.245458845455
TA.P43A.z -89.5213 39.6409 0.246404111111 0.245812102564
TA.958A.z -81.7543 27.5855 0.249026912088 0.248066494505
TA.X29A.z -101.701 34.4452 0.251022801887 0.251046566038
TA.140A.z -93.574 32.6408 0.251123046875 0.251241046875
TA.R59A.z -77.1164 38.2005 0.24791545614 0.247138780702
TA.V29A.z -101.521 35.8734 0.255989158879 0.255896392523
TA.S11A.z -115.747 37.6444 0.261892856061 0.261781348485
TA.V59A.z -78.2394 35.7649 0.24844279661 0.247601059322
TA.F21A.z -107.123 45.8231 0.249043958678 0.249379966942
TA.A16A.z -111.597 48.9482 0.25001038843 0.249328214876
TA.O39A.z -92.5438 40.2544 0.245372253968 0.244748896825
TA.131A.z -100.389 32.6737 0.248342008621 0.247574551724
TA.A23A.z -104.879 48.9592 0.250574351852 0.250529296296
TA.M05C.z -121.146 41.3593 0.264799787879 0.26455030303
TA.O34A.z -96.6936 40.1831 0.246655912 0.246984128
TA.832A.z -99.9743 28.2844 0.25249842623 0.252799704918
TA.E06A.z -120.979 46.5433 0.263200196078 0.26331504902
TA.738A.z -95.6481 28.8404 0.255432603448 0.255100060345
TA.328A.z -102.81 31.3818 0.253110081818 0.252412627273
TA.W20A.z -108.5 35.1259 0.261453322314 0.261399008264
TA.N47A.z -85.6942 40.8801 0.247251128205 0.246191538462
TA.C05A.z -121.689 47.6947 0.256261144578 0.255932771084
TA.HRV.z -71.5583 42.5064 0.2510455 0.250328
TA.F09A.z -117.909 45.7087 0.25710385 0.257184233333
TA.S09A.z -117.225 37.7243 0.262337793478 0.262364152174
TA.W25A.z -104.461 35.2177 0.258784530435 0.257908826087
TA.318A.z -109.991 31.439 0.259072258333 0.25848495
TA.V11A.z -115.43 35.8384 0.259540754237 0.259444516949
TA.H10A.z -116.747 44.589 0.258230745902 0.258701114754
TA.637A.z -96.3324 29.439 0.254217903846 0.253314442308
TA.J55A.z -77.8167 43.2657 0.248944114583 0.248140854167
TA.I31A.z -98.5352 44.0297 0.245508655462 0.244524731092
TA.J57A.z -75.9968 43.4099 0.248495142857 0.248641428571
TA.SCZ2.z -119.635 33.9954 0.25543972093 0.255313116279
TA.247A.z -88.6102 32.053 0.24959545082 0.248710188525
TA.U27A.z -102.825 36.4213 0.252002364486 0.251233121495
TA.425A.z -104.986 30.7862 0.256796801802 0.25703327027
TA.S06C.z -119.849 37.8817 0.262689984127 0.26275331746
TA.I22A.z -106.484 43.8924 0.251231381356 0.250949423729
TA.H17A.z -110.576 44.3951 0.2565395 0.256874072727
TA.Z56A.z -81.3687 33.3253 0.249687322222 0.248413688889
TA.Z35A.z -97.253 33.3308 0.249941351648 0.24874910989
TA.227A.z -103.292 32.012 0.253963788991 0.25353712844
TA.V37A.z -95.141 35.883 0.246567877358 0.246238132075
TA.G12A.z -115.326 45.1285 0.257597345133 0.257874690265
TA.O11A.z -115.657 40.1313 0.263198062992 0.261868519685
TA.H04A.z -122.186 44.6837 0.25889383 0.25885542
TA.VES.z -119.085 35.8409 0.252067913043 0.253519152174
TA.S05C.z -120.33 37.346 0.260795032258 0.260798967742
TA.N35A.z -95.6425 40.8612 0.248794882812 0.248918703125
TA.T19A.z -109.025 36.8299 0.259640551181 0.259440181102
TA.U42A.z -91.2383 36.3514 0.249654619835 0.248822115702
TA.L39A.z -92.0007 42.1234 0.244932491525 0.244850889831
TA.S27A.z -102.898 37.6837 0.252182081967 0.251989631148
TA.J25A.z -103.803 43.3901 0.252108977273 0.252307916667
TA.658A.z -81.2578 29.422 0.251460738739 0.251286306306
TA.V41A.z -92.1554 35.7851 0.249068571429 0.248700309524
TA.S59A.z -77.2942 37.762 0.249192 0.248366731092
TA.Z26A.z -103.98 33.2716 0.250912644444 0.249962111111
TA.M58A.z -76.4603 41.3721 0.247675377193 0.246566517544
TA.J52A.z -80.4764 43.2407 0.246731836364 0.246373072727
TA.557A.z -81.7291 30.016 0.252662287037 0.252282574074
TA.V26A.z -103.786 35.7964 0.255971652893 0.256094471074
TA.G25A.z -103.417 45.1935 0.248858491525 0.24805340678
TA.F32A.z -97.1264 45.8705 0.242964727273 0.242671663636
TA.L34A.z -96.3762 41.9666 0.246234861538 0.244991969231
TA.W17A.z -110.713 35.0789 0.26126295082 0.262259942623
TA.338A.z -95.3106 31.3567 0.252416853659 0.252821845528
TA.K31A.z -98.7546 42.6229 0.246475 0.24546112037
TA.U35A.z -96.7318 36.3709 0.247291963303 0.246165082569
TA.I06A.z -120.211 43.9437 0.267313368932 0.267261349515
TA.GLMI.z -84.6175 44.8245 0.246710033898 0.245831144068
TA.OGNE.z -102.033 40.9451 0.254914927536 0.253714014493
TA.I43A.z -88.146 43.8844 0.245483299065 0.245061831776
TA.431A.z -100.608 30.6824 0.250974896552 0.251847741379
TA.326A.z -103.979 31.3165 0.257168826087 0.257629678261
TA.Q12A.z -114.83 39.04 0.261078798319 0.260475134454
TA.S24A.z -105.213 37.6407 0.259837361111 0.259519425926
TA.D31A.z -97.7226 47.0481 0.243233746154 0.242328469231
TA.O50A.z -83.6199 40.1468 0.247554084615 0.246337230769
TA.O61A.z -74.553 40.0934 0.245532043478 0.244769765217
TA.H61A.z -71.9271 44.5339 0.250650634615 0.25062275
TA.J21A.z -107.446 43.3459 0.252017567164 0.25129
TA.Q24A.z -105.149 38.9641 0.255765642276 0.25564795935
TA.P59A.z -76.4327 39.6101 0.247505473214 0.247550741071
TA.G38A.z -91.8549 45.1693 0.243451392157 0.243370558824
TA.344A.z -90.7318 31.4527 0.250181133333 0.250392266667
TA.F15A.z -112.493 45.8409 0.257180704545 0.256224784091
TA.BW06.z -109.558 42.7667 0.258672918919 0.258436486486
TA.J18A.z -110.02 43.2112 0.257759840426 0.255988446809
TA.M06C.z -120.477 41.2047 0.265382015873 0.26471647619
TA.E13A.z -114.188 46.4423 0.256746716867 0.255939885542
TA.U46A.z -88.1773 36.359 0.247003095745 0.246740095745
TA.O37A.z -94.1461 40.1664 0.246049578512 0.245505917355
TA.E64A.z -67.8285 46.4184 0.251823313131 0.251344757576
TA.F45A.z -85.5156 45.6837 0.247833340426 0.247716180851
TA.L54A.z -79.3162 42.2345 0.24642927551 0.24613294898
TA.532A.z -99.9049 30.1278 0.251504650943 0.251855075472
TA.N38A.z -93.235 40.7931 0.247671055118 0.246059275591
TA.Y55A.z -81.8581 33.9375 0.245911589286 0.245496383929
TA.MVCO.z -108.499 37.2103 0.2560286 0.2562618
TA.H11A.z -116.013 44.7035 0.258568704918 0.258796360656
TA.G40A.z -90.2006 45.2684 0.245848612069 0.245293827586
TA.H55A.z -77.183 44.5505 0.249235877778 0.248564822222
TA.E21A.z -107.076 46.5408 0.249966865079 0.25003102381
TA.I11A.z -115.958 43.9121 0.262044945312 0.261746335938
TA.G31A.z -98.2083 45.2254 0.244515897436 0.243764504274
TA.348A.z -87.9023 31.4129 0.252088242647 0.251110360294
TA.552A.z -85.2938 30.1327 0.25251193617 0.252586925532
TA.K54A.z -78.6908 42.6097 0.24764954 0.24731859
TA.757A.z -82.0685 28.9413 0.248435463158 0.248125631579
TA.Z44A.z -90.4322 33.2773 0.247666695238 0.247603780952
TA.C09A.z -118.274 47.8006 0.254733254237 0.253989271186
TA.K51A.z -81.5082 42.7223 0.246380375 0.2466806875
TA.P37A.z -94.3491 39.5882 0.246466376923 0.245665069231
TA.I32A.z -97.4643 44.0271 0.245615783333 0.245123841667
TA.X17A.z -110.806 34.3371 0.262232403509 0.263025868421
TA.634A.z -98.3515 29.3815 0.253027563492 0.253495928571
TA.Z30A.z -101.128 33.2861 0.244163546512 0.244572523256
TA.143A.z -91.4036 32.7032 0.249732731544 0.250097261745
TA.M24A.z -104.825 41.4676 0.252372763636 0.252381127273
TA.936A.z -97.3091 27.4208 0.255847503876 0.255561325581
TA.J12A.z -115.098 43.25 0.26645 0.266520772358
TA.K55A.z -78.0696 42.7278 0.249943081633 0.248931806122
TA.Q32A.z -98.5596 38.9908 0.247067026316 0.247519210526
TA.G58A.z -74.054 45.1492 0.249975146552 0.249936310345
TA.G57A.z -74.9855 45.1036 0.248755144068 0.248071635593
TA.O30A.z -100.057 40.1791 0.249929765217 0.249220773913
TA.N28A.z -101.541 40.6873 0.250133853448 0.249556181034
TA.R51A.z -83.5834 38.3001 0.249203112903 0.248609193548
TA.OSI.z -118.724 34.6145 0.25566497619 0.256045833333
TA.535A.z -97.5711 30.029 0.252194424779 0.251756106195
TA.Y22D.z -106.921 34.0739 0.257105937008 0.257183559055
TA.L14A.z -113.24 42.0343 0.260476653226 0.260227895161
TA.I47A.z -84.5096 44.0193 0.248800411765 0.248319571429
TA.350A.z -86.3353 31.4207 0.24862397 0.24801308
TA.T17A.z -110.804 36.9969 0.25934522807 0.258999096491
TA.B09A.z -118.149 48.4226 0.253722557377 0.253624237705
TA.R23A.z -105.826 38.1907 0.258538683168 0.258826168317
TA.I52A.z -80.177 44.068 0.246145694215 0.245507876033
TA.NATX.z -94.661 31.7598 0.253129683453 0.252244381295
TA.Y53A.z -83.5836 33.8554 0.248848885965 0.248096368421
TA.U32A.z -99.0014 36.3795 0.248572831933 0.246965529412
TA.Q29A.z -100.979 38.8905 0.248529081818 0.248283427273
TA.E07A.z -119.855 46.5585 0.261316243902 0.260786772358
TA.O04C.z -121.086 40.32 0.261302361111 0.262712986111
TA.O18A.z -110.008 40.2655 0.256198226891 0.256546445378
TA.V24A.z -105.272 35.7259 0.259054587156 0.259026385321
TA.G28A.z -100.916 45.0749 0.247815793103 0.246546767241
TA.113A.z -113.767 32.7683 0.261193926471 0.260507661765
TA.434A.z -98.269 30.8142 0.250714302326 0.249627372093
TA.H03A.z -123.292 44.6765 0.258799236842 0.258879394737
TA.V49A.z -85.903 35.7663 0.247362401869 0.247032850467
TA.L20A.z -108.34 42.0073 0.253446468254 0.25386002381
TA.X53A.z -83.3013 34.5031 0.248179401515 0.247578871212
TA.U44B.z -89.3507 36.3391 0.24865076 0.24702036
TA.J45A.z -86.3889 43.4354 0.245352032787 0.245170745902
TA.S23A.z -106.002 37.7059 0.260425603175 0.259634674603
TA.S19A.z -109.137 37.7459 0.25897695935 0.259121186992
TA.P32A.z -98.6011 39.6223 0.250391976744 0.249900767442
TA.Z33A.z -98.7648 33.2865 0.248388091743 0.248013972477
TA.239A.z -94.4707 32.0179 0.255442762295 0.25358757377
TA.E29A.z -99.642 46.5682 0.246810958333 0.245776525
TA.M38A.z -93.1965 41.4175 0.245787361538 0.245445807692
TA.I34A.z -95.86 44.0392 0.245252008696 0.244304808696
TA.X21A.z -107.786 34.4457 0.260194563636 0.261071063636
TA.K62A.z -72.2345 42.6651 0.24659193 0.24694587
TA.Y58A.z -79.6665 33.9057 0.251456337079 0.251208719101
TA.W54A.z -82.1859 35.0857 0.246991345588 0.246475
TA.P61A.z -74.7919 39.6734 0.248119101852 0.247736361111
TA.P55A.z -79.8265 39.5078 0.248189615385 0.248184259615
TA.M17A.z -110.666 41.4729 0.255547744898 0.254472132653
TA.O01C.z -123.82 40.1398 0.259889561644 0.259225287671
TA.A29A.z -99.2321 48.9228 0.245231658333 0.245302066667
TA.X14A.z -112.891 34.4692 0.261856837209 0.261953403101
TA.C37A.z -92.1853 47.7283 0.245390738739 0.245535873874
TA.F26A.z -102.67 45.8512 0.24570153913 0.245131373913
TA.Y54A.z -82.688 33.8621 0.25016274359 0.249443128205
TA.M01C.z -124.122 41.8473 0.263282777778 0.262874347222
TA.M02C.z -122.854 41.392 0.26042596875 0.2604529375
TA.X40A.z -92.8342 34.4873 0.251571824 0.251283728
TA.K47A.z -84.9993 42.6704 0.245561369748 0.244833319328
TA.355A.z -82.8518 31.3438 0.247411527778 0.247117722222
TA.E03A.z -123.563 46.5459 0.25699318 0.25603254
TA.H25A.z -103.598 44.6215 0.2487611 0.24850325
TA.A14A.z -113.422 48.9725 0.254485357143 0.254455968254
TA.V04C.z -120.87 35.636 0.261138854167 0.26021475
TA.M23A.z -105.722 41.468 0.254904396396 0.253146693694
TA.O09A.z -117.19 40.1697 0.26223376 0.26214328
TA.P28A.z -101.755 39.5732 0.250250685484 0.249628153226
TA.139A.z -94.3927 32.6795 0.251189052174 0.251290730435
TA.353A.z -84.2172 31.3474 0.249582198347 0.24841207438
TA.R40A.z -92.2684 38.2909 0.24712437069 0.24761362069
TA.V15A.z -112.173 35.8191 0.263481153153 0.263572378378
TA.Z41A.z -92.803 33.2577 0.2528581 0.252427058333
TA.C12B.z -115.475 47.7092 0.254546764228 0.253886154472
TA.L61B.z -72.6802 42.4498 0.249106240385 0.249147721154
TA.343A.z -91.6169 31.2839 0.254017804348 0.253867826087
TA.E10A.z -117.11 46.485 0.253347666667 0.252928512821
TA.E24A.z -104.307 46.5608 0.251105703704 0.250142703704
TA.E19A.z -108.786 46.4611 0.250677354545 0.249817454545
TA.U59A.z -77.7925 36.3526 0.246439042373 0.246315635593
TA.D51A.z -79.3733 47.0904 0.246307492958 0.246081338028
TA.X25A.z -104.662 34.5271 0.256434231481 0.25595087963
TA.G65A.z -67.5632 45.2002 0.249313705263 0.248063073684
TA.O43A.z -89.313 40.2856 0.244555914286 0.244524819048
TA.MPP.z -119.814 34.8885 0.25734528125 0.2546688125
TA.250A.z -86.2677 31.9778 0.247174894231 0.246935865385
TA.536A.z -97.0652 30.0756 0.252302946429 0.252310071429
TA.437A.z -96.1386 30.8292 0.253076746032 0.253162079365
TA.P24A.z -104.908 39.5144 0.255990647541 0.255455270492
TA.T28A.z -102.114 37.1204 0.252286231405 0.251280561983
TA.237A.z -95.8084 32.0015 0.251616061069 0.251305267176
TA.R39A.z -93.0383 38.3138 0.24550645 0.245197591667
TA.531A.z -100.546 30.1645 0.250208706897 0.251395465517
TA.633A.z -99.1766 29.4591 0.252573503876 0.252693806202
TA.O29A.z -100.798 40.1253 0.248060846154 0.247006948718
TA.N30A.z -100.1 40.7957 0.249261009091 0.248160963636
TA.U38A.z -94.3857 36.4394 0.249264101852 0.248437314815
TA.H18A.z -109.664 44.6769 0.25478426 0.25381971
TA.430A.z -101.236 30.7866 0.25034372973 0.250451261261
TA.835A.z -97.8297 28.287 0.25755721374 0.256556717557
TA.X32A.z -99.2854 34.4214 0.249339920635 0.249173452381
TA.S47A.z -86.8779 37.5946 0.246408650794 0.246300650794
TA.G04A.z -122.478 45.2059 0.2591481875 0.2586104375
TA.K14A.z -113.176 42.5452 0.262649196429 0.262573541667
TA.U60A.z -77.1596 36.4718 0.249513714286 0.249010184874
TA.K01A.z -124.469 42.8088 0.259985986667 0.259792666667
TA.109C.z -117.105 32.8889 0.257034416667 0.2558064375
TA.D49A.z -81.3562 47.2726 0.248666219512 0.248563073171
TA.T29A.z -101.294 37.1565 0.250199125 0.249489116071
TA.O52A.z -81.8361 40.1158 0.248408626582 0.246725601266
TA.R17A.z -110.711 38.4187 0.256298102362 0.25584315748
TA.H46A.z -85.2034 44.5397 0.247843858491 0.247126396226
TA.L07A.z -119.34 42.0187 0.266496030928 0.265705319588
TA.KSCO.z -102.627 39.0112 0.254175388489 0.254338496403
TA.U54A.z -81.8204 36.5209 0.247754080292 0.247317153285
TA.O42A.z -90.0812 40.1956 0.245651017699 0.24462080531
TA.G03A.z -123.281 45.3153 0.257204256098 0.256806353659
TA.H47A.z -84.2062 44.5994 0.246904825 0.246981833333
TA.SUTB.z -121.786 39.2291 0.262388903846 0.261694076923
TA.126A.z -104.02 32.6462 0.255093654206 0.253378373832
TA.C39A.z -90.1289 47.8171 0.252368056 0.251720088
TA.R46A.z -87.5114 38.2124 0.24785944898 0.247579632653
TA.S10A.z -116.595 37.923 0.263457370968 0.262793169355
TA.858A.z -81.3616 28.2126 0.248803822917 0.248989697917
TA.TPNV.z -116.249 36.9488 0.25017 0.251705833333
TA.N57A.z -77.5509 40.7556 0.24655447619 0.246327428571
TA.R44A.z -89.0809 38.2475 0.248796055556 0.248368246032
TA.D34A.z -95.1952 47.0851 0.244715743119 0.243338733945
TA.X42A.z -91.6262 34.5532 0.249241580952 0.248800609524
TA.S31A.z -99.4845 37.6193 0.250032577586 0.24980862069
TA.HATC.z -121.461 40.8161 0.260835137931 0.261521362069
TA.MPM.z -117.489 36.058 0.258972826087 0.257882565217
TA.Q18A.z -110.133 39.1025 0.256846864 0.256132256
TA.L13A.z -113.944 42.0886 0.264888529915 0.265504598291
TA.N08A.z -118.134 40.7811 0.261719897959 0.262435765306
TA.G59A.z -73.1809 45.0807 0.250730495327 0.25002753271
TA.G64A.z -68.7558 45.2527 0.249173330097 0.24850576699
TA.ECSD.z -96.6141 43.7337 0.245230116279 0.244762872093
TA.Y59A.z -78.8737 33.9897 0.247978095238 0.248613535714
TA.T56A.z -80.0311 37.0288 0.24770118705 0.247499122302
TA.335A.z -97.4271 31.2819 0.251904112 0.251793848
TA.C08A.z -119.045 47.7849 0.254111531532 0.25216381982
TA.T12A.z -114.715 36.7256 0.262168944882 0.262285165354
TA.Y60A.z -78.2163 34.0046 0.245461692308 0.246435021978
TA.I10A.z -116.803 44.086 0.261674112 0.26135104
TA.L49A.z -83.7672 42.1088 0.248014821429 0.248594267857
TA.L26A.z -103.079 42.0367 0.250898068376 0.250764854701
TA.M16A.z -111.63 41.3146 0.257001266129 0.256055322581
TA.M20A.z -108.187 41.4906 0.254492569231 0.254350669231
TA.D19A.z -108.88 47.1646 0.251740588235 0.251981088235
TA.K15A.z -112.531 42.6852 0.260544 0.258750346457
TA.B34A.z -94.6501 48.486 0.246751369369 0.246672522523
TA.M63A.z -72.0464 41.4038 0.249050237624 0.248471128713
TA.B35A.z -93.7261 48.3603 0.248370570248 0.247482768595
TA.R21A.z -107.55 38.3685 0.261075857143 0.26129510084
TA.J61A.z -72.5535 43.3462 0.251235057143 0.250671133333
TA.219A.z -109.259 31.9989 0.258067368421 0.257216061404
TA.P26A.z -103.346 39.5602 0.254555396552 0.253548603448
TA.R08A.z -118.106 38.3489 0.2612560625 0.26159709375
TA.Z57A.z -80.7039 33.297 0.253189359375 0.251399078125
TA.T05C.z -120.674 36.8953 0.25751604 0.25606138
TA.H23A.z -105.401 44.562 0.252630725664 0.251640230088
TA.T30A.z -100.527 37.0526 0.251385156522 0.251297713043
TA.U10A.z -116.33 36.4193 0.258669446429 0.258418955357
TA.G05A.z -121.317 45.2422 0.260781505618 0.261029505618
TA.HEC.z -116.335 34.8294 0.25294072973 0.254317351351
TA.Y51A.z -85.064 33.8993 0.247625852459 0.247183713115
TA.J29A.z -100.325 43.4061 0.250517281553 0.249953067961
TA.540A.z -93.9796 30.2093 0.256257411215 0.255148570093
TA.X59A.z -78.6023 34.572 0.248583643564 0.248536118812
TA.S32A.z -98.9363 37.7001 0.247363224806 0.247338170543
TA.T25A.z -104.411 37.1388 0.254939856164 0.255090150685
TA.737A.z -96.4402 28.7639 0.253635105263 0.252684610526
TA.R61A.z -75.339 38.3303 0.247934607477 0.247342925234
TA.Q16A.z -111.172 38.9176 0.261207261194 0.261126373134
TA.D23A.z -105.207 47.173 0.252222261261 0.252080414414
TA.X57A.z -80.094 34.4643 0.246935971223 0.246242223022
TA.H66A.z -67.3115 44.7859 0.251863968085 0.251711361702
TA.N14A.z -113.187 40.8513 0.262745898305 0.262765389831
TA.L22A.z -106.434 42.031 0.254043 0.253531051948
TA.J46A.z -85.6466 43.3478 0.245645378151 0.245135806723
TA.934A.z -98.5192 27.6018 0.257357968 0.256456768
TA.P53A.z -81.3896 39.4868 0.24927825 0.24726628125
TA.D11A.z -116.335 47.0477 0.25324325 0.252481305556
TA.B19A.z -108.944 48.4551 0.24930966055 0.248662981651
TA.B14A.z -113.273 48.3609 0.252675431034 0.252484336207
TA.P56A.z -78.8386 39.5044 0.248398184211 0.248450991228
TA.035A.z -98.1023 26.9379 0.25546625641 0.254919307692
TA.655A.z -83.2552 29.5107 0.250884613861 0.250433326733
TA.061Z.z -80.907 25.8657 0.252314215686 0.252155784314
TA.S08C.z -118.171 37.4993 0.265176277778 0.265810740741
TA.ANMO.z -106.457 34.9459 0.25992285 0.25995525
TA.H21A.z -107.042 44.6277 0.252796873016 0.251853730159
TA.R58A.z -78.0034 38.2989 0.247431162393 0.24759257265
TA.K50A.z -82.6231 42.7749 0.245547679612 0.245621893204
TA.K27A.z -102.236 42.7036 0.250867316667 0.250871025
TA.X24A.z -105.435 34.5646 0.256516114035 0.255775184211
TA.352A.z -84.9274 31.4793 0.248657745763 0.248462677966
TA.R58B.z -77.8787 37.9636 0.249213525424 0.248757432203
TA.M27A.z -102.387 41.5281 0.25032806087 0.249921617391
TA.U26A.z -103.744 36.3945 0.257722909091 0.257270454545
TA.546A.z -89.7191 30.233 0.253082543307 0.252653826772
TA.H12A.z -114.855 44.5494 0.260912821429 0.261392077381
TA.147A.z -88.2708 32.6738 0.24824074026 0.248139532468
TA.W12A.z -114.87 35.301 0.258120900763 0.258352839695
TA.U23A.z -106.192 36.3289 0.261126275862 0.261371922414
TA.E46A.z -84.3062 46.3665 0.244456372549 0.244079039216
TA.M62A.z -72.8939 41.4423 0.247963669725 0.247072100917
TA.O05C.z -120.918 39.962 0.26234119403 0.262421940299
TA.J56A.z -76.8579 43.276 0.247759765217 0.247714069565
TA.WHTX.z -97.4561 31.9913 0.251146197183 0.250704816901
TA.D32A.z -97.0164 47.1354 0.243436616071 0.243025098214
TA.M22A.z -106.596 41.4033 0.256043597315 0.255810993289
TA.BRAL.z -87.0506 31.1687 0.249745747368 0.248321263158
TA.628A.z -102.888 29.4862 0.256921092437 0.256687285714
TA.117A.z -110.739 32.5716 0.26131610084 0.259670848739
TA.E50A.z -80.7378 46.4232 0.247817108696 0.246553673913
TA.645A.z -90.5966 29.4573 0.25276516129 0.252268564516
TA.059A.z -81.144 26.9671 0.248801350877 0.248526894737
TA.F41A.z -89.1046 45.7387 0.245151555556 0.244395361111
TA.PKME.z -69.2917 45.2644 0.249992606061 0.249046424242
TA.J08A.z -118.474 43.358 0.264766294643 0.264975178571
TA.T06C.z -119.709 37.0069 0.258447779412 0.25843275
TA.R29A.z -101.138 38.4243 0.248464477477 0.248260918919
TA.S50A.z -84.4003 37.679 0.247456376 0.246975192
TA.S28A.z -101.898 37.5899 0.248696041667 0.248774091667
TA.R13A.z -113.969 38.1802 0.264381230769 0.263676067308
TA.T53A.z -82.535 36.9823 0.247677307692 0.247509083916
TA.J04A.z -122.109 43.2406 0.260659859375 0.261006578125
TA.WMOK.z -98.7807 34.7379 0.250417722222 0.249972666667
TA.G13A.z -114.233 45.0931 0.257644169492 0.25781820339
TA.B15A.z -112.562 48.3129 0.249187102362 0.248515645669
TA.L12A.z -115.016 42.146 0.265415764706 0.266095084034
TA.T31A.z -99.6771 37.0977 0.251123423729 0.250902372881
TA.059Z.z -81.4432 26.3373 0.250113683761 0.249778076923
TA.W13A.z -113.885 35.099 0.262983299213 0.262843322835
TA.B16A.z -111.707 48.4128 0.246514517241 0.246346043103
TA.S42A.z -90.7939 37.77 0.248135679612 0.246865184466
TA.C15A.z -112.607 47.775 0.252665232558 0.252433139535
TA.W32A.z -99.2458 35.1238 0.248710042373 0.248197627119
TA.N62A.z -73.4677 40.9313 0.248511428571 0.247599734694
TA.B33A.z -95.588 48.2722 0.241901583333 0.24323577381
TA.J62A.z -71.8127 43.2262 0.250873109091 0.249875918182
TA.X45A.z -89.3931 34.4241 0.248243669492 0.247656745763
TA.J40A.z -90.7406 43.3965 0.246633928 0.245682
TA.Z19A.z -109.266 33.2921 0.259482242718 0.259870708738
TA.U40A.z -92.8535 36.3563 0.249161829457 0.248851310078
TA.H13A.z -114.255 44.5642 0.260679675 0.2607857625
TA.X60A.z -77.9768 34.5773 0.248007009709 0.247815543689
TA.Y32A.z -99.442 34.0036 0.251581524752 0.251210693069
TA.S54A.z -81.3114 37.7997 0.247318023437 0.24749859375
TA.N02C.z -123.306 40.822 0.259977888889 0.258700944444
TA.Y19A.z -109.254 33.9571 0.26109897561 0.261417195122
TA.J26A.z -103.075 43.3126 0.253109836207 0.25332312931
TA.DGMT.z -104.196 48.4702 0.2528198375 0.253713575
TA.453A.z -84.3197 30.8541 0.249521546218 0.24845512605
TA.Y56A.z -81.3047 33.7922 0.246906209677 0.246118604839
TA.L36A.z -94.6676 42.1009 0.246708830645 0.246132596774
TA.A06A.z -121.48 49.0983 0.260502510417 0.260470447917
TA.R05C.z -120.076 38.7028 0.263832779661 0.263251237288
TA.B23A.z -104.991 48.4643 0.2504559375 0.251082267857
TA.R55A.z -80.1195 38.2825 0.25120132 0.251848366667
TA.L33A.z -97.2724 42.1659 0.247726090909 0.246539247934
TA.356A.z -82.1275 31.3247 0.24827527027 0.247980432432
TA.D46A.z -84.0357 46.891 0.248641631579 0.248329315789
TA.T11A.z -115.22 37.2408 0.263209896 0.262789304
TA.R60A.z -76.5807 38.2684 0.248395594595 0.247872414414
TA.S37A.z -94.8279 37.7597 0.248878389381 0.24904740708
TA.F64A.z -68.3496 45.8633 0.248994605769 0.248066942308
TA.N18A.z -109.673 40.9763 0.254861637931 0.25477687931
TA.O35A.z -95.9097 40.2665 0.248489687023 0.248260137405
TA.MIAR.z -93.5765 34.5454 0.25072309697 0.250173848485
TA.O07A.z -118.877 40.1614 0.262882216867 0.262640325301
TA.E22A.z -105.949 46.4386 0.251306622642 0.250997245283
TA.K43A.z -88.332 42.7044 0.246651336207 0.245890698276
TA.Q23A.z -105.834 38.9045 0.257621927419 0.257217685484
TA.N37A.z -94.2095 40.7582 0.24647594697 0.245522280303
TA.T43A.z -90.2878 37.0833 0.247613462963 0.247128916667
TA.B13A.z -114.468 48.3739 0.251913035714 0.251930553571
TA.V55A.z -81.2149 35.8518 0.247493671756 0.246682816794
TA.O49A.z -84.3353 40.188 0.244659427481 0.244923954198
TA.TUQ.z -115.924 35.4358 0.25520244186 0.254472627907
TA.G42A.z -88.4277 45.2418 0.242468990099 0.24181990099
TA.I21A.z -107.292 43.8122 0.254051858209 0.253133410448
TA.K28A.z -101.367 42.7136 0.249215942149 0.249520619835
TA.FMP.z -118.294 33.7126 0.259794086957 0.257487521739
TA.I05A.z -121.268 44.1626 0.26410152439 0.265470280488
TA.062Z.z -81.0523 24.7266 0.258228717949 0.258064452991
TA.222A.z -107.101 32.1046 0.262188373913 0.26189413913
TA.J11A.z -115.828 43.4151 0.264280866667 0.264324214815
TA.441A.z -93.1898 30.7498 0.254532556391 0.253685
TA.F46A.z -84.7586 45.7737 0.246911128713 0.24636080198
TA.V17A.z -110.794 35.6218 0.261074333333 0.260249712121
TA.FUR.z -116.863 36.4672 0.254454434783 0.253442108696
TA.VBMS.z -90.5177 32.2185 0.250850777778 0.250999333333
TA.E17A.z -110.858 46.462 0.253423984127 0.253098047619
TA.I03A.z -123.278 43.9726 0.258137842105 0.258016526316
TA.M26A.z -103.143 41.4661 0.250247495726 0.249990470085
TA.D56A.z -74.7568 47.0485 0.245617228571 0.245251619048
TA.B32A.z -96.5363 48.3951 0.24230152381 0.24175872381
TA.442A.z -92.4314 30.7119 0.254075094488 0.25373311811
TA.BNLO.z -122.173 37.1311 0.2567915 0.256747519231
TA.220A.z -108.527 31.9041 0.259870972973 0.260229954955
TA.I57A.z -75.6599 43.9377 0.249892853211 0.249288412844
TA.R26A.z -103.447 38.3009 0.253388233871 0.253506540323
TA.B18A.z -109.777 48.3943 0.248399932692 0.248391298077
TA.K63A.z -71.5283 42.6888 0.249568989691 0.249126463918
TA.C22A.z -105.884 47.7456 0.252645911504 0.252621814159
TA.L19A.z -109.357 42.1012 0.254402251969 0.253734519685
TA.L65A.z -70.0528 42.0295 0.249643794118 0.250274303922
TA.X50A.z -85.6486 34.4596 0.247348111111 0.247611444444
TA.F25A.z -103.458 45.9256 0.247901051282 0.247311589744
TA.LRAL.z -86.9978 33.0348 0.246303961905 0.246316171429
TA.O44A.z -88.4671 40.1526 0.247447151786 0.247271410714
TA.I08A.z -118.569 43.9104 0.263325575758 0.26381189899
TA.J48A.z -83.7849 43.2986 0.246761805556 0.246673074074
TA.Z55A.z -82.1359 33.2211 0.246496642857 0.246044809524
TA.T35A.z -96.5121 36.9161 0.247099338983 0.2470415
TA.L44A.z -87.9119 42.1782 0.246311486957 0.246112426087
TA.Z45A.z -89.6913 33.3705 0.247373678571 0.2473131875
TA.CBN.z -77.3732 38.2046 0.24859387156 0.247236577982
TA.H34A.z -95.777 44.6673 0.246652621849 0.246707243697
TA.L63A.z -71.6095 41.8631 0.24815321 0.2477382
TA.A08A.z -119.272 48.9534 0.259933834862 0.259836009174
TA.157A.z -80.9972 32.678 0.250855297872 0.251055092199
TA.G29A.z -99.9234 45.1926 0.248995848739 0.248079815126
TA.S16A.z -111.596 37.7222 0.258360333333 0.258403027027
TA.C30A.z -98.4783 47.7026 0.245443677966 0.245431211864
TA.S13A.z -113.86 37.5808 0.263714057851 0.263550743802
TA.Q61A.z -75.3256 38.8799 0.247432452174 0.24690193913
TA.221A.z -107.778 32.0094 0.262413155172 0.262615025862
TA.I26A.z -102.86 44.0309 0.251747471545 0.251394162602
TA.O51A.z -82.6056 40.147 0.245961846154 0.244753660256
TA.P47A.z -86.2699 39.4869 0.248550568627 0.24778704902
TA.H19A.z -108.986 44.6704 0.253974952 0.252787552
TA.D47A.z -83.1038 47.0558 0.24721327027 0.246809774775
TA.E26A.z -102.462 46.4712 0.246389173228 0.246069582677
TA.X26A.z -103.81 34.5508 0.25652986087 0.255818
TA.I07A.z -119.504 44.082 0.263703322314 0.264732049587
TA.229A.z -101.811 31.9671 0.249420330435 0.24898473913
TA.K58A.z -75.6473 42.7633 0.249113211009 0.249038733945
TA.W30A.z -100.577 35.1818 0.252210125 0.251947767857
TA.D52A.z -78.4117 46.9764 0.246473682927 0.246477097561
TA.H42A.z -88.5311 44.5091 0.24555282243 0.244722579439
TA.553A.z -84.4317 30.189 0.249562008333 0.2490986
TA.A30A.z -98.3009 48.9402 0.249030035398 0.248698840708
TA.L60A.z -74.2226 41.989 0.249912316832 0.249732782178
TA.959A.z -80.8791 27.524 0.247264849057 0.247929839623
TA.H38A.z -92.282 44.6753 0.246437212963 0.245479157407
TA.B21A.z -107.017 48.4278 0.251087018868 0.248970084906
TA.F03A.z -123.559 45.9306 0.256645679245 0.255741160377
TA.K56A.z -77.3244 42.6981 0.245396553571 0.245255339286
TA.PAL.z -73.9079 41.0056 0.249343257143 0.249275485714
TA.O02C.z -122.788 40.1767 0.261184596774 0.260844935484
TA.M33A.z -97.195 41.5726 0.245876341085 0.246097124031
TA.150A.z -86.022 32.6067 0.247023141414 0.247954787879
TA.P44A.z -88.6209 39.4676 0.246831792793 0.246611756757
TA.T59A.z -77.5541 36.9716 0.248906445455 0.248420054545
TA.L48A.z -84.4329 41.9438 0.247241366667 0.247054975
TA.F39A.z -90.919 45.9153 0.243990616822 0.243469859813
TA.SMM.z -119.996 35.3142 0.261638978261 0.261631282609
TA.K19A.z -108.847 42.8247 0.253180689655 0.253118077586
TA.149A.z -86.7916 32.5983 0.24625661 0.24651203
TA.E33A.z -96.0054 46.5035 0.243290267241 0.242676448276
TA.L11A.z -115.754 42.1669 0.262168354839 0.263186064516
TA.H62A.z -71.1559 44.5743 0.251035839623 0.250602132075
TA.T32A.z -98.9247 37.1797 0.2488495 0.248189616667
TA.C19A.z -109.049 47.7343 0.249766 0.249335654867
TA.N17A.z -110.834 40.9425 0.257973396552 0.257722241379
TA.455A.z -83.026 30.7422 0.249229385246 0.249135827869
TA.T55A.z -80.7843 37.117 0.24755162406 0.247117796992
TA.B07A.z -120.12 48.4607 0.257553508333 0.256571933333
TA.W29A.z -101.648 35.1212 0.254075855856 0.254211045045
TA.L55A.z -78.4368 42.1831 0.246251784946 0.245968806452
TA.D06A.z -120.844 47.1935 0.258455039216 0.258223911765
TA.V42A.z -91.39 35.806 0.250130267717 0.249336795276
TA.146A.z -89.0573 32.6368 0.249021 0.248456925926
TA.J03A.z -122.965 43.3717 0.254966051724 0.256189431034
TA.135A.z -97.4099 32.5573 0.248631336066 0.248175098361
TA.J59A.z -74.5041 43.4647 0.252145702703 0.251363126126
TA.N10A.z -116.508 40.7186 0.262980891892 0.26336809009
TA.G43A.z -87.6861 45.2572 0.247302495413 0.245568513761
TA.Z53A.z -83.5713 33.2801 0.24895995122 0.247746365854
TA.D59A.z -71.8358 47.0073 0.248720333333 0.248190657658
TA.148A.z -87.571 32.6469 0.247886329545 0.247263977273
TA.O16A.z -111.502 40.2067 0.260273285714 0.260852368421
TA.Z24A.z -105.365 33.3298 0.254867684211 0.254131842105
TA.W47A.z -87.5946 35.2511 0.248028138298 0.247484957447
TA.E61A.z -70.489 46.4312 0.24510171134 0.244975587629
TA.N32A.z -98.2955 40.7639 0.250053963504 0.250078189781
TA.I24A.z -104.626 43.8594 0.254976763636 0.256433727273
TA.C27A.z -101.503 47.7139 0.249093324561 0.247590789474
TA.D53A.z -77.7001 47.0795 0.245451716418 0.245697447761
TA.452A.z -85.183 30.8492 0.248155838384 0.247394474747
TA.G61A.z -71.5273 45.2827 0.251822116071 0.250659205357
TA.T49A.z -85.5334 37.105 0.246873424779 0.247013725664
TA.J06A.z -120.153 43.2515 0.265955881188 0.266037485149
TA.F34A.z -95.2581 45.7954 0.245593114035 0.245214657895
TA.L64A.z -70.8391 41.9359 0.249961153061 0.249186683673
TA.N34A.z -96.5005 40.8378 0.246682461538 0.246769384615
TA.D13A.z -114.459 47.0943 0.255454057692 0.255216487179
TA.248A.z -87.7393 32.094 0.250527285714 0.249331639098
TA.Q44A.z -89.017 38.9032 0.249284787402 0.24892615748
TA.J10A.z -116.767 43.4275 0.265983426087 0.266049991304
TA.H48A.z -83.3249 44.7006 0.246892794393 0.246542196262
TA.M12A.z -114.915 41.4157 0.261882724409 0.26240476378
TA.155A.z -82.4665 32.6219 0.247197305085 0.247353644068
TA.S51A.z -83.5935 37.6392 0.24636925 0.24591965
TA.S43A.z -90.0754 37.5716 0.248242714286 0.247522218487
TA.R30A.z -100.277 38.2844 0.249092091743 0.249091027523
TA.W59A.z -78.443 35.1673 0.248021513043 0.248757043478
TA.Z23A.z -106.232 33.2621 0.258878263158 0.258250894737
TA.C35A.z -93.9763 47.7007 0.244584853211 0.243624605505
TA.S55A.z -80.5013 37.7724 0.247536590278 0.247406131944
TA.M51A.z -82.1831 41.3321 0.24769442953 0.247314899329
TA.W42A.z -91.5224 35.2732 0.249235990476 0.248153438095
TA.A28A.z -100.267 48.9096 0.249988262295 0.250044008197
TA.657A.z -81.8665 29.5852 0.249257463158 0.249536894737
TA.G06A.z -120.635 45.2357 0.261224252101 0.260668579832
TA.F49A.z -82.0423 45.7627 0.247115472 0.246955768
TA.152A.z -84.7188 32.6686 0.247475191667 0.247211366667
TA.340A.z -93.8896 31.4167 0.253418712 0.253329504
TA.H27A.z -102.077 44.6329 0.24744945 0.246776666667
TA.Z22A.z -106.964 33.2555 0.259170243243 0.258311243243
TA.B10A.z -117.225 48.2995 0.251743618644 0.251851932203
TA.A19A.z -108.743 48.9286 0.253207126126 0.252875513514
TA.RCT.z -119.244 36.3052 0.251628782609 0.251566326087
TA.V20A.z -108.466 35.7992 0.259832666667 0.259440603604
TA.G18A.z -109.563 45.3171 0.255318377358 0.255286292453
TA.V32A.z -99.0437 35.7202 0.248177 0.247498709402
TA.LGU.z -119.066 34.1082 0.258737481481 0.257885333333
TA.U55A.z -81.0472 36.5023 0.24877092126 0.247962834646
TA.327A.z -103.492 31.3691 0.252561788991 0.253210853211
TA.O03C.z -122.032 39.9971 0.259238666667 0.25887654386
TA.J63A.z -71.0781 43.2792 0.248708111111 0.248720656566
TA.L41A.z -90.4977 42.0751 0.247595905512 0.247124535433
TA.MCWV.z -79.8456 39.6581 0.246765125 0.245535240385
TA.319A.z -109.281 31.3757 0.262698102804 0.262545495327
TA.Q34A.z -96.9408 38.9214 0.245161101695 0.244095101695
TA.GOGA.z -83.4666 33.4112 0.24711087931 0.246301560345
TA.Q13A.z -114.02 38.9551 0.262576878261 0.262126634783
TA.O33A.z -97.5845 40.0755 0.245701661654 0.245667639098
TA.T24B.z -105.382 37.0624 0.257138978723 0.257662808511
TA.Q56A.z -79.1871 39.041 0.248263117647 0.24873592437
TA.F29A.z -99.8273 45.8336 0.248807325581 0.24721448062
TA.539A.z -94.7236 30.1084 0.256214477477 0.255018981982
TA.T34A.z -97.1883 37.0222 0.248323733333 0.247709133333
TA.LONY.z -74.5829 44.6197 0.246524810811 0.24623781982
TA.Q53A.z -81.5251 38.8586 0.249496876712 0.249798732877
TA.H24A.z -104.552 44.7473 0.255137551402 0.254746813084
TA.N42A.z -90.0345 40.829 0.246173134615 0.245972634615
TA.I13A.z -114.117 43.9146 0.263875466216 0.264395405405
TA.P21A.z -107.449 39.524 0.260336857143 0.260641394958
TA.T27A.z -102.721 37.0614 0.254338191667 0.253438783333
TA.444A.z -90.7463 30.7153 0.255344245614 0.25635027193
TA.I02A.z -123.83 44.0035 0.260386888889 0.261237666667
TA.P20A.z -108.391 39.4998 0.259161254098 0.258735729508
TA.R04C.z -120.936 38.2571 0.258119569231 0.258106507692
TA.S14A.z -113.168 37.7601 0.263684412281 0.263339938596
TA.Y22A.z -106.965 33.937 0.25837228866 0.258430608247
TA.O24A.z -105.073 40.1227 0.253640672414 0.253680741379
TA.D09A.z -118.309 47.0615 0.256176342342 0.25526881982
TA.Q47A.z -86.4261 38.9362 0.246905917526 0.246827340206
TA.734A.z -98.5576 28.8473 0.251479069767 0.251261620155
TA.W14A.z -113.083 35.2127 0.261873036036 0.264314369369
TA.O28A.z -101.773 40.1262 0.248994448276 0.24804062069
TA.CBKS.z -99.7374 38.814 0.252684270588 0.252818294118
TA.Y18A.z -110.034 33.7776 0.261784230769 0.261104509615
TA.C06A.z -120.894 47.923 0.255204320388 0.255566087379
TA.Y37A.z -95.621 33.9789 0.251121068376 0.250740923077
TA.X15A.z -112.237 34.4866 0.260477421488 0.260718057851
TA.P39A.z -92.7549 39.4877 0.246263565217 0.245272826087
TA.555A.z -82.9666 30.1212 0.249742968085 0.249623861702
TA.K12A.z -114.903 42.636 0.267619269565 0.268155495652
TA.N44A.z -88.1333 40.7953 0.24618981 0.24585439
TA.957A.z -82.2357 27.6702 0.248378696629 0.247318977528
TA.U41A.z -91.9203 36.344 0.248591210526 0.248023070175
TA.J24A.z -104.661 43.3305 0.25296176 0.252938272
TA.R16A.z -111.483 38.2843 0.259912981982 0.260688630631
TA.P09A.z -117.14 39.5516 0.261325980198 0.261170613861
TA.Z36A.z -96.4344 33.2702 0.25237769 0.25110239
TA.I62A.z -71.3359 43.8743 0.252614411765 0.252419794118
TA.123A.z -106.262 32.6349 0.263173242424 0.262307171717
TA.BINY.z -75.9861 42.1993 0.248465618182 0.248463445455
TA.Z40A.z -93.3995 33.2584 0.251201091667 0.250820416667
TA.SSPA.z -77.8876 40.6358 0.249336451923 0.248712442308
TA.C17A.z -110.763 47.6327 0.250760754237 0.250502949153
TA.435B.z -97.585 30.7827 0.251372314815 0.2509585
TA.F43A.z -87.1694 45.8313 0.244941453704 0.244521222222
TA.D20A.z -108.136 47.0911 0.25090235514 0.250789205607
TA.MDND.z -99.6029 47.8481 0.252168966667 0.252256158333
TA.T21A.z -107.534 36.9914 0.260513705882 0.260356552941
TA.SDCO.z -105.501 37.7456 0.261234 0.261076772727
TA.O19A.z -109.124 40.2982 0.256134425373 0.256241619403
TA.F63A.z -69.1029 45.703 0.24743863 0.2469978
TA.J43A.z -88.4185 43.3808 0.246572733333 0.246306333333
TA.H07A.z -119.565 44.5913 0.26163061165 0.262012291262
TA.K29A.z -100.318 42.7612 0.247979525862 0.248140663793
TA.RLMT.z -109.267 45.1221 0.252972826087 0.253739434783
TA.F51A.z -79.915 45.9284 0.244649102273 0.244873102273
TA.332A.z -99.7423 31.3829 0.250012122807 0.249429991228
TA.M21A.z -107.364 41.6067 0.252949033333 0.253326425
TA.N60A.z -75.1 40.8704 0.247972738739 0.247309495495
TA.U29A.z -101.27 36.4519 0.253201855856 0.252713234234
TA.S04C.z -121.328 37.5049 0.260836396226 0.260106622642
TA.242A.z -92.1521 32.0617 0.253000430657 0.253343430657
TA.V36A.z -95.9425 35.7863 0.247257486957 0.246249191304
TA.223A.z -106.428 32.0062 0.261865580952 0.261359771429
TA.N46A.z -86.7352 40.8949 0.250062108108 0.249271243243
TA.H20A.z -107.999 44.4868 0.252886007246 0.251662224638
TA.U30A.z -100.651 36.5304 0.255160491071 0.254079267857
TA.G54A.z -78.0898 45.3979 0.249045181818 0.248559693182
TA.M14A.z -113.347 41.503 0.263204879032 0.262427048387
TA.Q42A.z -90.5331 38.912 0.247250174603 0.246907119048
TA.L21A.z -107.369 41.9641 0.255195758333 0.254990191667
TA.V35A.z -96.8378 35.7626 0.248082515873 0.246578809524
TA.F36A.z -93.5241 45.8618 0.246463316667 0.246112266667
TA.D63A.z -68.1066 47.037 0.249051514286 0.248924047619
TA.L17A.z -110.873 42.0995 0.2548423625 0.2542640125
TA.E32A.z -97.0701 46.5927 0.242317290598 0.242436615385
TA.060A.z -80.3618 27.0361 0.253064393162 0.252933179487
TA.F40A.z -90.1217 45.919 0.246823724138 0.246040836207
TA.C33A.z -95.7725 47.7586 0.243159785714 0.242156892857
TA.G46A.z -84.8621 45.3176 0.245145648148 0.244979092593
TA.V22A.z -106.909 35.9138 0.261240300885 0.26178020354
TA.454A.z -83.6302 30.7145 0.248901681416 0.248478309735
TA.K30A.z -99.6131 42.6742 0.249934712 0.249771432
TA.K10A.z -116.87 42.7779 0.2661084 0.266200686957
TA.440A.z -93.9587 30.7456 0.252729411215 0.251939626168
TA.I63A.z -70.5809 44.0505 0.251276943925 0.251324766355
TA.MONP2.z -116.422 32.892 0.260364837209 0.259498790698
TA.KSU1.z -96.6094 39.1009 0.246908838235 0.247025941176
TA.L31A.z -98.8387 42.176 0.249064894737 0.249581857143
TA.449A.z -87.2151 30.7596 0.252049054945 0.252435252747
TA.X44A.z -90.1462 34.4998 0.248596449612 0.247469899225
TA.V52A.z -83.5959 35.8417 0.247827767241 0.247970077586
TA.W58A.z -79.2333 35.0208 0.247640786325 0.247337649573
TA.N15A.z -112.52 40.8903 0.257614423077 0.257963801282
TA.C28A.z -100.387 47.7157 0.244506380165 0.244734702479
TA.TZTN.z -83.549 36.5439 0.249353844828 0.248337551724
TA.H29A.z -100.213 44.6261 0.249241283186 0.248175876106
TA.H43A.z -87.7704 44.4697 0.2481274 0.247471418182
TA.443A.z -91.7809 30.7642 0.254154 0.253828232
TA.A17A.z -110.699 48.9448 0.250794150442 0.25069059292
TA.E53A.z -77.6638 46.3784 0.242178767123 0.242476328767
TA.451A.z -85.7467 30.616 0.25027643 0.24896857
TA.B25A.z -103.161 48.2716 0.249123512397 0.248641760331
TA.W36A.z -96.2264 35.1393 0.250730814516 0.250175282258
TA.H53A.z -78.5832 44.5736 0.247513962963 0.246628098765
TA.122A.z -107.001 32.6995 0.261624580357 0.260901205357
TA.H58A.z -74.1798 44.4176 0.250194872881 0.250314254237
TA.C04A.z -122.972 47.7172 0.256535954023 0.256528149425
TA.N36A.z -94.9604 40.8156 0.244579109375 0.244165195312
TA.P23A.z -105.839 39.3741 0.256451241935 0.255804604839
TA.V57A.z -79.7758 35.8875 0.246046303571 0.245492017857
TA.L08A.z -118.344 42.1901 0.26544067 0.26590041
TA.ARV.z -118.83 35.1269 0.256852577778 0.254862688889
TA.N19A.z -109.177 40.8936 0.25581675 0.256472777778
TA.L50A.z -82.8095 42.043 0.247999121739 0.247548295652
TA.236A.z -96.531 31.9997 0.250145432432 0.249275891892
TA.U13A.z -113.965 36.4151 0.263219984127 0.263869174603
TA.J49A.z -83.1389 43.36 0.246863578947 0.247001447368
TA.B04A.z -123.504 48.0575 0.260221717647 0.260003388235
TA.538A.z -95.49 30.2219 0.25428404878 0.253569626016
TA.B11A.z -116.367 48.4366 0.254137455446 0.253615534653
TA.Y29A.z -101.671 33.8602 0.24791344 0.24832891
TA.K25A.z -103.87 42.612 0.251488794872 0.251574581197
TA.F33A.z -96.2929 45.8398 0.247750706897 0.246732439655
TA.HAST.z -121.551 36.3887 0.254662673469 0.25471822449
TA.253A.z -84.1294 32.0612 0.247523834711 0.246624933884
TA.234A.z -98.1368 32.004 0.248410248 0.24777828
TA.N29A.z -100.626 40.8189 0.250061460177 0.24888620354
TA.O58A.z -76.9228 40.1231 0.246116700935 0.245396271028
TA.M65A.z -70.6466 41.562 0.252631388889 0.249624888889
TA.F24A.z -104.445 45.8452 0.252987555556 0.252190074074
TA.X47A.z -87.8571 34.5178 0.246012195876 0.246183474227
TA.Y13A.z -113.829 33.8142 0.258791528455 0.257675317073
TA.V13A.z -113.984 35.8522 0.262832388889 0.263068611111
TA.S40A.z -92.5014 37.5988 0.247450719008 0.247091933884
TA.G36A.z -93.7509 45.2344 0.247823974359 0.247660393162
TA.Q21A.z -107.574 38.8347 0.261767733333 0.261750674074
TA.GSC.z -116.806 35.3018 0.252422093023 0.25252472093
TA.P22A.z -106.759 39.5952 0.258222777778 0.258123555556
TA.X31A.z -99.9793 34.6309 0.252152504348 0.252168521739
TA.554A.z -83.6836 30.0841 0.250220285714 0.24911089011
TA.224A.z -105.523 32.076 0.259538132075 0.259211245283
TA.L02A.z -123.602 42.156 0.261769630769 0.261380969231
TA.B26A.z -102.234 48.3762 0.247574554622 0.245313092437
TA.N09A.z -117.524 40.852 0.264851829787 0.265154744681
TA.E31A.z -97.8879 46.5583 0.243316 0.243178916667
TA.Y36A.z -96.2848 33.8996 0.248611973913 0.248151834783
TA.J19A.z -109.053 43.2649 0.252235354331 0.252047519685
TA.141A.z -92.9049 32.6046 0.250774045113 0.250680466165
TA.R52A.z -82.6443 38.3366 0.248800358333 0.248125816667
TA.T18A.z -109.874 37.1364 0.258920258065 0.25815566129
TA.D60A.z -70.9237 46.9139 0.249812883495 0.249264116505
TA.F59A.z -72.7833 45.8513 0.246981965517 0.246100301724
TA.L28A.z -101.52 42.0073 0.248847803419 0.248956307692
TA.Y16A.z -111.478 33.8798 0.25973697541 0.258675131148
TA.A12A.z -115.653 48.9339 0.256267455056 0.257136241573
TA.A07A.z -120.384 49.048 0.258068798246 0.258034368421
TA.L16A.z -111.432 42.0149 0.255848070866 0.25577584252
TA.L56A.z -77.5591 42.1365 0.244504908257 0.244964155963
TA.U34A.z -97.5354 36.4365 0.248802434426 0.24851692623
TA.P14A.z -113.069 39.5906 0.265917140187 0.265597336449
TA.I33A.z -96.7989 44.0475 0.24531324 0.244330504
TA.D15A.z -112.52 47.0418 0.255622842697 0.255284162921
TA.X13A.z -113.83 34.5935 0.2589483 0.258143707692
TA.A05A.z -122.085 48.9983 0.257568590476 0.25798972381
TA.P41A.z -91.0619 39.675 0.24680302459 0.246232901639
TA.R48A.z -85.8714 38.4001 0.246150722772 0.246190524752
TA.S53A.z -82.1264 37.6815 0.248329264286 0.248193728571
TA.K06A.z -120.251 42.7991 0.266808492537 0.266311253731
TA.L47A.z -85.2021 41.9756 0.245849134831 0.245537831461
TA.O56A.z -78.5663 40.2683 0.247777508929 0.247572553571
TA.I41A.z -89.8697 44.0592 0.246613008264 0.24613
TA.N07B.z -118.971 40.7797 0.263952260417 0.26366759375
TA.T16A.z -111.506 36.9839 0.259873495575 0.259225442478
TA.136A.z -96.5297 32.4746 0.250971027027 0.24959772973
TA.R32A.z -98.7111 38.4225 0.248409058333 0.2484883
TA.JFWS.z -90.2481 42.9142 0.246018681818 0.245466715909
TA.RSSD.z -104.036 44.1212 0.251643768293 0.252124792683
TA.E34A.z -95.1691 46.5136 0.245099866667 0.244256008333
TA.C03A.z -124.566 47.9475 0.261207645161 0.261047580645
TA.M03C.z -122.122 41.2742 0.260257362319 0.260226144928
TA.O21A.z -107.47 40.2149 0.25733251145 0.257938473282
TA.R56A.z -79.4031 38.4071 0.248897525862 0.249824431034
TA.W52A.z -83.9277 35.0935 0.24761602521 0.247796310924
TA.445A.z -90.338 30.7303 0.253496206612 0.254091272727
TA.A25A.z -103.113 48.9388 0.253506816 0.252888584
TA.H36A.z -93.9281 44.5775 0.245851172932 0.246254804511
TA.N56A.z -78.2953 40.9171 0.24629812844 0.246514165138
TA.G16A.z -111.805 45.2285 0.262495 0.26278130303
TA.X41A.z -92.5137 34.4949 0.249395523438 0.249287226563
TA.V62A.z -75.957 35.5612 0.249282556522 0.248773556522
TA.G23A.z -105.391 45.2012 0.250835184466 0.250302776699
TA.631A.z -100.576 29.4123 0.252919438017 0.252654752066
TA.Z42A.z -91.9474 33.2739 0.251065294118 0.250852470588
TA.P17A.z -110.74 39.473 0.257653885496 0.258031854962
TA.A32A.z -96.4935 48.9172 0.246546723404 0.245600702128
TA.B20A.z -108.021 48.4389 0.249352394231 0.248225567308
TA.D26A.z -102.436 47.0301 0.250083381356 0.248988872881
TA.P05C.z -120.608 39.3028 0.261926193548 0.261422354839
TA.P51A.z -83.0601 39.4818 0.247435944099 0.246714360248
TA.A10A.z -117.559 48.9813 0.257653954955 0.257608378378
TA.I15A.z -112.485 43.9997 0.268626084112 0.269152271028
TA.T51A.z -83.9454 36.9655 0.24813119685 0.24746576378
TA.O26A.z -103.313 40.2422 0.251312905983 0.250758239316
TA.K40A.z -91.1383 42.6999 0.244967220472 0.24386303937
TA.P11A.z -115.754 39.553 0.26130632 0.260734792
TA.214A.z -112.812 31.9559 0.25996484375 0.260106859375
TA.B12A.z -115.589 48.4694 0.253266925926 0.253152882716
TA.I53A.z -79.5912 43.8238 0.247678012346 0.246590320988
TA.X43A.z -90.8812 34.518 0.247587973451 0.246832743363
TA.124A.z -105.454 32.7001 0.260729145455 0.261210572727
TA.T54A.z -81.5762 37.0608 0.247856203008 0.247772218045
TA.732A.z -99.9707 28.7292 0.252610234783 0.252796817391
TA.T22A.z -106.903 37.0138 0.259902602151 0.260069741935
TA.Q37A.z -94.4522 38.8763 0.245596133333 0.245582
TA.F19A.z -108.944 45.8538 0.247798807339 0.24707453211
TA.C26A.z -102.096 47.8259 0.248000794393 0.245920915888
TA.J15A.z -112.433 43.3998 0.264403444444 0.264338555556
TA.I23A.z -105.463 43.9605 0.253173252033 0.25246895935
TA.Q48A.z -85.7311 38.9295 0.244280346154 0.244041323077
TA.Z43A.z -91.2441 33.21 0.24911933913 0.249337008696
TA.Y41A.z -92.6113 33.8807 0.251654868217 0.251479372093
TA.N23A.z -105.944 40.8947 0.257023235294 0.25672805042
TA.133A.z -98.9162 32.6083 0.247496560976 0.246978154472
TA.I38A.z -92.3306 44.0405 0.24817531746 0.246911031746
TA.W19A.z -109.388 35.1118 0.258234725664 0.257676610619
TA.J05A.z -121.236 43.2843 0.2667918125 0.267453625
TA.V05C.z -119.903 35.8667 0.2601104375 0.26000784375
TA.S17A.z -110.802 37.6354 0.257710318182 0.257553054545
TA.J42A.z -89.1234 43.3179 0.247730846939 0.247151214286
TA.Z29A.z -101.706 33.2595 0.247710049383 0.247368259259
TA.M08A.z -118.379 41.4483 0.26564473913 0.264990826087
TA.KMSC.z -81.3333 35.142 0.247123405797 0.24688826087
TA.O60A.z -75.405 40.3177 0.246412509259 0.246723425926
TA.K11A.z -116.032 42.7713 0.263916293578 0.264388724771
TA.Y50A.z -85.7347 33.8911 0.249738366337 0.249796
TA.Z13A.z -113.657 33.1999 0.25785784 0.25725428
TA.228A.z -102.592 32.118 0.252445843478 0.252518808696
TA.060Z.z -80.556 26.4062 0.25227252 0.25231059
TA.134A.z -98.0795 32.5729 0.246469396552 0.246044327586
TA.N63A.z -72.5206 40.9878 0.24978687963 0.249328861111
TA.448A.z -87.8608 30.9309 0.254412860294 0.254157919118
TA.P13A.z -114.016 39.455 0.261807864407 0.26162220339
TA.S49A.z -85.2875 37.7849 0.246025308333 0.246782975
TA.B17A.z -110.799 48.2921 0.248182265487 0.247486469027
TA.058A.z -81.8049 27.0569 0.247134596491 0.246583903509
TA.T39A.z -93.3774 37.0241 0.244774102362 0.246483212598
TA.N40A.z -91.5837 40.8841 0.245333517241 0.244818439655
TA.T52A.z -82.9852 37.1076 0.247115608333 0.247446691667
TA.R57A.z -78.5232 38.297 0.249485137931 0.249796318966
TA.N53A.z -80.8377 40.8065 0.247574114504 0.246455816794
TA.P25A.z -104.168 39.5125 0.25514825641 0.254424547009
TA.I29A.z -100.303 44.0215 0.249971059829 0.249108871795
TA.F42A.z -88.1347 45.7587 0.243094626087 0.242119295652
TA.K52A.z -80.7139 42.7805 0.246718648148 0.246153564815
TA.Q22A.z -106.91 38.8627 0.258437844961 0.258320968992
TA.HDIL.z -89.294 40.5559 0.247306377193 0.246130140351
TA.526A.z -104.09 30.0609 0.255916094017 0.25619334188
TA.857A.z -82.2291 28.267 0.249552891566 0.248883228916
TA.V45A.z -88.9591 35.7403 0.248408905172 0.24765287931
TA.U37A.z -95.1161 36.406 0.246047268519 0.246116916667
TA.E41A.z -88.9636 46.4643 0.246529448598 0.246286448598
TA.C34A.z -94.9106 47.6501 0.244406855769 0.242203557692
