TA.324A.z -105.483 31.4425 0.251986366071 0.251567089286
TA.118A.z -109.97 32.6399 0.258918587719 0.258445403509
TA.O10A.z -116.5 40.2917 0.256761806723 0.257324193277
TA.Z17A.z -110.472 33.2969 0.260042969072 0.259248123711
TA.TIGA.z -83.5898 31.4389 0.244850824074 0.24289637963
TA.M11A.z -115.791 41.4311 0.257025623932 0.257371111111
TA.H14A.z -113.367 44.6165 0.257209504348 0.25719553913
TA.F48A.z -82.6185 45.8278 0.244048962963 0.244264675926
TA.L05A.z -120.834 42.0472 0.261136925373 0.260603253731
TA.Q50A.z -83.979 38.8436 0.245035188679 0.243566481132
TA.U15A.z -112.291 36.428 0.256991 0.25618008
TA.B28A.z -100.362 48.4492 0.244113888889 0.243546722222
TA.B05A.z -122.096 48.2641 0.255266651163 0.254073825581
TA.M47A.z -85.6214 41.3594 0.243163075472 0.242299084906
TA.R50A.z -84.3274 38.2816 0.244442512605 0.244575361345
TA.W18A.z -109.736 35.1181 0.257724679245 0.259239688679
TA.M04C.z -121.839 41.7826 0.256011661538 0.256406046154
TA.635A.z -97.7736 29.3877 0.24964896748 0.250281747967
TA.A15A.z -112.733 48.9777 0.248750886179 0.247904804878
TA.EYMN.z -91.4953 47.9462 0.241649649573 0.241922333333
TA.Q26A.z -103.52 38.9234 0.2522216 0.251248066667
TA.K04A.z -121.731 42.6133 0.259243871429 0.258921842857
TA.J28A.z -101.236 43.4239 0.247784303571 0.247733017857
TA.E04A.z -122.72 46.5934 0.254562346154 0.253245628205
TA.F07A.z -119.928 45.8951 0.256178818898 0.255146818898
TA.S48A.z -86.0569 37.6574 0.243952988372 0.244238965116
TA.D57A.z -73.8878 47.0172 0.248618097222 0.247749916667
TA.D62A.z -69.0501 47.0819 0.243849411111 0.243624477778
TA.X50B.z -85.6499 34.4611 0.245824047619 0.245430952381
TA.R10A.z -116.302 38.2886 0.258420472868 0.258837666667
TA.F62A.z -69.9664 45.8968 0.245759056338 0.245294943662
TA.LAVA.z -120.74 38.7552 0.255797272727 0.256369893939
TA.U04C.z -120.783 36.3627 0.259049535714 0.257396089286
TA.N39A.z -92.5023 40.8776 0.244659761905 0.243241253968
TA.O15A.z -112.469 40.2807 0.259659233871 0.259381419355
TA.K07A.z -119.247 42.6912 0.260452105263 0.261255926316
TA.P52A.z -82.1325 39.6337 0.244544873239 0.243212309859
TA.R38A.z -93.9056 38.1868 0.240071619048 0.239905352381
TA.R53A.z -81.9522 38.3307 0.246967793893 0.24675778626
TA.Z31A.z -100.144 33.3183 0.246224210526 0.246150315789
TA.K42A.z -89.3457 42.7792 0.241210033333 0.2410334
TA.H33A.z -96.7434 44.6812 0.244036344 0.24313884
TA.241A.z -92.9188 32.0227 0.248622234848 0.248767863636
TA.N55A.z -78.9862 40.7808 0.244856387097 0.244465580645
TA.B06A.z -121.484 48.5183 0.253741182692 0.25306675
TA.Q25A.z -104.247 38.9145 0.250669 0.250636783784
TA.J36A.z -94.3395 43.3292 0.244119111111 0.242648538462
TA.D22A.z -106.18 47.1498 0.248193567568 0.247322036036
TA.L35A.z -95.5448 42.1123 0.244787033898 0.243876423729
TA.I37A.z -93.4003 44.0148 0.243613579365 0.243195055556
TA.K46A.z -85.7834 42.6864 0.244576598131 0.243050336449
TA.933A.z -99.2746 27.6133 0.248295362903 0.24824783871
TA.D17A.z -110.687 47.1523 0.250316915966 0.249227436975
TA.Y49A.z -86.4119 33.8577 0.246811901961 0.245614666667
TA.M13A.z -114.165 41.3602 0.257906116667 0.258558225
TA.R36A.z -95.504 38.3237 0.242913743119 0.241530412844
TA.IRM.z -115.145 34.1574 0.256384195122 0.25324504878
TA.JCT.z -99.8022 30.4794 0.246440696429 0.24581975
TA.V27A.z -102.836 35.7569 0.250934354167 0.25045153125
TA.J20A.z -108.084 43.3531 0.252395705882 0.251541915966
TA.SNCC.z -119.524 33.2479 0.244800583333 0.24403875
TA.Q11A.z -115.654 38.8455 0.256669984848 0.257179318182
TA.H57A.z -75.3905 44.4624 0.244945590909 0.244028795455
TA.233A.z -98.8998 32.0179 0.246445107438 0.244565545455
TA.Y42A.z -91.7871 33.8364 0.246131059829 0.246136615385
TA.O54A.z -80.3778 40.1821 0.24517982906 0.242823897436
TA.226A.z -104.101 32.0618 0.250993122807 0.249412175439
TA.330A.z -101.175 31.4063 0.24657933945 0.245275018349
TA.W34A.z -97.7733 35.2352 0.244835677419 0.243543903226
TA.121A.z -107.785 32.5324 0.259242059322 0.25997770339
TA.733A.z -99.2939 28.7192 0.252572860656 0.252038647541
TA.K09A.z -117.725 42.6996 0.258164 0.258759634615
TA.V21A.z -107.638 35.8054 0.255881224138 0.256158525862
TA.TUL1.z -95.7919 35.9104 0.249022704348 0.248198156522
TA.M59A.z -75.4321 41.5413 0.244074 0.243830893204
TA.P16A.z -111.66 39.6092 0.255451155039 0.257295356589
TA.116A.z -111.704 32.5618 0.25798136036 0.25879009009
TA.G26A.z -102.599 45.2937 0.246238362069 0.244630931034
TA.545A.z -90.4894 30.0441 0.250350455357 0.249750080357
TA.I61A.z -72.2087 43.9323 0.249519541667 0.249366427083
TA.V54A.z -81.9478 35.7771 0.243688922481 0.243113186047
TA.F08A.z -118.777 45.7971 0.256140095652 0.255142304348
TA.K35A.z -95.2328 42.7218 0.243513123894 0.243199415929
TA.R31A.z -99.5271 38.2888 0.249070252252 0.24823381982
TA.W15A.z -112.267 35.1787 0.259225650943 0.260505084906
TA.428A.z -102.685 30.7263 0.248277282258 0.248128782258
TA.M54A.z -79.6647 41.5079 0.246796552381 0.246118971429
TA.BLA.z -80.4205 37.2113 0.243662196721 0.244388803279
TA.D05A.z -121.989 47.1881 0.254424193548 0.253535021505
TA.154A.z -83.1066 32.6131 0.247480137931 0.247117810345
TA.N25A.z -104.087 40.8132 0.249094236364 0.247885918182
TA.I28A.z -101.169 43.9996 0.245903035088 0.24481622807
TA.R18A.z -109.894 38.3862 0.253114344828 0.252252051724
TA.D14A.z -113.506 47.0816 0.249958946108 0.249631125749
TA.E36A.z -93.2557 46.5177 0.242108675926 0.241066287037
TA.I59A.z -73.8744 43.7957 0.248720853933 0.249402606742
TA.345A.z -90.0309 31.308 0.249683208696 0.24910313913
TA.E47A.z -83.2777 46.4547 0.242707028846 0.242781788462
TA.G15A.z -112.489 45.166 0.252348518987 0.253050183544
TA.542A.z -92.5513 30.1247 0.250348247934 0.248629
TA.127A.z -103.357 32.6764 0.248594482456 0.247491973684
TA.F44A.z -86.4226 45.9737 0.242953621951 0.242668085366
TA.C31A.z -97.7336 47.7927 0.241508261682 0.241527411215
TA.Y40A.z -93.2798 34.0124 0.247971728814 0.247805398305
TA.IBP.z -116.093 32.6611 0.2528955 0.2512005
TA.IBP.z -116.093 32.6612 0.258773869565 0.255956
TA.X20A.z -108.498 34.5421 0.256635224138 0.257771905172
TA.M43A.z -88.9581 41.4365 0.241875956989 0.241789548387
TA.G32A.z -97.4994 45.2555 0.242789944954 0.242074917431
TA.E55A.z -76.0572 46.4538 0.243758957447 0.243712617021
TA.OXF.z -89.4092 34.5118 0.246723927536 0.245699347826
TA.456A.z -82.0223 30.7248 0.250166205357 0.249099910714
TA.V53A.z -82.8124 35.6694 0.246814360825 0.246355278351
TA.U49A.z -85.7796 36.5129 0.24498844 0.24472201
TA.H59A.z -73.6905 44.6455 0.247342747253 0.246976923077
TA.Y17A.z -110.844 33.6953 0.260650394495 0.258374917431
TA.D24A.z -104.327 47.1152 0.249738381818 0.2489102
TA.MUR.z -117.195 33.6 0.251446707317 0.251067902439
TA.P33A.z -97.6946 39.4363 0.245612789916 0.245790352941
TA.N48A.z -85.0271 40.8591 0.244660866667 0.243458933333
TA.LBNH.z -71.9259 44.2401 0.246966641304 0.246445641304
TA.K37A.z -93.6388 42.7669 0.240956017391 0.240215843478
TA.G08A.z -118.96 45.2904 0.257065069231 0.256449084615
TA.M19A.z -109.157 41.5047 0.249591975806 0.247255879032
TA.F20A.z -108.149 45.8006 0.249728731092 0.248919117647
TA.D37A.z -92.4262 47.1581 0.243423357798 0.242563724771
TA.I58A.z -74.9733 43.6901 0.246301532609 0.246714282609
TA.ACSO.z -82.982 40.2319 0.248090801471 0.247766632353
TA.W24A.z -105.408 35.2106 0.254374973913 0.253578321739
TA.X46A.z -88.5844 34.5564 0.242752120879 0.241331824176
TA.F58A.z -73.8145 45.8663 0.246447680412 0.245276721649
TA.CCM.z -91.2446 38.0557 0.243878235294 0.243564544118
TA.758A.z -81.1996 28.9621 0.246237359551 0.245934292135
TA.P50A.z -83.7988 39.6086 0.245092605042 0.244330714286
TA.U16A.z -111.13 36.1428 0.256202032258 0.255466314516
TA.I12A.z -115.133 43.7945 0.256447307692 0.257454823077
TA.SBC.z -119.715 34.4408 0.25292552381 0.253107142857
TA.A11A.z -116.363 48.958 0.251930071429 0.253969806122
TA.C25A.z -103.256 47.7124 0.246698919643 0.246170330357
TA.Y30A.z -100.898 33.8766 0.245830392157 0.246177137255
TA.G33A.z -96.4383 45.1946 0.24365004717 0.242911783019
TA.P42A.z -90.3443 39.5853 0.241734091743 0.243656321101
TA.D61A.z -70.1868 47.2022 0.248628347368 0.248137557895
TA.M60A.z -74.625 41.3265 0.2491889375 0.2482065
TA.D41A.z -88.5657 47.0605 0.244518890909 0.243976290909
TA.M07A.z -119.171 41.3884 0.261688604167 0.2611125
TA.A27A.z -101.241 48.9533 0.246200815126 0.244969991597
TA.M10A.z -116.54 41.522 0.259684163934 0.259899672131
TA.AMTX.z -101.681 34.8837 0.247607135593 0.248699271186
TA.J14A.z -113.518 43.3234 0.259011859649 0.261057964912
TA.R25A.z -104.283 38.1474 0.253332117647 0.252479470588
TA.I04A.z -122.411 43.7941 0.25750343662 0.256884
TA.B27A.z -101.26 48.4044 0.244685448598 0.243818345794
TA.A22A.z -105.915 48.9926 0.247798757576 0.247184878788
TA.K20A.z -108.342 42.6579 0.250188894737 0.248991263158
TA.U43A.z -90.4057 36.3693 0.244965585859 0.244254979798
TA.SCI2.z -118.547 32.9799 0.254525085714 0.2537216
TA.G60A.z -72.3337 45.0977 0.248084915789 0.247059084211
TA.D33A.z -95.8448 47.1404 0.240830540816 0.242027346939
TA.I25A.z -103.732 44.0196 0.248280559322 0.248321813559
TA.859A.z -80.8984 28.0592 0.247521807339 0.246956201835
TA.V44A.z -89.8954 35.8282 0.244043869159 0.243753074766
TA.X23A.z -106.188 34.581 0.253532917431 0.253963614679
TA.120A.z -108.633 32.5466 0.258923354839 0.258295895161
TA.J58A.z -75.2852 43.3603 0.250040699029 0.249364203883
TA.O31A.z -99.3261 40.1521 0.245253929687 0.243890109375
TA.J54A.z -78.6392 43.2728 0.241440583333 0.240600654762
TA.DWPF.z -81.4327 28.1103 0.245968880734 0.246367623853
TA.142A.z -91.9457 32.5488 0.247232481203 0.248407601504
TA.S45A.z -88.5804 37.6774 0.243584616667 0.2438377
TA.Y25A.z -104.693 33.9229 0.2539458125 0.253229776786
TA.ABTX.z -99.6431 32.6238 0.246748401235 0.246244611111
TA.T15A.z -112.382 37.0183 0.256519125 0.256302733333
TA.T48A.z -86.3943 37.1094 0.244510802326 0.24379205814
TA.F23A.z -105.406 45.7212 0.246530843137 0.245052343137
TA.P10A.z -116.464 39.6202 0.257395484848 0.257147030303
TA.E58A.z -73.2771 46.3721 0.24501756701 0.242916268041
TA.151A.z -85.3267 32.5269 0.245262035294 0.245337211765
TA.J23A.z -105.552 43.4036 0.252756504065 0.250700113821
TA.T60A.z -76.7349 37.1397 0.245764675676 0.24478763964
TA.D58A.z -72.8826 47.0954 0.246136552083 0.245973791667
TA.R27A.z -102.798 38.2859 0.251805054545 0.251429581818
TA.ERPA.z -79.9891 42.1175 0.244774186275 0.244709588235
TA.C16A.z -111.746 47.8012 0.24846502459 0.247663180328
TA.BGNE.z -98.1502 41.4083 0.244015168675 0.244268650602
TA.GLA.z -114.827 33.0515 0.256877837209 0.256707860465
TA.O32A.z -98.2764 40.261 0.24600279562 0.244490437956
TA.Z37A.z -95.6229 33.1981 0.250317952941 0.249687541176
TA.D25A.z -103.32 47.1508 0.247816839623 0.246025160377
TA.L30A.z -99.7196 41.9492 0.248307616162 0.247327535354
TA.G10A.z -117.12 45.2925 0.248328072727 0.249371645455
TA.J33A.z -96.9667 43.3185 0.242386344538 0.241999596639
TA.W39A.z -93.784 35.196 0.250035471545 0.24905395122
TA.H56A.z -76.2594 44.593 0.248745103448 0.246817528736
TA.Y23A.z -106.055 33.9315 0.254597456897 0.254113948276
TA.V43A.z -90.5443 35.7857 0.246599326316 0.246790431579
TA.638A.z -95.4481 29.4193 0.251639235294 0.250582588235
TA.DVT.z -116.101 32.6591 0.251497666667 0.250775333333
TA.V56A.z -80.4963 35.8097 0.245681247863 0.244584068376
TA.N52A.z -81.6876 40.8125 0.244818534483 0.24365762069
TA.S61A.z -75.6727 37.6804 0.244157061856 0.244006371134
TA.D50A.z -79.8412 47.1668 0.245100222222 0.244930269841
TA.LAO.z -106.223 46.6885 0.254838384615 0.254178076923
TA.450A.z -86.5863 30.8038 0.248986384615 0.248429263736
TA.F55A.z -76.351 45.8338 0.242581493827 0.242713888889
TA.N41A.z -90.8552 40.7077 0.24284353 0.24178898
TA.G11A.z -116.268 45.3997 0.250101362069 0.250365146552
TA.M53A.z -80.675 41.4393 0.245158060345 0.244481163793
TA.252A.z -84.7357 31.9962 0.247524849057 0.245636754717
TA.I20A.z -108.128 43.9496 0.251248983193 0.250195092437
TA.X35A.z -96.9731 34.3995 0.244291716981 0.244090207547
TA.833A.z -99.3939 28.3236 0.251264059829 0.251030769231
TA.I49A.z -82.8246 43.94 0.243107181818 0.242803190909
TA.P36A.z -95.206 39.6204 0.245999085714 0.246122390476
TA.T14A.z -113.084 37.0615 0.255773925 0.256685433333
TA.129A.z -101.866 32.6309 0.24770667619 0.245748190476
TA.O55A.z -79.3041 40.2076 0.245958402299 0.24359708046
TA.LRL.z -117.682 35.4795 0.248105605263 0.247306157895
TA.334A.z -98.2379 31.3325 0.24746297561 0.246089260163
TA.W21A.z -107.648 35.117 0.255564688525 0.256002590164
TA.Z50A.z -85.9226 33.254 0.245116056338 0.245387323944
TA.Z21A.z -107.671 33.3086 0.254819945652 0.25463751087
TA.V23A.z -106.183 35.7452 0.256128423729 0.255240398305
TA.D29A.z -99.5957 47.0605 0.244247504132 0.243147495868
TA.W38A.z -94.5184 35.0704 0.24838925641 0.247439991453
TA.F13A.z -114.332 45.7893 0.252317735294 0.252092617647
TA.Y47A.z -87.8494 33.9025 0.244069327434 0.243696761062
TA.V40A.z -92.8232 35.8044 0.246648094828 0.246312336207
TA.Q40A.z -92.0748 38.9946 0.245050356522 0.244110182609
TA.E05A.z -121.761 46.5605 0.254098328767 0.255452753425
TA.M50A.z -83.0428 41.4035 0.246545619835 0.245288330579
TA.W16A.z -111.532 35.0951 0.260311524752 0.260524188119
TA.F14A.z -113.37 45.8122 0.253648429448 0.253499325153
TA.D28A.z -100.569 47.1929 0.242981464 0.24339972
TA.Y27A.z -103.163 33.8839 0.251009867925 0.251539613208
TA.J27A.z -102.007 43.2526 0.248934117117 0.248175585586
TA.556A.z -82.4057 30.0015 0.250280954023 0.249335195402
TA.J37A.z -93.5527 43.3103 0.243548946903 0.241589185841
TA.231A.z -100.316 31.9353 0.246300761062 0.244692389381
TA.145A.z -89.9287 32.6035 0.247551730769 0.247548292308
TA.627A.z -103.389 29.4528 0.25110959322 0.251372211864
TA.C11A.z -116.256 47.8397 0.251096813084 0.250003514019
TA.W33A.z -98.4686 35.1518 0.249329363636 0.247920289256
TA.E60A.z -71.4469 46.3689 0.244111545455 0.243416373737
TA.G17A.z -110.74 45.3212 0.2525750625 0.253104955357
TA.439A.z -94.766 30.7937 0.249713336449 0.249449925234
TA.K24A.z -104.815 42.7225 0.24823935 0.247714175
TA.CIA.z -118.415 33.4019 0.251789680851 0.250292404255
TA.Y45A.z -89.5431 33.8656 0.244944663462 0.243710038462
TA.H16A.z -111.248 44.7038 0.25775037931 0.258270310345
TA.C24A.z -104.425 47.5302 0.247443790909 0.248011709091
TA.Y39A.z -94.0936 33.938 0.248529409091 0.248141672727
TA.S41A.z -91.7458 37.5877 0.242867743119 0.241765321101
TA.F52A.z -79.3227 45.7951 0.241532352113 0.241588690141
TA.MNTX.z -105.382 31.6985 0.258209285714 0.254261142857
TA.Q39A.z -92.9759 39.0455 0.244363872727 0.244028954545
TA.GMR.z -115.66 34.7846 0.255833790698 0.255306813953
TA.F06A.z -120.782 45.7664 0.259736833333 0.26016397619
TA.V48A.z -86.8219 35.74 0.244740675439 0.24379945614
TA.K23A.z -105.625 42.7546 0.248338273504 0.247295529915
TA.E20A.z -108.13 46.5038 0.248378763636 0.248124463636
TA.H32A.z -97.4363 44.5041 0.241490833333 0.240560725
TA.K21A.z -107.251 42.6332 0.248101118812 0.247496871287
TA.M35A.z -95.6945 41.4665 0.24442373913 0.244217521739
TA.A18A.z -109.846 48.9198 0.24783282243 0.247373635514
TA.W49A.z -86.2645 35.1194 0.244850019048 0.244841047619
TA.329A.z -101.981 31.487 0.248209849057 0.247398235849
TA.J02A.z -123.575 43.3654 0.255152015152 0.255661424242
TA.N12A.z -115.039 40.8522 0.257556052632 0.257578114035
TA.K32A.z -97.9723 42.6597 0.242322669643 0.2425868125
TA.436A.z -96.796 30.7702 0.252924793388 0.252813272727
TA.636A.z -97.057 29.481 0.250074008547 0.249974153846
TA.O36A.z -94.9645 40.1315 0.246118485714 0.245889495238
TA.138A.z -95.0887 32.6604 0.24994944 0.249291864
TA.P31A.z -99.3783 39.5211 0.246767547826 0.245508434783
TA.X58A.z -79.3388 34.5548 0.24577872449 0.245336836735
TA.Y52A.z -84.0626 33.864 0.244046771739 0.242880608696
TA.339A.z -94.556 31.3331 0.252234943396 0.251961424528
TA.X38A.z -94.8288 34.6692 0.250011225225 0.249865981982
TA.S25A.z -104.435 37.6606 0.252543330097 0.25238376699
TA.I30A.z -99.4262 43.9143 0.246825733333 0.2467816
TA.R20A.z -108.379 38.1888 0.254427699115 0.255013132743
TA.W43A.z -90.7061 35.0877 0.243793306818 0.243817204545
TA.G20A.z -108.214 45.2202 0.249020933333 0.24765555
TA.F04A.z -122.419 45.9325 0.256206585106 0.255186148936
TA.H08A.z -118.67 44.5191 0.258937941176 0.258649470588
TA.L42A.z -89.667 42.004 0.242107927835 0.240816680412
TA.115A.z -112.228 32.7006 0.254342763636 0.254967263636
TA.N51A.z -82.3748 40.9183 0.246357577465 0.244899901408
TA.SWS.z -115.8 32.9451 0.252154 0.253077666667
TA.M15A.z -112.448 41.4632 0.251548804054 0.251593263514
TA.C14A.z -113.747 47.7687 0.249520258824 0.249226282353
TA.B31A.z -97.6495 48.4236 0.240818625 0.240383240385
TA.O47A.z -86.1742 40.2361 0.243480235955 0.243109696629
TA.L32A.z -98.008 42.0045 0.243838855856 0.243086603604
TA.L46A.z -86.2955 42.0127 0.243876941748 0.242805854369
TA.114A.z -112.883 32.7513 0.256335150943 0.254544660377
TA.527A.z -103.612 30.1456 0.252227287037 0.25258437037
TA.D10A.z -117.276 47.0547 0.248396146552 0.248282456897
TA.U61A.z -76.4464 36.3319 0.246425324324 0.24607081982
TA.E12A.z -115.571 46.4151 0.252185934066 0.250362065934
TA.G34A.z -95.638 45.2419 0.243660327103 0.24313488785
TA.Y24A.z -105.436 33.9257 0.253175730435 0.252442052174
TA.C23A.z -105.184 47.8026 0.245813472222 0.246300490741
TA.M64A.z -71.2102 41.5509 0.248589284091 0.248667761364
TA.D27A.z -101.525 47.1081 0.244170981651 0.244573825688
TA.Z28A.z -102.387 33.2884 0.247486345679 0.246733432099
TA.E40A.z -89.8991 46.4446 0.24185527957 0.241472709677
TA.I40A.z -90.6177 43.8916 0.242448074766 0.241784831776
TA.I39A.z -91.5231 43.8543 0.242491427184 0.242480135922
TA.232A.z -99.6469 31.888 0.247454915094 0.245898924528
TA.M28A.z -101.371 41.3956 0.246062238532 0.245400761468
TA.S52A.z -83.0784 37.6791 0.243806429825 0.243527245614
TA.Z34A.z -97.9158 33.3712 0.245490111111 0.2451037
TA.347A.z -88.5412 31.4017 0.249151964912 0.249253517544
TA.X54A.z -82.3743 34.5474 0.244680689394 0.243884772727
TA.W60A.z -77.7133 35.0528 0.245065027027 0.244864720721
TA.530A.z -101.338 30.1489 0.247993279279 0.248715882883
TA.M56A.z -78.1826 41.4837 0.24598359 0.24483326
TA.I64A.z -69.6347 43.9197 0.242458582418 0.242286824176
TA.O48A.z -85.1553 40.2571 0.24342775 0.242971824074
TA.S34A.z -97.1111 37.7009 0.244932941667 0.244427475
TA.J30A.z -99.4922 43.3248 0.245121304 0.24350048
TA.O17A.z -110.738 40.1948 0.253146754902 0.253405284314
TA.I36A.z -94.0143 44.0191 0.244168180328 0.243017254098
TA.L58A.z -75.8502 42.0447 0.248102405405 0.246750396396
TA.I19A.z -108.994 44.0363 0.249330761538 0.248925138462
TA.K26A.z -103.178 42.7016 0.250960508621 0.25023112069
TA.533A.z -99.0351 30.0718 0.246679790323 0.246450830645
TA.R06C.z -119.451 38.5226 0.258626166667 0.2592142
TA.U48A.z -86.5402 36.5107 0.242695505495 0.242618879121
TA.246A.z -89.1286 32.0143 0.246144424 0.244563456
TA.X18A.z -109.95 34.5293 0.258181495413 0.258914073394
TA.217A.z -110.816 31.7748 0.256995421053 0.256019403509
TA.K60A.z -73.8886 42.6168 0.249939237624 0.250586633663
TA.656A.z -82.5348 29.3689 0.245533135135 0.245427369369
TA.C10A.z -117.308 47.8192 0.251538327434 0.25000379646
TA.J41A.z -90.0137 43.3655 0.244224655462 0.243536621849
TA.E63A.z -68.422 46.422 0.247618178571 0.247421952381
TA.S33A.z -98.0016 37.5936 0.246215447368 0.245269385965
TA.F35A.z -94.5734 45.858 0.243659076923 0.24322774359
TA.V12A.z -114.851 35.7266 0.259357142857 0.2591870625
TA.O06A.z -119.827 40.165 0.259962686747 0.260437457831
TA.T47A.z -87.1055 36.9881 0.244947959184 0.244645653061
TA.F10A.z -117.228 45.9734 0.250323929134 0.250223062992
TA.M30A.z -99.8723 41.5371 0.246565093458 0.247296962617
TA.P27A.z -102.578 39.5559 0.250288755102 0.24848727551
TA.Q33A.z -97.8327 38.9982 0.246965756757 0.245974648649
TA.N33A.z -97.4506 40.7384 0.241138982906 0.240891521368
TA.K61A.z -73.2676 42.6695 0.250435470588 0.250855392157
TA.Q38A.z -93.6182 38.9609 0.242889770642 0.241711201835
TA.M31A.z -98.9766 41.344 0.244201530769 0.244277776923
TA.P35A.z -96.0188 39.5286 0.244831018182 0.244215645455
TA.M44A.z -88.0432 41.3882 0.240719882353 0.240333323529
TA.156A.z -81.495 32.6542 0.247626650943 0.247262179245
TA.Z14A.z -112.946 33.3627 0.255238730769 0.254760067308
TA.SCIA.z -93.2153 41.9069 0.238987681818 0.2402435
TA.D18A.z -109.802 47.1961 0.250688198276 0.24996112931
TA.125A.z -104.657 32.6588 0.249982118182 0.250994990909
TA.P57A.z -78.0126 39.4835 0.243863190476 0.24313712381
TA.X27A.z -103.097 34.6469 0.252792054054 0.252858972973
TA.X52A.z -83.8938 34.6032 0.247019034783 0.246902808696
TA.K34A.z -96.0957 42.6865 0.242750935185 0.241697638889
TA.I60A.z -73.2916 43.844 0.247045608696 0.247323673913
TA.L37A.z -93.7546 42.1246 0.241940838384 0.240455161616
TA.W37B.z -95.4316 35.139 0.248269702703 0.246815108108
TA.Z59A.z -79.278 33.2414 0.267255 0.266343
TA.Q46A.z -87.3575 39.0231 0.243642947917 0.242970364583
TA.433A.z -99.091 30.7544 0.246775928 0.245254272
TA.P58A.z -77.3005 39.4891 0.244819582524 0.243956796117
TA.E39A.z -90.5557 46.3777 0.240486808989 0.24036011236
TA.R22A.z -106.756 38.2289 0.253186344 0.253702608
TA.K33A.z -97.0012 42.6052 0.244572369748 0.244088932773
TA.Q15A.z -112.379 38.9995 0.259781893204 0.260366699029
TA.B22A.z -105.996 48.3008 0.247775163265 0.247335357143
TA.M46A.z -86.3524 41.4079 0.244168123711 0.243430773196
TA.Y43A.z -90.9285 33.9121 0.246455530973 0.246491451327
TA.V03C.z -121.236 36.0214 0.256954307692 0.255788523077
TA.A21A.z -106.925 48.9912 0.244905569892 0.244723451613
TA.341A.z -93.1681 31.3334 0.249391417323 0.249357330709
TA.L09A.z -117.667 42.0192 0.257920106796 0.259362446602
TA.K17A.z -110.92 42.7507 0.251942098901 0.248670945055
TA.254A.z -83.2905 31.9457 0.247763663717 0.24670639823
TA.J47A.z -84.8214 43.2382 0.243704848214 0.24274675
TA.O08A.z -118.155 40.2903 0.262904738636 0.261004090909
TA.Q52A.z -82.2669 38.9622 0.245674616883 0.24584024026
TA.ISA.z -118.474 35.6628 0.253471263158 0.251126447368
TA.M52A.z -81.357 41.5405 0.246471293103 0.245479732759
TA.W41A.z -92.2478 35.1736 0.248147275862 0.247618413793
TA.WCI.z -86.2939 38.2289 0.244885916084 0.244756496503
TA.I09A.z -117.741 43.9733 0.258834042373 0.258313966102
TA.C36A.z -92.8378 47.758 0.244722535714 0.244726821429
TA.320A.z -108.528 31.3369 0.253790403509 0.254126842105
TA.128A.z -102.485 32.6213 0.248120688073 0.246863431193
TA.Q58A.z -77.682 38.9413 0.245751207207 0.244957477477
TA.AAM.z -83.6567 42.3012 0.245436353982 0.244916938053
TA.BFS.z -117.659 34.2388 0.252765 0.254177954545
TA.M39A.z -92.1725 41.4786 0.242239777778 0.241703777778
TA.H02A.z -124 44.6764 0.250057246914 0.25038808642
TA.Q19A.z -109.263 38.9553 0.252435730159 0.251991126984
TA.M61A.z -73.7673 41.3104 0.247969355769 0.247709701923
TA.F60A.z -71.9514 45.9688 0.242109784091 0.242391852273
TA.T38A.z -94.293 37.0354 0.243344882883 0.243657432432
TA.T13A.z -113.907 37.0195 0.259327871795 0.260826641026
TA.216A.z -111.457 32.0022 0.256113754386 0.255826464912
TA.T50A.z -84.8384 37.0204 0.243722297297 0.242691945946
TA.L24A.z -104.933 42.0432 0.249030346154 0.248290807692
TA.V50A.z -85.1 35.6713 0.245859927273 0.245423754545
TA.NHSC.z -80.1778 33.1067 0.243589033613 0.242660151261
TA.ISCO.z -105.613 39.7997 0.2490561875 0.24803803125
TA.E43A.z -86.9954 46.3758 0.246073881356 0.245704550847
TA.E59A.z -72.5108 46.4803 0.243109574257 0.24186729703
TA.P08A.z -118.08 39.6946 0.257651914894 0.258253755319
TA.V51A.z -84.3511 35.8033 0.24477164486 0.244644971963
TA.U12A.z -114.539 36.4321 0.25871960177 0.258528212389
TA.218A.z -110.046 31.9737 0.258408813084 0.25806835514
TA.G21A.z -107.207 45.225 0.247050352459 0.245364885246
TA.T37A.z -94.9176 37.123 0.245062259259 0.244674157407
TA.K38A.z -92.7709 42.6472 0.243456217391 0.242326782609
TA.X36A.z -96.352 34.5704 0.247670186441 0.246819033898
TA.Y21A.z -107.674 34.0087 0.257324427273 0.257807781818
TA.S12A.z -114.849 37.6083 0.260508491803 0.25930392623
TA.Q49A.z -84.8956 39.005 0.243701932692 0.242952596154
TA.I35A.z -94.9829 43.8565 0.244533458716 0.243163055046
TA.T40A.z -92.5193 37.1504 0.244067537736 0.243833103774
TA.U28A.z -102.224 36.3793 0.251117948454 0.249913917526
TA.D36A.z -93.1645 47.1765 0.242775084112 0.242344803738
TA.Y15A.z -112.333 33.9535 0.255579688073 0.25556246789
TA.V33A.z -98.2862 35.8209 0.245518780952 0.245366580952
TA.PDM.z -114.142 34.3034 0.2531186 0.2543805
TA.W50A.z -85.3119 35.2002 0.246493261261 0.246409648649
TA.R14A.z -113.021 38.2987 0.260053780702 0.258928964912
TA.Q04C.z -121.377 38.839 0.25846842623 0.258980459016
TA.F38A.z -91.8775 45.9588 0.242269343137 0.242111578431
TA.E15A.z -112.641 46.4246 0.251536295597 0.251155264151
TA.S26A.z -103.471 37.6216 0.251929083333 0.250810240741
TA.Q36A.z -95.4609 38.9612 0.245706017391 0.244568973913
TA.S57A.z -78.9536 37.7605 0.245924752475 0.245073693069
TA.Y48A.z -87.1696 33.9131 0.244970876404 0.24448988764
TA.C21A.z -107.096 47.8264 0.248747981132 0.247709764151
TA.S38A.z -93.9078 37.6304 0.242659384615 0.243189974359
TA.Z58A.z -79.8129 33.3349 0.246451230769 0.246454666667
TA.R33A.z -97.9842 38.3081 0.245959943089 0.244789650407
TA.H09A.z -117.664 44.6653 0.256202303279 0.256606516393
TA.E14A.z -113.493 46.4162 0.250723013333 0.251805473333
TA.T41A.z -91.7636 37.0436 0.243671442478 0.242335053097
TA.F17A.z -110.659 45.9054 0.253224424779 0.252071176991
TA.D08A.z -118.921 47.0573 0.252290096774 0.252903209677
TA.331A.z -100.427 31.3085 0.248629222222 0.247003333333
TA.Q20A.z -108.296 38.9541 0.253381791667 0.253522591667
TA.EDW2.z -117.994 34.8811 0.252543952381 0.251052928571
TA.G24A.z -104.416 45.328 0.24645990099 0.246354920792
TA.R09A.z -117.072 38.2397 0.257095393617 0.257339680851
TA.T33A.z -98.2444 37.0824 0.246275381818 0.245984890909
TA.Z38A.z -94.9851 33.2599 0.25095587013 0.251103675325
TA.N59A.z -75.7703 40.9168 0.244337102804 0.243729803738
TA.Q31A.z -99.395 39.0048 0.246625873874 0.24561681982
TA.H35A.z -94.8311 44.6985 0.243332927273 0.243928527273
TA.N31A.z -98.9544 40.8235 0.245869692913 0.244982212598
TA.Y46A.z -88.8577 33.8828 0.244678652893 0.243517495868
TA.F57A.z -74.6928 45.8122 0.24443367 0.24357956
TA.K13A.z -114.084 42.6493 0.258420330579 0.260867305785
TA.U18A.z -109.87 36.4199 0.253119306452 0.252885991935
TA.I51A.z -81.0231 43.8036 0.24298209434 0.241881396226
TA.F12A.z -115.255 45.7565 0.252258597484 0.251239572327
TA.255A.z -82.4758 31.9263 0.246547519231 0.245270096154
TA.W45A.z -89.186 35.1568 0.248169767241 0.246860439655
TA.D55A.z -75.4732 47.019 0.246251202247 0.24541358427
TA.U17A.z -110.662 36.5996 0.254696293103 0.254044965517
TA.Z49A.z -86.5311 33.1942 0.244682328947 0.244299842105
TA.K05A.z -120.893 42.7258 0.262612027778 0.262602277778
TA.H05A.z -121.227 44.6473 0.2576769125 0.2571796375
TA.E52A.z -78.6569 46.2851 0.2426381875 0.242671890625
TA.MSTX.z -102.772 33.9696 0.252427317568 0.251873405405
TA.N20A.z -108.263 40.8338 0.252049264 0.251928688
TA.G14A.z -113.46 45.2432 0.25416758125 0.25414493125
TA.L27A.z -102.315 42.0837 0.247988299065 0.248051
TA.F61A.z -70.9921 45.9743 0.244013354167 0.243831614583
TA.I48A.z -83.7022 44.1873 0.243881761905 0.24345872381
TA.243A.z -91.4827 31.8803 0.251080195122 0.251509780488
TA.626A.z -104.133 29.554 0.251488299145 0.25126474359
TA.M09A.z -117.45 41.423 0.259458740385 0.260114490385
TA.E08A.z -119.06 46.4911 0.252432252033 0.251987065041
TA.Q55A.z -80.0812 38.9952 0.247108623932 0.249991145299
TA.V28A.z -102.224 35.7505 0.251181009259 0.250038657407
TA.U21A.z -107.658 36.4277 0.255511591398 0.256563655914
TA.O38A.z -93.4731 40.1215 0.242057706422 0.241973183486
TA.K18A.z -110.042 42.6372 0.251069891304 0.248696119565
TA.438A.z -95.4741 30.75 0.251345966102 0.250226364407
TA.U36A.z -95.7325 36.3927 0.242996190476 0.243766828571
TA.Y38A.z -94.7311 33.9278 0.247902165217 0.247955234783
TA.G07A.z -119.669 45.2664 0.2561977 0.2559042
TA.U57A.z -79.3364 36.4319 0.246260504673 0.24521164486
TA.V58A.z -79.115 35.794 0.246617907216 0.245587216495
TA.F11A.z -116.155 45.8883 0.251600782609 0.250800713043
TA.O45A.z -87.7244 40.2489 0.241275526316 0.241452673684
TA.C32A.z -96.5281 47.8255 0.240685094737 0.240771715789
TA.U19A.z -109.208 36.2925 0.25433019697 0.253987712121
TA.H31A.z -98.4772 44.4795 0.239761838095 0.239203504762
TA.238A.z -95.1203 32.0034 0.24887064486 0.250755672897
TA.337A.z -95.8854 31.3159 0.249037288136 0.249007864407
TA.E23A.z -105.306 46.4978 0.24687698 0.24607359
TA.J60A.z -73.4212 43.2438 0.247529929293 0.248764252525
TA.541A.z -93.1875 30.0596 0.251616256198 0.250616123967
TA.H64A.z -69.2203 44.6412 0.2463887 0.245047366667
TA.S15A.z -112.363 37.6761 0.255175941176 0.255964078431
TA.H60A.z -72.6986 44.5606 0.247877065217 0.248389173913
TA.Q14A.z -113.277 38.9882 0.26090122 0.26147853
TA.M48A.z -84.7171 41.4846 0.243718550847 0.243088686441
TA.S21A.z -107.792 37.662 0.255996657895 0.256480973684
TA.F16A.z -111.626 45.7843 0.25142175 0.251112546296
TA.W57A.z -79.9928 35.1529 0.246237425532 0.246226734043
TA.I55A.z -77.6817 44.2161 0.246093176471 0.245017282353
TA.Y57A.z -80.3915 34.017 0.24654355 0.245539
TA.W44A.z -89.8161 35.1395 0.242835472222 0.243052537037
TA.R37A.z -94.8294 38.3133 0.243395061224 0.242770214286
TA.L25A.z -103.966 42.1548 0.249001418182 0.248027336364
TA.V30A.z -100.689 35.7623 0.250132313725 0.249166666667
TA.R41A.z -91.3795 38.2976 0.245688552941 0.243853482353
TA.R34A.z -97.247 38.3008 0.243350864078 0.241981932039
TA.G35A.z -94.4855 45.2199 0.244957883495 0.244182339806
TA.G22A.z -106.292 45.2189 0.24751984466 0.246256679612
TA.F28A.z -100.8 45.8485 0.24327893578 0.243055972477
TA.X33A.z -98.5006 34.541 0.247872655462 0.246980554622
TA.P60A.z -75.6358 39.8113 0.245481990654 0.24512046729
TA.M29A.z -100.689 41.4441 0.24587445283 0.245468537736
TA.ELFS.z -120.728 40.6183 0.259622253731 0.260143820896
TA.U22A.z -106.855 36.3773 0.256740814159 0.257143353982
TA.Q51A.z -83.3456 39.026 0.243441618644 0.242699355932
TA.K59A.z -74.8525 42.775 0.249025869159 0.248880121495
TA.W22A.z -106.867 35.0719 0.254083391667 0.254448716667
TA.U39A.z -93.4805 36.3823 0.244029275591 0.243429055118
TA.S39A.z -93.3226 37.691 0.243640423729 0.242849228814
TA.529A.z -102.22 30.1246 0.247426100917 0.248703798165
TA.G53A.z -78.6237 45.1222 0.241937025641 0.241921115385
TA.BC3.z -115.454 33.6552 0.258794390244 0.257616
TA.M37A.z -94.0575 41.4028 0.243782346154 0.243502711538
TA.S18A.z -109.995 37.6903 0.253776271186 0.25434990678
TA.S60A.z -76.6535 37.7055 0.244842093458 0.244184392523
TA.S35A.z -96.319 37.6821 0.244720417391 0.243854486957
TA.J35A.z -95.2078 43.3655 0.24375111215 0.24207617757
TA.E56A.z -75.0341 46.5436 0.245813438202 0.244466089888
TA.Q43A.z -89.6991 38.941 0.245388464286 0.244864446429
TA.432A.z -99.7937 30.8755 0.248511339806 0.247324339806
TA.E28A.z -100.693 46.5748 0.246282018018 0.245442108108
TA.A31A.z -97.1888 48.932 0.244454648148 0.243240277778
TA.A04A.z -122.707 48.7197 0.254254909091 0.253632852273
TA.O27A.z -102.479 40.19 0.249557537736 0.247753188679
TA.N13A.z -114.204 40.8556 0.259863139344 0.259546786885
TA.O22A.z -106.547 40.1618 0.25065506087 0.251271956522
TA.E54A.z -77.1869 46.4339 0.241558264706 0.243321573529
TA.L59A.z -75.0426 42.1902 0.247480902913 0.246751184466
TA.U05C.z -120.12 36.3356 0.254774894737 0.251977473684
TA.V19A.z -109.046 35.7147 0.25386376 0.253729808
TA.J32A.z -97.8476 43.3719 0.241335509804 0.241188186275
TA.Y28A.z -102.248 33.9086 0.249037174757 0.248286048544
TA.X19A.z -109.29 34.4275 0.256701105691 0.257216626016
TA.X16A.z -111.441 34.4178 0.259599774775 0.261666513514
TA.M18A.z -110.067 41.4272 0.249866127907 0.247680825581
TA.S22A.z -106.829 37.7461 0.255227887931 0.255129844828
TA.A13A.z -114.413 48.933 0.249225614458 0.247493927711
TA.Q03C.z -122.015 38.6333 0.257609223881 0.25744061194
TA.257A.z -81.0261 31.9746 0.247286686441 0.248020338983
TA.E35A.z -94.4043 46.5572 0.2425446 0.241556695652
TA.F37A.z -92.6264 45.7243 0.244156235294 0.243879421569
TA.Q45A.z -88.1565 38.8948 0.242563386139 0.241873188119
TA.P49A.z -84.7164 39.5342 0.244126814159 0.243164150442
TA.W26A.z -103.766 35.0891 0.252816419643 0.253086866071
TA.Y35A.z -97.0374 33.9059 0.249328380531 0.246753849558
TA.E09A.z -118.146 46.5139 0.252084366667 0.252393108333
TA.HELL.z -119.023 36.6801 0.253084536232 0.253252855072
TA.F05A.z -121.459 45.8839 0.257635 0.257252661972
TA.N50A.z -83.1486 40.7711 0.247204421053 0.245760947368
TA.Y20A.z -108.377 33.9085 0.255442226087 0.256851382609
TA.L23A.z -105.701 42.1143 0.251763828283 0.250892777778
TA.V25A.z -104.616 35.8383 0.253309794872 0.252860923077
TA.137A.z -95.7559 32.5973 0.248880757813 0.2478234375
TA.J16A.z -111.612 43.2741 0.255544127273 0.254367
TA.G30A.z -99.1446 45.1293 0.247996781513 0.247306277311
TA.P01C.z -123.338 39.469 0.253028237288 0.253032050847
TA.A09A.z -118.585 48.9752 0.254134343137 0.254706392157
TA.E44A.z -85.9214 46.6199 0.246235560976 0.245492138211
TA.346A.z -89.4649 31.3876 0.247558976744 0.246540682171
TA.H28A.z -101.021 44.6751 0.245446816514 0.244110027523
TA.P38A.z -93.5321 39.6248 0.246194944954 0.24459440367
TA.N06A.z -119.835 40.7484 0.260623544554 0.260160316832
TA.X37A.z -95.3713 34.5892 0.249422482759 0.249104741379
TA.T24A.z -105.052 37.0738 0.252319269841 0.253215285714
TA.RRX.z -116.997 34.8753 0.249692 0.250458319149
TA.632A.z -99.7863 29.5071 0.249270781513 0.249140680672
TA.G47A.z -83.8551 45.173 0.241953552381 0.242663590476
TA.446A.z -89.3645 30.7912 0.250039247788 0.25048500885
TA.K49A.z -83.4556 42.7835 0.244104504505 0.242822630631
TA.E37A.z -92.4 46.5658 0.243047361345 0.242485613445
TA.L15A.z -112.386 42.0041 0.251460112903 0.250402532258
TA.834A.z -98.5519 28.1251 0.250027753968 0.24985352381
TA.427A.z -103.402 30.8498 0.251714102564 0.250476940171
TA.240A.z -93.7626 32.0387 0.250088015267 0.250576312977
TA.W53A.z -83.163 35.1696 0.244630878505 0.244205364486
TA.W23A.z -106.15 35.1605 0.253846461538 0.254125358974
TA.J22A.z -106.479 43.4126 0.249420786885 0.247569581967
TA.R15A.z -112.277 38.2108 0.257501828829 0.257954207207
TA.R28A.z -101.811 38.3423 0.247853043478 0.247014104348
TA.V34A.z -97.5176 35.8345 0.244101592593 0.24403887037
TA.112A.z -114.58 32.5356 0.251861230769 0.2520205
TA.U11A.z -115.383 36.423 0.259831112069 0.258957293103
TA.P48A.z -85.4258 39.4605 0.243506693694 0.242829567568
TA.F22A.z -106.257 45.7794 0.24634655 0.24607911
TA.D54A.z -76.657 47.152 0.243730447368 0.244209276316
TA.R54A.z -80.9904 38.1909 0.24630634965 0.246517041958
TA.L29A.z -100.478 42.0641 0.248067175439 0.247314105263
TA.U51A.z -84.0165 36.3786 0.246909034483 0.246293195402
TA.S29A.z -101.118 37.6199 0.2472303125 0.246857446429
TA.R11A.z -115.585 38.3489 0.258664128205 0.259284162393
TA.I27A.z -102.052 44.069 0.248608785047 0.246526495327
TA.N43A.z -89.1735 40.9394 0.244341781609 0.243101735632
TA.D16A.z -111.549 47.0308 0.250181294118 0.249185243697
TA.Q54A.z -80.8338 38.9836 0.245960569106 0.249180398374
TA.144A.z -90.4226 32.6304 0.244616556604 0.245261207547
TA.V14A.z -113.105 35.6339 0.259006313043 0.259208617391
TA.X48A.z -87.0452 34.4517 0.242134319149 0.242224914894
TA.F30A.z -99.025 45.8356 0.248331470588 0.246516285714
TA.H15A.z -112.644 44.6173 0.258936728972 0.259382813084
TA.N58A.z -76.7158 40.8396 0.246081252427 0.244379184466
TA.P07A.z -118.889 39.5399 0.260711936842 0.2605044
TA.SUSD.z -98.9556 44.4429 0.244960367521 0.244691239316
TA.R35A.z -96.1988 38.3231 0.244348219048 0.242949447619
TA.R12A.z -114.608 38.3281 0.258804531746 0.258251428571
TA.K22A.z -106.524 42.6507 0.247278155039 0.246139217054
TA.O12A.z -114.745 40.2679 0.25794503937 0.257205338583
TA.Z48A.z -87.5556 33.3764 0.244280877193 0.243479403509
TA.D35A.z -94.0529 47.081 0.240055838384 0.239849515152
TA.W28A.z -102.206 35.2574 0.250796790476 0.252132152381
TA.P18A.z -110.246 39.6279 0.252391853448 0.252002715517
TA.534A.z -98.4753 30.0284 0.247148818182 0.246423099174
TA.C20A.z -108.004 47.7133 0.248819973214 0.247543821429
TA.BBR.z -116.921 34.2623 0.256905857143 0.256136666667
TA.Q60A.z -75.8429 39.0016 0.24507573 0.24438959
TA.Z15A.z -112.158 33.2893 0.25663892233 0.256086145631
TA.X49A.z -86.326 34.5126 0.246086826087 0.24533326087
TA.R07C.z -119.047 38.089 0.261183209677 0.262073580645
TA.U53A.z -82.5765 36.3644 0.246320938776 0.245407418367
TA.L10A.z -116.471 42.0773 0.260384766129 0.260321548387
TA.I45A.z -86.2348 44.0361 0.245155330275 0.243983091743
TA.V60A.z -77.2629 35.765 0.247484294643 0.246179651786
TA.U45A.z -88.7635 36.3481 0.244704611765 0.244059858824
TA.I14A.z -113.452 43.9286 0.26129827027 0.263108324324
TA.Z27A.z -103.215 33.315 0.250950522727 0.250059818182
TA.K36A.z -94.4507 42.6381 0.242386115702 0.241768396694
TA.CNNC.z -77.8901 35.2393 0.246546191919 0.246042262626
TA.B29A.z -99.3535 48.4649 0.241780224 0.241100864
TA.M41A.z -90.5422 41.375 0.241534793103 0.240728672414
TA.G63A.z -69.6186 45.1147 0.24781994382 0.247142202247
TA.Q59A.z -76.6548 38.8644 0.243233410714 0.242822473214
TA.H22A.z -106.352 44.5943 0.248256576577 0.247273306306
TA.TIN.z -118.23 37.0542 0.253962534884 0.254188488372
TA.L53A.z -80.2598 41.9539 0.244564900763 0.243233328244
TA.S20A.z -108.36 37.83 0.256055766234 0.256745246753
TA.Z32A.z -99.4783 33.3066 0.244898677419 0.245123403226
TA.357A.z -81.4855 31.4239 0.247150318584 0.247296575221
TA.J39A.z -91.7062 43.3354 0.242967609756 0.241969195122
TA.M42A.z -89.7581 41.4546 0.245894707547 0.244210358491
TA.Q10A.z -116.4 38.8247 0.257273451613 0.258583120968
TA.T42A.z -91.0927 37.0301 0.242835291139 0.242887746835
TA.E38A.z -91.5542 46.6058 0.242482205882 0.241195539216
TA.P45A.z -87.7439 39.5277 0.242824 0.242260676768
TA.351A.z -85.6036 31.2753 0.245036576471 0.243421517647
TA.U31A.z -99.8508 36.3695 0.251106466667 0.249899466667
TA.K48A.z -84.1197 42.8032 0.245449509259 0.243749824074
TA.735A.z -97.8081 28.8553 0.248532714286 0.24935192437
TA.A33A.z -95.3904 48.9371 0.244697561905 0.245052428571
TA.W56A.z -80.5828 35.135 0.24486216 0.244691856
TA.F18A.z -109.716 45.9046 0.252530452991 0.251498230769
TA.C40A.z -89.1514 47.9154 0.246937043478 0.245900652174
TA.W37A.z -95.4269 35.138 0.245946258065 0.245685419355
TA.158A.z -80.1935 32.7364 0.244691418182 0.246752254545
TA.R47A.z -86.527 38.2957 0.243729122222 0.243469255556
TA.A26A.z -102.038 48.8973 0.24602120339 0.245737152542
TA.Z16A.z -111.427 33.341 0.257687592233 0.257902640777
TA.G45A.z -85.6571 45.0404 0.244252857143 0.243885266667
TA.Q28A.z -101.831 39.0623 0.246335592593 0.245456046296
TA.O23A.z -105.918 40.2109 0.251373449153 0.250839
TA.O41A.z -90.882 40.1156 0.243631833333 0.243249640351
TA.W40A.z -93.0693 35.1923 0.248430484127 0.247186246032
TA.646A.z -89.8245 29.5832 0.246300126316 0.246212442105
TA.K02A.z -123.49 42.7667 0.258776552239 0.257906835821
TA.EGMT.z -109.755 48.024 0.247942823529 0.247878
TA.Q35A.z -96.0368 38.8586 0.24306792381 0.242380447619
TA.BRSD.z -98.9563 44.443 0.245280962963 0.24552212963
TA.C13A.z -114.574 47.6795 0.24741471345 0.247563684211
TA.E42A.z -87.914 46.4301 0.244074852632 0.243259378947
TA.256A.z -81.8878 31.9799 0.245760866667 0.244934485714
TA.Z20A.z -108.592 33.1132 0.2543849 0.2547207
TA.W46A.z -88.3783 35.1333 0.242655321839 0.242126091954
TA.P46A.z -87.2067 39.6178 0.241974066667 0.241261380952
TA.U24A.z -105.278 36.4093 0.253905513274 0.253752185841
TA.E18A.z -109.914 46.5663 0.251535228814 0.249824059322
TA.I16A.z -111.487 43.8756 0.254490874074 0.255539385185
TA.J34A.z -95.9579 43.2844 0.24352946087 0.242238321739
TA.M49A.z -83.9752 41.4745 0.244900295652 0.243206443478
TA.H06A.z -120.335 44.7344 0.258357185567 0.259309041237
TA.P54A.z -80.4796 39.602 0.244679411765 0.241426294118
TA.NEE2.z -114.619 34.7676 0.250858921569 0.249976254902
TA.N45A.z -87.5118 40.8479 0.242209265306 0.242823520408
TA.E27A.z -101.564 46.4293 0.243224548387 0.243043104839
TA.T36A.z -95.8789 37.0605 0.242827682692 0.242869759615
TA.P34A.z -96.8268 39.5471 0.244400688679 0.243486896226
TA.N54A.z -79.9892 40.9617 0.244445673077 0.244099403846
TA.L62A.z -72.6617 42.0328 0.247579752577 0.246911134021
TA.BEL.z -115.998 34.0006 0.255943844444 0.256182911111
TA.M36A.z -94.8021 41.4537 0.244181130435 0.244407156522
TA.V38A.z -94.4077 35.8626 0.249421972973 0.249700612613
TA.U47A.z -87.2892 36.4413 0.245184415842 0.244069871287
TA.L61A.z -73.5543 42.1934 0.247867604167 0.24941465625
TA.Q07A.z -118.808 38.9383 0.260242043011 0.26040427957
TA.226B.z -104.165 32.0778 0.249527333333 0.248659368421
TA.M57A.z -77.128 41.3372 0.246044646465 0.244501727273
TA.U52A.z -83.3671 36.3929 0.244120514851 0.24412249505
TA.R19A.z -109.261 38.2916 0.254504480769 0.253293076923
TA.N11A.z -115.736 40.8167 0.258889508475 0.258468550847
TA.P29A.z -100.932 39.6021 0.244627589286 0.244271580357
TA.G62A.z -70.5319 45.2186 0.246135885057 0.246492
TA.230A.z -101.112 31.8878 0.246965342857 0.24520427619
TA.X55A.z -81.6336 34.4701 0.246495971698 0.245387056604
TA.U56A.z -80.3829 36.3472 0.24507097561 0.243625113821
TA.M25A.z -104.055 41.4347 0.247987154545 0.247706145455
TA.T45A.z -88.6447 37.0196 0.244678181818 0.244411977273
TA.E57A.z -74.1471 46.4117 0.246421310811 0.245219243243
TA.DEC.z -118.334 34.2535 0.254127371429 0.254448028571
TA.W31A.z -99.9435 35.1864 0.250578415094 0.249445301887
TA.N22A.z -106.454 40.8023 0.251193418301 0.251497163399
TA.130A.z -100.965 32.5961 0.245901212963 0.245088324074
TA.L40A.z -91.2218 42.0628 0.242690790698 0.242060465116
TA.R49A.z -85.1714 38.2916 0.244505586777 0.244616966942
TA.J17A.z -110.712 43.3629 0.255390276316 0.248655
TA.L43A.z -88.7423 42.1833 0.241354035294 0.241439376471
TA.N16A.z -111.437 40.8869 0.251559508475 0.251421050847
TA.245A.z -89.8958 32.0322 0.248803373913 0.248159217391
TA.B08A.z -119.333 48.3584 0.254327609091 0.254757709091
TA.I46A.z -85.4472 43.9411 0.243827572727 0.2435153
TA.V18A.z -109.933 35.7113 0.254840269841 0.254838746032
TA.T26A.z -103.593 37.1747 0.249397287129 0.248281386139
TA.544A.z -91.1612 30.11 0.251536661157 0.251149752066
TA.L04A.z -121.891 42.175 0.258459661538 0.258198353846
TA.H65A.z -68.2469 44.6961 0.245314932039 0.245740009709
TA.X39A.z -94.1138 34.5105 0.247029072727 0.246249054545
TA.S36A.z -95.5923 37.724 0.244320823009 0.244006433628
TA.R24A.z -105.107 38.2315 0.252450347458 0.251523788136
TA.S46A.z -87.7153 37.6849 0.244179688889 0.243045533333
TA.325A.z -104.971 31.3711 0.252014321429 0.251640428571
TA.429A.z -101.894 30.6248 0.245145396396 0.244838981982
TA.X51A.z -84.8574 34.5658 0.245084678261 0.245907408696
TA.A24A.z -104.002 48.9239 0.246703435185 0.247030527778
TA.U33A.z -98.1135 36.4327 0.244678252252 0.243795405405
TA.T23A.z -106.037 37.0361 0.254708308333 0.253790358333
TA.K08A.z -118.486 42.7308 0.260520461538 0.261944826923
TA.N24A.z -104.882 40.8271 0.2479448 0.247951619048
TA.PFO.z -116.459 33.6117 0.249096765957 0.248819106383
TA.E45A.z -85.1774 46.3563 0.244515702128 0.244217595745
TA.S56A.z -79.5662 37.6771 0.245888182692 0.245805605769
TA.W41B.z -92.2479 35.1736 0.247624310345 0.246926594828
TA.T44A.z -89.5896 37.086 0.244954054348 0.244722565217
TA.Q57A.z -78.4107 39.0353 0.246020910714 0.245339321429
TA.E16A.z -111.676 46.5336 0.250616275862 0.249958112069
TA.V61A.z -76.5776 35.7912 0.246845991228 0.245723052632
TA.119A.z -109.303 32.7663 0.257048163462 0.256218134615
TA.P30A.z -100.247 39.5442 0.247847551724 0.246082043103
TA.153A.z -83.8316 32.6499 0.244622194444 0.243604157407
TA.N26A.z -103.222 40.8289 0.247233570093 0.246313598131
TA.225A.z -104.823 32.1101 0.251362633028 0.250856614679
TA.P15A.z -112.279 39.5708 0.257471775 0.258789916667
TA.Y14A.z -113.005 33.9383 0.256329305785 0.255221900826
TA.G39A.z -91.1698 45.2867 0.243508588235 0.242777068627
TA.034A.z -98.6833 27.0647 0.252081347458 0.251829949153
TA.E51A.z -79.4924 46.5333 0.242066901639 0.241382344262
TA.H39A.z -91.2833 44.6797 0.240920343137 0.240858352941
TA.336A.z -96.8443 31.387 0.248226198347 0.248204570248
TA.B30A.z -98.3286 48.4505 0.242520289474 0.242444894737
TA.W61A.z -76.9909 35.1773 0.244650086538 0.244776557692
TA.W27A.z -103.063 35.0637 0.254526663366 0.255186366337
TA.J31A.z -98.7396 43.2915 0.242594683761 0.242191589744
TA.P40A.z -92.0483 39.5299 0.246324054545 0.245166509091
TA.I17A.z -110.576 43.92 0.254178938462 0.252759223077
TA.N61A.z -74.2969 40.7519 0.24616032 0.24543188
TA.W48A.z -86.9333 35.1386 0.244484467391 0.244071630435
TA.O40A.z -91.874 40.1212 0.242912108108 0.242290333333
TA.Q30A.z -100.221 38.9772 0.247343642202 0.24768966055
TA.E62A.z -69.5227 46.6201 0.247105454545 0.246587584416
TA.249A.z -87.1225 31.9752 0.245793965909 0.244660465909
TA.Z52A.z -84.4176 33.1893 0.244143675676 0.244067256757
TA.GRA.z -117.366 36.9961 0.257084189189 0.255955
TA.V39A.z -93.645 35.8389 0.247397852459 0.246860114754
TA.Q41A.z -91.2317 38.9539 0.244795860215 0.244762064516
TA.SHO.z -116.275 35.8996 0.256371125 0.256745729167
TA.543A.z -91.8557 30.0856 0.251275539823 0.250299539823
TA.L38A.z -92.9597 42.141 0.243413425926 0.241814916667
TA.J07A.z -119.311 43.3736 0.259189094737 0.260339010526
TA.X28A.z -102.197 34.5185 0.248914386792 0.248825481132
TA.035Z.z -98.0683 26.463 0.24802707874 0.247833377953
TA.E11A.z -116.209 46.3559 0.248738018692 0.247777476636
TA.F27A.z -102.02 45.8727 0.245344965517 0.244815396552
TA.D03A.z -123.771 47.1161 0.253967162162 0.252879716216
TA.H63A.z -70.0353 44.6616 0.248066360465 0.246965186047
TA.E48A.z -82.1653 46.4809 0.243180813725 0.242936235294
TA.Y26A.z -103.825 33.9232 0.253689366337 0.252813485149
TA.G09A.z -117.78 45.2781 0.254673453782 0.255021756303
TA.V31A.z -99.8425 35.7739 0.250681145631 0.249215
TA.W35A.z -96.8745 35.1527 0.244845616071 0.2447695
TA.Z25A.z -104.717 33.2797 0.249703275362 0.247636101449
TA.333A.z -98.9841 31.3249 0.246089928 0.244788544
TA.U58A.z -78.5493 36.3944 0.244596574074 0.243328268519
TA.X30A.z -100.874 34.4461 0.248670666667 0.248458657895
TA.Y44A.z -90.2112 33.9618 0.245220990826 0.244665302752
TA.349A.z -87.1924 31.3504 0.246083807692 0.244821423077
TA.X22A.z -107.01 34.5058 0.252903862069 0.252712163793
TA.V46A.z -88.1177 35.8007 0.244790819277 0.243546024096
TA.J38A.z -92.4755 43.319 0.241964290598 0.24088682906
TA.M66A.z -70.1353 41.259 0.248105416667 0.247325763889
TA.537A.z -96.3155 30.0799 0.250231991228 0.249584657895
TA.U25A.z -104.408 36.3998 0.253260330357 0.253293598214
TA.457A.z -81.5563 30.6199 0.249660517544 0.249661140351
TA.342A.z -92.3249 31.3747 0.25079295935 0.250550601626
TA.Q09A.z -117.182 38.834 0.257539288462 0.257527673077
TA.H26A.z -102.774 44.6168 0.2494515625 0.247996160714
TA.SPMN.z -92.8037 45.2246 0.245696220126 0.246007465409
TA.D30A.z -98.7576 47.1082 0.2428286 0.243244156522
TA.D48A.z -81.8072 47.1743 0.246085154545 0.246152518182
TA.Z46A.z -88.9414 33.1933 0.244420659341 0.243605868132
TA.447A.z -88.6542 30.7952 0.246813593496 0.246788430894
TA.M45A.z -87.2504 41.3881 0.24337061165 0.243514660194
TA.WVT.z -87.83 36.1297 0.246268895833 0.246008604167
TA.Z54A.z -82.8417 33.2362 0.245778533333 0.24504945
TA.G41A.z -89.1816 45.2118 0.244423848837 0.243311616279
TA.T57A.z -79.2538 36.9983 0.244822144231 0.243618298077
TA.Y31A.z -100.261 33.9629 0.24556928 0.24637778
TA.J09A.z -117.754 43.3471 0.257635991597 0.258100705882
TA.M40A.z -91.5121 41.406 0.243439884211 0.242575463158
TA.U44A.z -89.6863 36.5047 0.245769284211 0.245689021053
TA.D21A.z -106.994 47.0658 0.248772883929 0.2471899375
TA.K41A.z -90.3046 42.6071 0.241517880734 0.241025633028
TA.R43A.z -89.9308 38.276 0.247543641304 0.247018315217
TA.Q08A.z -117.932 38.8606 0.255029849462 0.256801623656
TA.N27A.z -102.537 40.8063 0.24945690991 0.246751207207
TA.Y12C.z -114.524 33.7503 0.253479569231 0.251709661538
TA.P12A.z -114.908 39.4731 0.258911777778 0.25886097619
TA.D07A.z -119.973 47.1936 0.255708811881 0.254629178218
TA.O20A.z -108.242 40.1348 0.251744139535 0.251685465116
TA.L57A.z -76.8492 42.0005 0.247346229167 0.246253697917
TA.H45A.z -86.044 44.6232 0.246281953704 0.244651546296
TA.H40A.z -90.3905 44.622 0.241972466667 0.241606438095
TA.R42A.z -90.7944 38.2804 0.244068472527 0.243631703297
TA.V47A.z -87.5205 35.8278 0.245227105882 0.244292470588
TA.K16A.z -111.588 42.8321 0.25328346729 0.252048672897
TA.O13A.z -113.981 40.1314 0.259877741667 0.259968275
TA.AGMN.z -95.8619 48.2977 0.244875621053 0.245398578947
TA.I18A.z -109.817 43.7013 0.253028842105 0.251871789474
TA.H37A.z -92.9181 44.5812 0.24470256 0.245488328
TA.Y34A.z -97.7573 33.9574 0.249726675214 0.248883931624
TA.X56A.z -81.0319 34.4923 0.2451636 0.244219341667
TA.D04A.z -122.803 47.1109 0.25558755914 0.254256430108
TA.Z18A.z -110.036 33.0851 0.260436561224 0.26113194898
TA.S30A.z -100.464 37.6402 0.248369807018 0.247116096491
TA.O25A.z -104.12 40.1129 0.250141737374 0.249085090909
TA.E25A.z -103.401 46.5009 0.243713882353 0.243179764706
TA.736A.z -97.0673 28.955 0.249474509804 0.249874921569
TA.CWC.z -118.08 36.4399 0.254941238095 0.252915
TA.N49A.z -84.1825 40.922 0.24616975 0.24452491
TA.E30A.z -98.9098 46.5021 0.247069288462 0.245994490385
TA.I42A.z -88.9134 43.8908 0.243263617021 0.243504638298
TA.O57A.z -77.6354 40.2104 0.24521995098 0.244671970588
TA.Z39A.z -94.1822 33.2418 0.249651571429 0.249743031746
TA.528A.z -102.788 30.1615 0.249038110092 0.250348477064
TA.Z51A.z -85.1747 33.3167 0.24476165 0.244637475
TA.MLAC.z -118.836 37.6302 0.252460857143 0.253756542857
TA.244A.z -90.6856 32.0422 0.250213239316 0.248596538462
TA.L18A.z -110.036 41.9243 0.249765424528 0.247568188679
TA.M55A.z -78.7649 41.4686 0.246054616279 0.244737744186
TA.U50A.z -84.8431 36.4156 0.246940380435 0.245592097826
TA.T46A.z -87.8941 37.0417 0.243963663265 0.243807632653
TA.P19A.z -108.981 39.6333 0.251122554745 0.250694518248
TA.P39B.z -92.7541 39.4876 0.2445587625 0.24441935
TA.Y33A.z -98.6256 34.0081 0.246578282051 0.245868846154
TA.D12A.z -115.353 47.0528 0.249711604317 0.249353913669
TA.SFIN.z -87.0967 40.379 0.244484175926 0.244666712963
TA.O53A.z -81.2129 40.2493 0.243478166667 0.240845861111
TA.K57A.z -76.5163 42.7313 0.24905931068 0.247799873786
TA.U20A.z -108.52 36.3758 0.255254756757 0.254242027027
TA.S58A.z -78.0511 37.6126 0.244401490566 0.244381245283
TA.S44A.z -89.2551 37.6936 0.246330243902 0.246902186992
TA.C07A.z -120.061 47.6902 0.253329663265 0.252887091837
TA.251A.z -85.409 32.0929 0.246072808989 0.245216853933
TA.J13A.z -114.174 43.3979 0.257984664706 0.2589225
TA.T58A.z -78.5338 36.9454 0.242789666667 0.24277712381
TA.A20A.z -107.926 48.8799 0.24831539604 0.246639722772
TA.Z47A.z -88.0696 33.199 0.245652806818 0.245338806818
TA.M34A.z -96.583 41.5025 0.245004378151 0.244673504202
TA.N21A.z -107.52 40.76 0.251666907563 0.251901840336
TA.K39A.z -91.8878 42.705 0.242388094017 0.240812760684
TA.426A.z -104.029 30.6689 0.251896807018 0.251435403509
TA.W51A.z -84.7599 35.1606 0.24638430303 0.24551820202
TA.O59A.z -76.1859 40.3114 0.244129784314 0.244233392157
TA.G55A.z -76.7187 45.2532 0.244646493827 0.243852950617
TA.P06A.z -119.898 39.6785 0.258966076923 0.258167615385
TA.X34A.z -97.8326 34.601 0.246507767241 0.24606275
TA.G27A.z -101.931 45.3791 0.243702966102 0.242760313559
TA.R45A.z -88.2812 38.2926 0.243792 0.243515076923
TA.F31A.z -98.2525 45.8598 0.241765076923 0.240547451923
TA.C38A.z -91.2732 47.7171 0.243745028037 0.242408607477
TA.H52A.z -79.8888 44.6422 0.24228960274 0.241509260274
TA.U14A.z -113.18 36.4182 0.256854135593 0.257972542373
TA.H41A.z -89.6534 44.6164 0.241121793814 0.240841783505
TA.P43A.z -89.5213 39.6409 0.242180215686 0.242617470588
TA.958A.z -81.7543 27.5855 0.245817275 0.2452546125
TA.X29A.z -101.701 34.4452 0.249493352381 0.250128095238
TA.140A.z -93.574 32.6408 0.248568054264 0.249022705426
TA.R59A.z -77.1164 38.2005 0.244966806122 0.245270693878
TA.V29A.z -101.521 35.8734 0.2496409 0.249530381818
TA.S11A.z -115.747 37.6444 0.2580409375 0.257931476563
TA.V59A.z -78.2394 35.7649 0.244338495327 0.243941102804
TA.F21A.z -107.123 45.8231 0.249776275 0.248624316667
TA.A16A.z -111.597 48.9482 0.245862626016 0.24621698374
TA.O39A.z -92.5438 40.2544 0.24273745283 0.24251154717
TA.131A.z -100.389 32.6737 0.246196485714 0.244932990476
TA.A23A.z -104.879 48.9592 0.24564217757 0.245580205607
TA.M05C.z -121.146 41.3593 0.258336626866 0.260086776119
TA.O34A.z -96.6936 40.1831 0.243463315315 0.242697675676
TA.832A.z -99.9743 28.2844 0.249602333333 0.250352066667
TA.E06A.z -120.979 46.5433 0.257470259615 0.258409019231
TA.738A.z -95.6481 28.8404 0.24850761157 0.248293479339
TA.328A.z -102.81 31.3818 0.249944941748 0.249045524272
TA.W20A.z -108.5 35.1259 0.257310767241 0.257449534483
TA.N47A.z -85.6942 40.8801 0.240561867347 0.239364989796
TA.C05A.z -121.689 47.6947 0.255495375 0.253748975
TA.HRV.z -71.5583 42.5064 0.2473775 0.246341543478
TA.F09A.z -117.909 45.7087 0.2540565 0.253839618644
TA.S09A.z -117.225 37.7243 0.256484058824 0.257937078431
TA.W25A.z -104.461 35.2177 0.252959051724 0.251621956897
TA.318A.z -109.991 31.439 0.258041747826 0.257540973913
TA.V11A.z -115.43 35.8384 0.256731863248 0.256423820513
TA.H10A.z -116.747 44.589 0.252465588235 0.252643420168
TA.637A.z -96.3324 29.439 0.251859639175 0.250854350515
TA.J55A.z -77.8167 43.2657 0.245662356322 0.244475344828
TA.I31A.z -98.5352 44.0297 0.241669 0.242005495495
TA.J57A.z -75.9968 43.4099 0.246483967033 0.244694406593
TA.SCZ2.z -119.635 33.9954 0.252419025 0.252161875
TA.247A.z -88.6102 32.053 0.246144226891 0.246425168067
TA.U27A.z -102.825 36.4213 0.248681847826 0.246656728261
TA.425A.z -104.986 30.7862 0.250232983607 0.250047877049
TA.S06C.z -119.849 37.8817 0.258181655738 0.25871995082
TA.I22A.z -106.484 43.8924 0.248933742857 0.248620133333
TA.H17A.z -110.576 44.3951 0.252396094488 0.25530184252
TA.Z56A.z -81.3687 33.3253 0.245767294872 0.244411384615
TA.Z35A.z -97.253 33.3308 0.24533625 0.2454987875
TA.227A.z -103.292 32.012 0.249769882883 0.249430054054
TA.V37A.z -95.141 35.883 0.244707161616 0.243914888889
TA.G12A.z -115.326 45.1285 0.251932421053 0.251594412281
TA.O11A.z -115.657 40.1313 0.259242552 0.258731072
TA.H04A.z -122.186 44.6837 0.255807362745 0.255113352941
TA.VES.z -119.085 35.8409 0.256522325581 0.256352302326
TA.S05C.z -120.33 37.346 0.257551276923 0.258296230769
TA.N35A.z -95.6425 40.8612 0.242825774194 0.242939596774
TA.T19A.z -109.025 36.8299 0.253214008333 0.254681225
TA.U42A.z -91.2383 36.3514 0.248023372727 0.247953536364
TA.L39A.z -92.0007 42.1234 0.242811552846 0.242116715447
TA.S27A.z -102.898 37.6837 0.249010453704 0.248637481481
TA.J25A.z -103.803 43.3901 0.247607852459 0.247606680328
TA.658A.z -81.2578 29.422 0.249321293578 0.248342990826
TA.V41A.z -92.1554 35.7851 0.246637550847 0.246639042373
TA.S59A.z -77.2942 37.762 0.244186828283 0.244684080808
TA.Z26A.z -103.98 33.2716 0.247937910714 0.245916357143
TA.M58A.z -76.4603 41.3721 0.245963447619 0.244854095238
TA.J52A.z -80.4764 43.2407 0.24171611 0.24112477
TA.557A.z -81.7291 30.016 0.248164691589 0.247950616822
TA.V26A.z -103.786 35.7964 0.253483316239 0.25285717094
TA.G25A.z -103.417 45.1935 0.244019669565 0.243743904348
TA.F32A.z -97.1264 45.8705 0.242418055046 0.241642522936
TA.L34A.z -96.3762 41.9666 0.243424731481 0.242995740741
TA.W17A.z -110.713 35.0789 0.2589116 0.25842206087
TA.338A.z -95.3106 31.3567 0.249948991597 0.249869218487
TA.K31A.z -98.7546 42.6229 0.240760451613 0.240333086022
TA.U35A.z -96.7318 36.3709 0.24390696875 0.2446495
TA.I06A.z -120.211 43.9437 0.261359897959 0.261405234694
TA.GLMI.z -84.6175 44.8245 0.245329551402 0.245353280374
TA.OGNE.z -102.033 40.9451 0.249280652174 0.248791405797
TA.I43A.z -88.146 43.8844 0.241520872093 0.241816593023
TA.431A.z -100.608 30.6824 0.248252026549 0.247946327434
TA.326A.z -103.979 31.3165 0.250655226891 0.250777529412
TA.Q12A.z -114.83 39.04 0.257655387097 0.256675612903
TA.S24A.z -105.213 37.6407 0.253488611111 0.253925537037
TA.D31A.z -97.7226 47.0481 0.243695571429 0.243449589286
TA.O50A.z -83.6199 40.1468 0.245583654545 0.244594709091
TA.O61A.z -74.553 40.0934 0.243381917526 0.242438113402
TA.H61A.z -71.9271 44.5339 0.248976039216 0.247902901961
TA.J21A.z -107.446 43.3459 0.247503413793 0.24661562931
TA.Q24A.z -105.149 38.9641 0.252980839286 0.252176285714
TA.P59A.z -76.4327 39.6101 0.246177405405 0.245536783784
TA.G38A.z -91.8549 45.1693 0.243540681319 0.243202505495
TA.344A.z -90.7318 31.4527 0.248483 0.248872883929
TA.F15A.z -112.493 45.8409 0.252022294479 0.251920404908
TA.BW06.z -109.558 42.7667 0.249738842105 0.249093131579
TA.J18A.z -110.02 43.2112 0.254556952381 0.252178607143
TA.M06C.z -120.477 41.2047 0.259866907692 0.259357461538
TA.E13A.z -114.188 46.4423 0.253074644172 0.251813907975
TA.U46A.z -88.1773 36.359 0.244759471264 0.244629873563
TA.O37A.z -94.1461 40.1664 0.240567190476 0.240221028571
TA.E64A.z -67.8285 46.4184 0.247826010101 0.247966737374
TA.F45A.z -85.5156 45.6837 0.243802105263 0.243433906433
TA.L54A.z -79.3162 42.2345 0.243902022222 0.243565266667
TA.532A.z -99.9049 30.1278 0.249797563107 0.249334805825
TA.N38A.z -93.235 40.7931 0.245066465517 0.243902336207
TA.Y55A.z -81.8581 33.9375 0.247899978261 0.246969065217
TA.MVCO.z -108.499 37.2103 0.2525008 0.2532476
TA.H11A.z -116.013 44.7035 0.250844582677 0.250954354331
TA.G40A.z -90.2006 45.2684 0.244526304762 0.242776019048
TA.H55A.z -77.183 44.5505 0.244840935897 0.243884538462
TA.E21A.z -107.076 46.5408 0.248557554687 0.247957765625
TA.I11A.z -115.958 43.9121 0.255500642276 0.255734195122
TA.G31A.z -98.2083 45.2254 0.241631854545 0.241280118182
TA.348A.z -87.9023 31.4129 0.246974637795 0.246882259843
TA.552A.z -85.2938 30.1327 0.248385696629 0.248626370787
TA.K54A.z -78.6908 42.6097 0.242548517241 0.242143206897
TA.757A.z -82.0685 28.9413 0.246231023529 0.245617823529
TA.Z44A.z -90.4322 33.2773 0.245241858586 0.243837606061
TA.C09A.z -118.274 47.8006 0.251310243902 0.250921504065
TA.K51A.z -81.5082 42.7223 0.243767070707 0.243506090909
TA.P37A.z -94.3491 39.5882 0.245904159292 0.245061327434
TA.I32A.z -97.4643 44.0271 0.241916580952 0.24090092381
TA.X17A.z -110.806 34.3371 0.259496080808 0.260769575758
TA.634A.z -98.3515 29.3815 0.248560561983 0.24959792562
TA.Z30A.z -101.128 33.2861 0.246168346154 0.245597
TA.143A.z -91.4036 32.7032 0.247897714286 0.247508007143
TA.M24A.z -104.825 41.4676 0.246280889908 0.246497495413
TA.936A.z -97.3091 27.4208 0.250216639098 0.250126924812
TA.J12A.z -115.098 43.25 0.257707286885 0.259258467213
TA.K55A.z -78.0696 42.7278 0.246206253012 0.245412493976
TA.Q32A.z -98.5596 38.9908 0.245571081081 0.245130783784
TA.G58A.z -74.054 45.1492 0.245590841121 0.244834551402
TA.G57A.z -74.9855 45.1036 0.247119740385 0.246517826923
TA.O30A.z -100.057 40.1791 0.244962445455 0.243926690909
TA.N28A.z -101.541 40.6873 0.248161048077 0.246749980769
TA.R51A.z -83.5834 38.3001 0.244039991736 0.243875818182
TA.OSI.z -118.724 34.6145 0.253302333333 0.251463333333
TA.535A.z -97.5711 30.029 0.251376380952 0.251035063492
TA.Y22D.z -106.921 34.0739 0.253826872 0.25397812
TA.L14A.z -113.24 42.0343 0.25320397541 0.25364945082
TA.I47A.z -84.5096 44.0193 0.244051785047 0.24386764486
TA.350A.z -86.3353 31.4207 0.244302645161 0.243413526882
TA.T17A.z -110.804 36.9969 0.252989666667 0.25345727027
TA.B09A.z -118.149 48.4226 0.252789111111 0.253525842593
TA.R23A.z -105.826 38.1907 0.251692699029 0.250529252427
TA.I52A.z -80.177 44.068 0.241957029412 0.241149705882
TA.NATX.z -94.661 31.7598 0.247370051852 0.246512696296
TA.Y53A.z -83.5836 33.8554 0.247626301075 0.245671580645
TA.U32A.z -99.0014 36.3795 0.245277025424 0.244194762712
TA.Q29A.z -100.979 38.8905 0.245993435185 0.246021212963
TA.E07A.z -119.855 46.5585 0.257370536585 0.257453365854
TA.O04C.z -121.086 40.32 0.257047 0.25916256338
TA.O18A.z -110.008 40.2655 0.251773896552 0.250937189655
TA.V24A.z -105.272 35.7259 0.253723009709 0.253445456311
TA.G28A.z -100.916 45.0749 0.244588951923 0.243778576923
TA.113A.z -113.767 32.7683 0.255088323077 0.254579707692
TA.434A.z -98.269 30.8142 0.247343768 0.246706656
TA.H03A.z -123.292 44.6765 0.25442635 0.2538702375
TA.V49A.z -85.903 35.7663 0.244754920354 0.244455982301
TA.L20A.z -108.34 42.0073 0.249378643478 0.248146834783
TA.X53A.z -83.3013 34.5031 0.246254396947 0.24578451145
TA.U44B.z -89.3507 36.3391 0.243985518072 0.244389385542
TA.J45A.z -86.3889 43.4354 0.246076555556 0.24471759596
TA.S23A.z -106.002 37.7059 0.253031165354 0.252533771654
TA.S19A.z -109.137 37.7459 0.254152409836 0.254377434426
TA.P32A.z -98.6011 39.6223 0.244667415385 0.244449853846
TA.Z33A.z -98.7648 33.2865 0.244767651376 0.244840559633
TA.239A.z -94.4707 32.0179 0.249463433962 0.24859159434
TA.E29A.z -99.642 46.5682 0.244223 0.243207981982
TA.M38A.z -93.1965 41.4175 0.244991394495 0.244513954128
TA.I34A.z -95.86 44.0392 0.2437435 0.241881544643
TA.X21A.z -107.786 34.4457 0.25474486087 0.255043573913
TA.K62A.z -72.2345 42.6651 0.249015165049 0.248906106796
TA.Y58A.z -79.6665 33.9057 0.249223011494 0.24909837931
TA.W54A.z -82.1859 35.0857 0.244775616 0.24487124
TA.P61A.z -74.7919 39.6734 0.248116352941 0.246805156863
TA.P55A.z -79.8265 39.5078 0.247549142857 0.246222797619
TA.M17A.z -110.666 41.4729 0.250416628866 0.247143402062
TA.O01C.z -123.82 40.1398 0.2528538 0.251981514286
TA.A29A.z -99.2321 48.9228 0.242714788136 0.241585584746
TA.X14A.z -112.891 34.4692 0.259205570093 0.260167476636
TA.C37A.z -92.1853 47.7283 0.244108109091 0.242258863636
TA.F26A.z -102.67 45.8512 0.244779333333 0.243801031746
TA.Y54A.z -82.688 33.8621 0.246924888889 0.245992232323
TA.M01C.z -124.122 41.8473 0.25306842029 0.253063956522
TA.M02C.z -122.854 41.392 0.253962323529 0.254258147059
TA.X40A.z -92.8342 34.4873 0.246084626087 0.245631904348
TA.K47A.z -84.9993 42.6704 0.246819615385 0.245519880342
TA.355A.z -82.8518 31.3438 0.24746234 0.2465759
TA.E03A.z -123.563 46.5459 0.251896637363 0.250635989011
TA.H25A.z -103.598 44.6215 0.245046926829 0.243814130081
TA.A14A.z -113.422 48.9725 0.249995536585 0.24962301626
TA.V04C.z -120.87 35.636 0.25677414 0.2554711
TA.M23A.z -105.722 41.468 0.250666644231 0.249651971154
TA.O09A.z -117.19 40.1697 0.25639352 0.25593063
TA.P28A.z -101.755 39.5732 0.248161828829 0.247269630631
TA.139A.z -94.3927 32.6795 0.249340907407 0.249029722222
TA.353A.z -84.2172 31.3474 0.244579875 0.244206419643
TA.R40A.z -92.2684 38.2909 0.24436419469 0.244642610619
TA.V15A.z -112.173 35.8191 0.257582288136 0.257794644068
TA.Z41A.z -92.803 33.2577 0.248278640351 0.248499087719
TA.O16A.z -111.502 40.2067 0.254441636364 0.255414644628
TA.L61B.z -72.6802 42.4498 0.248751 0.24879322449
TA.343A.z -91.6169 31.2839 0.251237152672 0.251647458015
TA.E10A.z -117.11 46.485 0.250447330435 0.250146365217
TA.E24A.z -104.307 46.5608 0.247510415842 0.24650060396
TA.E19A.z -108.786 46.4611 0.24757959 0.24752374
TA.U59A.z -77.7925 36.3526 0.242862448598 0.242716233645
TA.D51A.z -79.3733 47.0904 0.243213014286 0.242692114286
TA.X25A.z -104.662 34.5271 0.254369944954 0.253705192661
TA.G65A.z -67.5632 45.2002 0.242625012048 0.242213518072
TA.O43A.z -89.313 40.2856 0.245323785714 0.243457336735
TA.MPP.z -119.814 34.8885 0.249180071429 0.248985964286
TA.250A.z -86.2677 31.9778 0.245210978495 0.245463172043
TA.536A.z -97.0652 30.0756 0.252398389831 0.250643474576
TA.437A.z -96.1386 30.8292 0.250488897638 0.249670574803
TA.P24A.z -104.908 39.5144 0.253044669565 0.252319695652
TA.T28A.z -102.114 37.1204 0.249247311321 0.249110632075
TA.237A.z -95.8084 32.0015 0.248614512605 0.247802142857
TA.R39A.z -93.0383 38.3138 0.24306672973 0.242644945946
TA.531A.z -100.546 30.1645 0.248581642202 0.248771798165
TA.633A.z -99.1766 29.4591 0.24870297561 0.248699837398
TA.O29A.z -100.798 40.1253 0.246810823529 0.246448784314
TA.N30A.z -100.1 40.7957 0.244141237113 0.244400164948
TA.U38A.z -94.3857 36.4394 0.247595263636 0.246865236364
TA.H18A.z -109.664 44.6769 0.251765363636 0.251003545455
TA.430A.z -101.236 30.7866 0.247206117117 0.247108315315
TA.835A.z -97.8297 28.287 0.250628375 0.250692804687
TA.X32A.z -99.2854 34.4214 0.246414142857 0.245529388889
TA.S47A.z -86.8779 37.5946 0.243792310345 0.24357087931
TA.G04A.z -122.478 45.2059 0.254335434783 0.253528391304
TA.K14A.z -113.176 42.5452 0.254385537037 0.254938345679
TA.U60A.z -77.1596 36.4718 0.246385580357 0.245825839286
TA.K01A.z -124.469 42.8088 0.253020346667 0.25284892
TA.109C.z -117.105 32.8889 0.259173086957 0.257844347826
TA.D49A.z -81.3562 47.2726 0.245698071429 0.24508527381
TA.T29A.z -101.294 37.1565 0.245251188679 0.245157915094
TA.O52A.z -81.8361 40.1158 0.244208208633 0.243676553957
TA.R17A.z -110.711 38.4187 0.253566477477 0.253235207207
TA.H46A.z -85.2034 44.5397 0.245088214286 0.245240581633
TA.L07A.z -119.34 42.0187 0.263264636364 0.263052969697
TA.KSCO.z -102.627 39.0112 0.248010328125 0.248244765625
TA.U54A.z -81.8204 36.5209 0.245426162791 0.244334914729
TA.O42A.z -90.0812 40.1956 0.243096393162 0.241838683761
TA.G03A.z -123.281 45.3153 0.253438112676 0.252911943662
TA.H47A.z -84.2062 44.5994 0.244069666667 0.243278259259
TA.SUTB.z -121.786 39.2291 0.25874354386 0.257990964912
TA.126A.z -104.02 32.6462 0.250297243243 0.247777117117
TA.C39A.z -90.1289 47.8171 0.246045827586 0.244453784483
TA.R46A.z -87.5114 38.2124 0.243377333333 0.241877020202
TA.S10A.z -116.595 37.923 0.257446674242 0.25787644697
TA.858A.z -81.3616 28.2126 0.246890795181 0.246817024096
TA.TPNV.z -116.249 36.9488 0.253390638889 0.254913083333
TA.N57A.z -77.5509 40.7556 0.246596197917 0.246299197917
TA.R44A.z -89.0809 38.2475 0.24454445614 0.244415377193
TA.D34A.z -95.1952 47.0851 0.24056109901 0.240239178218
TA.X42A.z -91.6262 34.5532 0.245294255556 0.244542211111
TA.S31A.z -99.4845 37.6193 0.248226318966 0.248041017241
TA.HATC.z -121.461 40.8161 0.253519440678 0.253647881356
TA.MPM.z -117.489 36.058 0.250549434783 0.249314934783
TA.Q18A.z -110.133 39.1025 0.252458696721 0.251097991803
TA.L13A.z -113.944 42.0886 0.257429057851 0.259326545455
TA.N08A.z -118.134 40.7811 0.258907284314 0.257860205882
TA.G59A.z -73.1809 45.0807 0.249280061856 0.248201587629
TA.G64A.z -68.7558 45.2527 0.245807011111 0.246495388889
TA.ECSD.z -96.6141 43.7337 0.241230792208 0.241317233766
TA.Y59A.z -78.8737 33.9897 0.246444340909 0.247243556818
TA.T56A.z -80.0311 37.0288 0.246596253846 0.245175930769
TA.335A.z -97.4271 31.2819 0.24935919084 0.249366778626
TA.C08A.z -119.045 47.7849 0.252620384615 0.251998326923
TA.T12A.z -114.715 36.7256 0.26035959322 0.260462389831
TA.Y60A.z -78.2163 34.0046 0.24737664557 0.247479544304
TA.I10A.z -116.803 44.086 0.254715495868 0.254581991736
TA.L49A.z -83.7672 42.1088 0.247285543689 0.246413116505
TA.L26A.z -103.079 42.0367 0.247879558824 0.247049617647
TA.M16A.z -111.63 41.3146 0.251331305085 0.24960520339
TA.M20A.z -108.187 41.4906 0.250252033333 0.24953035
TA.D19A.z -108.88 47.1646 0.249645803922 0.250064441176
TA.K15A.z -112.531 42.6852 0.253581398374 0.253069325203
TA.B34A.z -94.6501 48.486 0.245206302752 0.243340825688
TA.M63A.z -72.0464 41.4038 0.247215473118 0.247007516129
TA.B35A.z -93.7261 48.3603 0.243705045872 0.242588183486
TA.R21A.z -107.55 38.3685 0.255374081967 0.255490614754
TA.J61A.z -72.5535 43.3462 0.247763732673 0.248057980198
TA.219A.z -109.259 31.9989 0.255765613208 0.255176245283
TA.P26A.z -103.346 39.5602 0.250234401869 0.248394046729
TA.R08A.z -118.106 38.3489 0.259906478261 0.259647282609
TA.Z57A.z -80.7039 33.297 0.24847768 0.24769668
TA.T05C.z -120.674 36.8953 0.258207375 0.257110958333
TA.H23A.z -105.401 44.562 0.245640290909 0.245778845455
TA.T30A.z -100.527 37.0526 0.248374684211 0.247631912281
TA.U10A.z -116.33 36.4193 0.255646342342 0.254720342342
TA.G05A.z -121.317 45.2422 0.257354172043 0.256445236559
TA.HEC.z -116.335 34.8294 0.251425073171 0.250270243902
TA.Y51A.z -85.064 33.8993 0.245327742268 0.245088762887
TA.J29A.z -100.325 43.4061 0.245799354167 0.245686135417
TA.540A.z -93.9796 30.2093 0.250778474747 0.248915161616
TA.X59A.z -78.6023 34.572 0.244398255319 0.245306606383
TA.S32A.z -98.9363 37.7001 0.245940578125 0.245691140625
TA.T25A.z -104.411 37.1388 0.25048040458 0.250926160305
TA.737A.z -96.4402 28.7639 0.248204757576 0.24753769697
TA.R61A.z -75.339 38.3303 0.243926636364 0.243999979798
TA.Q16A.z -111.172 38.9176 0.253669539683 0.254538746032
TA.D23A.z -105.207 47.173 0.24511452381 0.24466472381
TA.X57A.z -80.094 34.4643 0.244160393701 0.243891992126
TA.H66A.z -67.3115 44.7859 0.248131989583 0.247384260417
TA.N14A.z -113.187 40.8513 0.258698392857 0.258337303571
TA.L22A.z -106.434 42.031 0.248785342282 0.24873866443
TA.J46A.z -85.6466 43.3478 0.243611262626 0.242637646465
TA.934A.z -98.5192 27.6018 0.252560539683 0.252114015873
TA.P53A.z -81.3896 39.4868 0.245921468966 0.243448903448
TA.D11A.z -116.335 47.0477 0.251961885714 0.249693352381
TA.B19A.z -108.944 48.4551 0.247752442308 0.246625798077
TA.B14A.z -113.273 48.3609 0.247202733333 0.247000241667
TA.P56A.z -78.8386 39.5044 0.245983962264 0.246014358491
TA.035A.z -98.1023 26.9379 0.250179964286 0.249701616071
TA.655A.z -83.2552 29.5107 0.245605724138 0.245748425287
TA.061Z.z -80.907 25.8657 0.249313277228 0.248767950495
TA.S08C.z -118.171 37.4993 0.261286849057 0.261953773585
TA.ANMO.z -106.457 34.9459 0.257370666667 0.258001722222
TA.H21A.z -107.042 44.6277 0.249534398437 0.2483070625
TA.R58A.z -78.0034 38.2989 0.247089409524 0.246090638095
TA.K50A.z -82.6231 42.7749 0.244535969072 0.244004123711
TA.K27A.z -102.236 42.7036 0.249374831858 0.248415230088
TA.X24A.z -105.435 34.5646 0.252320942857 0.252384714286
TA.352A.z -84.9274 31.4793 0.245139938053 0.244754115044
TA.R58B.z -77.8787 37.9636 0.24593892233 0.246648912621
TA.M27A.z -102.387 41.5281 0.247295636364 0.246459754545
TA.U26A.z -103.744 36.3945 0.253282902655 0.25126399115
TA.546A.z -89.7191 30.233 0.248977691667 0.248921475
TA.H12A.z -114.855 44.5494 0.254038458333 0.254608869048
TA.147A.z -88.2708 32.6738 0.24571002069 0.244973262069
TA.W12A.z -114.87 35.301 0.255326694444 0.255987388889
TA.U23A.z -106.192 36.3289 0.25683827193 0.256360131579
TA.E46A.z -84.3062 46.3665 0.245363634615 0.244511384615
TA.M62A.z -72.8939 41.4423 0.246340903846 0.245898884615
TA.O05C.z -120.918 39.962 0.254216768116 0.255018463768
TA.J56A.z -76.8579 43.276 0.245043910891 0.243721514851
TA.WHTX.z -97.4561 31.9913 0.249552883212 0.248683248175
TA.D32A.z -97.0164 47.1354 0.241465828571 0.242482333333
TA.M22A.z -106.596 41.4033 0.253374783784 0.252216736486
TA.BRAL.z -87.0506 31.1687 0.246195359551 0.245431123596
TA.628A.z -102.888 29.4862 0.250917235772 0.250578154472
TA.117A.z -110.739 32.5716 0.257782136364 0.257277645455
TA.E50A.z -80.7378 46.4232 0.244970666667 0.242915855556
TA.645A.z -90.5966 29.4573 0.249046678261 0.248471469565
TA.059A.z -81.144 26.9671 0.244840179245 0.2445305
TA.F41A.z -89.1046 45.7387 0.243984861702 0.242845095745
TA.PKME.z -69.2917 45.2644 0.244633571429 0.244036186813
TA.J08A.z -118.474 43.358 0.257532819672 0.258885442623
TA.T06C.z -119.709 37.0069 0.256682907692 0.257722384615
TA.R29A.z -101.138 38.4243 0.247275900901 0.246851414414
TA.S50A.z -84.4003 37.679 0.243251517857 0.243656901786
TA.S28A.z -101.898 37.5899 0.246171723214 0.245951151786
TA.R13A.z -113.969 38.1802 0.261021784314 0.259678970588
TA.T53A.z -82.535 36.9823 0.243648547619 0.243573055556
TA.J04A.z -122.109 43.2406 0.257739764706 0.257811647059
TA.WMOK.z -98.7807 34.7379 0.245308875 0.24512303125
TA.G13A.z -114.233 45.0931 0.255394580247 0.25522887037
TA.B15A.z -112.562 48.3129 0.248267239669 0.247365132231
TA.L12A.z -115.016 42.146 0.260688565217 0.261498243478
TA.T31A.z -99.6771 37.0977 0.248597688073 0.248208302752
TA.059Z.z -81.4432 26.3373 0.247915598214 0.2471855625
TA.W13A.z -113.885 35.099 0.25764395614 0.257676175439
TA.B16A.z -111.707 48.4128 0.247849844828 0.246929801724
TA.S42A.z -90.7939 37.77 0.2454288 0.2431402
TA.C15A.z -112.607 47.775 0.249388790323 0.24899341129
TA.W32A.z -99.2458 35.1238 0.248383163793 0.246916215517
TA.N62A.z -73.4677 40.9313 0.245307303371 0.244100786517
TA.B33A.z -95.588 48.2722 0.243682679487 0.244662192308
TA.J62A.z -71.8127 43.2262 0.246263591837 0.246513459184
TA.X45A.z -89.3931 34.4241 0.244254555556 0.242792583333
TA.J40A.z -90.7406 43.3965 0.244774578947 0.24485145614
TA.Z19A.z -109.266 33.2921 0.257252049505 0.257450990099
TA.U40A.z -92.8535 36.3563 0.244792352 0.245058832
TA.H13A.z -114.255 44.5642 0.255117416667 0.256350089744
TA.X60A.z -77.9768 34.5773 0.245698022472 0.245568719101
TA.Y32A.z -99.442 34.0036 0.250313238095 0.249389133333
TA.S54A.z -81.3114 37.7997 0.245879586777 0.244930330579
TA.N02C.z -123.306 40.822 0.254337090909 0.251927145455
TA.Y19A.z -109.254 33.9571 0.255987254098 0.256721147541
TA.J26A.z -103.075 43.3126 0.2508087 0.249391390909
TA.DGMT.z -104.196 48.4702 0.247959578947 0.248657355263
TA.453A.z -84.3197 30.8541 0.246603130841 0.245750607477
TA.Y56A.z -81.3047 33.7922 0.247058 0.24522345
TA.L36A.z -94.6676 42.1009 0.243364018018 0.242662135135
TA.A06A.z -121.48 49.0983 0.253360364583 0.253106927083
TA.R05C.z -120.076 38.7028 0.255084557377 0.25549695082
TA.B23A.z -104.991 48.4643 0.245878240741 0.246045388889
TA.R55A.z -80.1195 38.2825 0.245972100775 0.247144116279
TA.L33A.z -97.2724 42.1659 0.242790691589 0.242886186916
TA.356A.z -82.1275 31.3247 0.245943971698 0.245599716981
TA.D46A.z -84.0357 46.891 0.242997009009 0.242819396396
TA.T11A.z -115.22 37.2408 0.262043470085 0.262060940171
TA.R60A.z -76.5807 38.2684 0.245651392857 0.24567975
TA.S37A.z -94.8279 37.7597 0.245166064815 0.245200074074
TA.F64A.z -68.3496 45.8633 0.247513344444 0.246853288889
TA.N18A.z -109.673 40.9763 0.250917756757 0.249571828829
TA.O35A.z -95.9097 40.2665 0.245713495868 0.244687983471
TA.MIAR.z -93.5765 34.5454 0.246553318182 0.245456980519
TA.O07A.z -118.877 40.1614 0.2613575 0.260920702381
TA.E22A.z -105.949 46.4386 0.246166768519 0.245470453704
TA.K43A.z -88.332 42.7044 0.241103479592 0.241903214286
TA.Q23A.z -105.834 38.9045 0.251295186441 0.250734610169
TA.N37A.z -94.2095 40.7582 0.243422991453 0.242726931624
TA.T43A.z -90.2878 37.0833 0.245586693878 0.244887642857
TA.B13A.z -114.468 48.3739 0.248588011299 0.248618288136
TA.V55A.z -81.2149 35.8518 0.243539729508 0.24298147541
TA.O49A.z -84.3353 40.188 0.245118151786 0.244266223214
TA.TUQ.z -115.924 35.4358 0.252316282609 0.251737586957
TA.G42A.z -88.4277 45.2418 0.242974202128 0.242083138298
TA.I21A.z -107.292 43.8122 0.247854268293 0.24721201626
TA.K28A.z -101.367 42.7136 0.248097566038 0.247746235849
TA.FMP.z -118.294 33.7126 0.253691809524 0.252938833333
TA.I05A.z -121.268 44.1626 0.260570139241 0.260773455696
TA.062Z.z -81.0523 24.7266 0.24867540708 0.248275415929
TA.222A.z -107.101 32.1046 0.256867208333 0.257751933333
TA.J11A.z -115.828 43.4151 0.259133432836 0.259867104478
TA.441A.z -93.1898 30.7498 0.251453707317 0.250320707317
TA.F46A.z -84.7586 45.7737 0.24357210989 0.243338758242
TA.V17A.z -110.794 35.6218 0.255809193548 0.254868790323
TA.FUR.z -116.863 36.4672 0.250803790698 0.250661348837
TA.VBMS.z -90.5177 32.2185 0.246688267717 0.246452362205
TA.E17A.z -110.858 46.462 0.251032016949 0.25011440678
TA.I03A.z -123.278 43.9726 0.254917455696 0.254977911392
TA.M26A.z -103.143 41.4661 0.248795238095 0.247680866667
TA.D56A.z -74.7568 47.0485 0.245643698925 0.244886010753
TA.B32A.z -96.5363 48.3951 0.240477608696 0.241718652174
TA.442A.z -92.4314 30.7119 0.250592975806 0.250705330645
TA.BNLO.z -122.173 37.1311 0.2537643 0.25289874
TA.220A.z -108.527 31.9041 0.2573587 0.257035654545
TA.I57A.z -75.6599 43.9377 0.24820009 0.24680886
TA.R26A.z -103.447 38.3009 0.251612214286 0.250458107143
TA.B18A.z -109.777 48.3943 0.24646825 0.246734259259
TA.K63A.z -71.5283 42.6888 0.246811978947 0.246224863158
TA.C22A.z -105.884 47.7456 0.2509112 0.249964266667
TA.L19A.z -109.357 42.1012 0.248890760684 0.247100230769
TA.L65A.z -70.0528 42.0295 0.249038873563 0.248404954023
TA.X50A.z -85.6486 34.4596 0.251328157895 0.249219789474
TA.F25A.z -103.458 45.9256 0.244190181818 0.244012355372
TA.LRAL.z -86.9978 33.0348 0.243593323232 0.242959676768
TA.O44A.z -88.4671 40.1526 0.242161642857 0.241437265306
TA.I08A.z -118.569 43.9104 0.260689173077 0.260785519231
TA.J48A.z -83.7849 43.2986 0.24209628 0.24145982
TA.Z55A.z -82.1359 33.2211 0.244195212121 0.244682212121
TA.T35A.z -96.5121 36.9161 0.245257447619 0.245845828571
TA.L44A.z -87.9119 42.1782 0.244313531915 0.243381457447
TA.Z45A.z -89.6913 33.3705 0.242649146067 0.242349898876
TA.CBN.z -77.3732 38.2046 0.249060447917 0.246751395833
TA.H34A.z -95.777 44.6673 0.245443781513 0.244269277311
TA.L63A.z -71.6095 41.8631 0.250267230769 0.24980356044
TA.A08A.z -119.272 48.9534 0.25438989 0.25488073
TA.157A.z -80.9972 32.678 0.24573168595 0.245900595041
TA.G29A.z -99.9234 45.1926 0.243256765217 0.243241147826
TA.S16A.z -111.596 37.7222 0.252929583333 0.253536138889
TA.C30A.z -98.4783 47.7026 0.243843081967 0.243679377049
TA.S13A.z -113.86 37.5808 0.260791616667 0.261581616667
TA.Q61A.z -75.3256 38.8799 0.24382159 0.24365437
TA.221A.z -107.778 32.0094 0.257663282051 0.258234264957
TA.I26A.z -102.86 44.0309 0.246626936364 0.2457867
TA.O51A.z -82.6056 40.147 0.245226609589 0.244017616438
TA.P47A.z -86.2699 39.4869 0.2438568125 0.243724260417
TA.H19A.z -108.986 44.6704 0.248721751938 0.248004906977
TA.D47A.z -83.1038 47.0558 0.244633317308 0.244122509615
TA.E26A.z -102.462 46.4712 0.243511141732 0.242658874016
TA.X26A.z -103.81 34.5508 0.255185130841 0.254098476636
TA.I07A.z -119.504 44.082 0.258526543307 0.258974417323
TA.229A.z -101.811 31.9671 0.246361480769 0.245767788462
TA.K58A.z -75.6473 42.7633 0.249513240741 0.248573296296
TA.W30A.z -100.577 35.1818 0.24954781982 0.248580801802
TA.D52A.z -78.4117 46.9764 0.245879025 0.245071375
TA.H42A.z -88.5311 44.5091 0.24237545977 0.24127445977
TA.553A.z -84.4317 30.189 0.247588104762 0.246944971429
TA.A30A.z -98.3009 48.9402 0.243743447154 0.243279804878
TA.L60A.z -74.2226 41.989 0.24817084375 0.2488156875
TA.959A.z -80.8791 27.524 0.247399682692 0.247461413462
TA.H38A.z -92.282 44.6753 0.242569705882 0.24221554902
TA.B21A.z -107.017 48.4278 0.248271990196 0.246517833333
TA.F03A.z -123.559 45.9306 0.250916731183 0.250472354839
TA.K56A.z -77.3244 42.6981 0.24736559596 0.245702969697
TA.PAL.z -73.9079 41.0056 0.244445938144 0.244167639175
TA.O02C.z -122.788 40.1767 0.255043869565 0.254212869565
TA.M33A.z -97.195 41.5726 0.240295363636 0.241387760331
TA.150A.z -86.022 32.6067 0.242961142857 0.243616642857
TA.P44A.z -88.6209 39.4676 0.24323753 0.24286557
TA.T59A.z -77.5541 36.9716 0.243659390909 0.243929872727
TA.L48A.z -84.4329 41.9438 0.245476263158 0.245073429825
TA.F39A.z -90.919 45.9153 0.243429425743 0.242135871287
TA.SMM.z -119.996 35.3142 0.25329473913 0.253400086957
TA.K19A.z -108.847 42.8247 0.248819818182 0.248017627273
TA.149A.z -86.7916 32.5983 0.243210511364 0.242986079545
TA.E33A.z -96.0054 46.5035 0.240174324324 0.240001477477
TA.L11A.z -115.754 42.1669 0.259152916667 0.259677766667
TA.H62A.z -71.1559 44.5743 0.249125549451 0.248379912088
TA.T32A.z -98.9247 37.1797 0.247991491935 0.246896419355
TA.C19A.z -109.049 47.7343 0.246571990385 0.246922038462
TA.N17A.z -110.834 40.9425 0.250622661017 0.249399669492
TA.455A.z -83.026 30.7422 0.246784849057 0.246138424528
TA.T55A.z -80.7843 37.117 0.245763435484 0.244438362903
TA.B07A.z -120.12 48.4607 0.2518726 0.25187512381
TA.W29A.z -101.648 35.1212 0.24996007619 0.250273847619
TA.L55A.z -78.4368 42.1831 0.242606927711 0.242220710843
TA.D06A.z -120.844 47.1935 0.255517052083 0.254750833333
TA.V42A.z -91.39 35.806 0.246827754717 0.2468005
TA.146A.z -89.0573 32.6368 0.244280243697 0.244802285714
TA.J03A.z -122.965 43.3717 0.254393147541 0.254849114754
TA.135A.z -97.4099 32.5573 0.247160867769 0.246793049587
TA.J59A.z -74.5041 43.4647 0.249372413462 0.250015548077
TA.N10A.z -116.508 40.7186 0.258578702479 0.259675603306
TA.G43A.z -87.6861 45.2572 0.242863477778 0.2418556
TA.Z53A.z -83.5713 33.2801 0.247903882353 0.246117220588
TA.D59A.z -71.8358 47.0073 0.245269854167 0.244237020833
TA.148A.z -87.571 32.6469 0.245746835294 0.245196258824
TA.C12B.z -115.475 47.7092 0.25064007563 0.250363781513
TA.Z24A.z -105.365 33.3298 0.251762162162 0.251530878378
TA.W47A.z -87.5946 35.2511 0.244369793103 0.244089517241
TA.E61A.z -70.489 46.4312 0.244039358696 0.24346876087
TA.N32A.z -98.2955 40.7639 0.245308679688 0.245335289062
TA.I24A.z -104.626 43.8594 0.253933333333 0.254392905983
TA.C27A.z -101.503 47.7139 0.243876381818 0.243785036364
TA.D53A.z -77.7001 47.0795 0.244903391304 0.245297652174
TA.452A.z -85.183 30.8492 0.247420863636 0.246031806818
TA.G61A.z -71.5273 45.2827 0.245651516854 0.245869022472
TA.T49A.z -85.5334 37.105 0.244179427273 0.243808381818
TA.J06A.z -120.153 43.2515 0.259679505376 0.260352268817
TA.F34A.z -95.2581 45.7954 0.243250285714 0.243247080357
TA.L64A.z -70.8391 41.9359 0.24798053125 0.248051666667
TA.N34A.z -96.5005 40.8378 0.242725583333 0.242618475
TA.D13A.z -114.459 47.0943 0.250933321212 0.250520618182
TA.248A.z -87.7393 32.094 0.245965770492 0.24451002459
TA.Q44A.z -89.017 38.9032 0.244808162393 0.244274923077
TA.J10A.z -116.767 43.4275 0.258198025 0.257989375
TA.H48A.z -83.3249 44.7006 0.244365139785 0.244198548387
TA.M12A.z -114.915 41.4157 0.259384495726 0.260049350427
TA.155A.z -82.4665 32.6219 0.24696805042 0.246419806723
TA.S51A.z -83.5935 37.6392 0.243191477477 0.243042684685
TA.S43A.z -90.0754 37.5716 0.243758966387 0.243749218487
TA.R30A.z -100.277 38.2844 0.246431150943 0.246306320755
TA.W59A.z -78.443 35.1673 0.247482407767 0.247637048544
TA.Z23A.z -106.232 33.2621 0.251082943662 0.251871647887
TA.C35A.z -93.9763 47.7007 0.241845694737 0.241101515789
TA.S55A.z -80.5013 37.7724 0.244883069231 0.243508276923
TA.M51A.z -82.1831 41.3321 0.247105986842 0.245451269737
TA.W42A.z -91.5224 35.2732 0.24668388172 0.245504419355
TA.A28A.z -100.267 48.9096 0.245769173554 0.245344330579
TA.657A.z -81.8665 29.5852 0.246759046512 0.246406313953
TA.G06A.z -120.635 45.2357 0.255622319328 0.255498991597
TA.F49A.z -82.0423 45.7627 0.243040044248 0.242724362832
TA.152A.z -84.7188 32.6686 0.246525153061 0.246377418367
TA.340A.z -93.8896 31.4167 0.250110934426 0.250375737705
TA.H27A.z -102.077 44.6329 0.246561647619 0.245137714286
TA.Z22A.z -106.964 33.2555 0.253773402174 0.254389923913
TA.B10A.z -117.225 48.2995 0.251049811321 0.250615773585
TA.A19A.z -108.743 48.9286 0.248624685185 0.248133444444
TA.RCT.z -119.244 36.3052 0.252263526316 0.251947131579
TA.V20A.z -108.466 35.7992 0.25604395614 0.256041254386
TA.G18A.z -109.563 45.3171 0.253362446281 0.252871347107
TA.V32A.z -99.0437 35.7202 0.245549465347 0.24530470297
TA.LGU.z -119.066 34.1082 0.256223884615 0.254644153846
TA.U55A.z -81.0472 36.5023 0.245315365854 0.244218617886
TA.327A.z -103.492 31.3691 0.250592330275 0.250376577982
TA.O03C.z -122.032 39.9971 0.2558215 0.255174172414
TA.J63A.z -71.0781 43.2792 0.242588414634 0.242525670732
TA.L41A.z -90.4977 42.0751 0.24332904065 0.243084869919
TA.MCWV.z -79.8456 39.6581 0.243717862069 0.243016908046
TA.319A.z -109.281 31.3757 0.256232585586 0.256019873874
TA.Q34A.z -96.9408 38.9214 0.243396366972 0.242309220183
TA.GOGA.z -83.4666 33.4112 0.245372222222 0.244158731481
TA.Q13A.z -114.02 38.9551 0.259066252336 0.25869617757
TA.O33A.z -97.5845 40.0755 0.244203780702 0.243665464912
TA.T24B.z -105.382 37.0624 0.249238468085 0.249548382979
TA.Q56A.z -79.1871 39.041 0.246368298077 0.246900596154
TA.F29A.z -99.8273 45.8336 0.244489227642 0.243142317073
TA.539A.z -94.7236 30.1084 0.249262979381 0.247108546392
TA.T34A.z -97.1883 37.0222 0.243494457143 0.242748361905
TA.LONY.z -74.5829 44.6197 0.244202981132 0.243794981132
TA.Q53A.z -81.5251 38.8586 0.246189541353 0.24744793985
TA.H24A.z -104.552 44.7473 0.247793584158 0.248251851485
TA.N42A.z -90.0345 40.829 0.244795177778 0.244519144444
TA.I13A.z -114.117 43.9146 0.256160262195 0.257549603659
TA.P21A.z -107.449 39.524 0.255278680672 0.255323504202
TA.T27A.z -102.721 37.0614 0.248338416667 0.246668657407
TA.444A.z -90.7463 30.7153 0.25058400813 0.250947300813
TA.I02A.z -123.83 44.0035 0.25498104 0.256996613333
TA.P20A.z -108.391 39.4998 0.254194518182 0.253927172727
TA.R04C.z -120.936 38.2571 0.25614140625 0.25602834375
TA.S14A.z -113.168 37.7601 0.259977188034 0.259116735043
TA.Y22A.z -106.965 33.937 0.253893828571 0.253044666667
TA.O24A.z -105.073 40.1227 0.250979528846 0.250229625
TA.D09A.z -118.309 47.0615 0.250855973451 0.250737584071
TA.Q47A.z -86.4261 38.9362 0.244689977528 0.244045292135
TA.734A.z -98.5576 28.8473 0.249525931624 0.24918225641
TA.W14A.z -113.083 35.2127 0.257533955752 0.258892477876
TA.O28A.z -101.773 40.1262 0.247732358491 0.246568066038
TA.CBKS.z -99.7374 38.814 0.247414878049 0.246684304878
TA.Y18A.z -110.034 33.7776 0.260353464646 0.257449686869
TA.C06A.z -120.894 47.923 0.250273488636 0.249070386364
TA.Y37A.z -95.621 33.9789 0.248443241071 0.2483761875
TA.X15A.z -112.237 34.4866 0.257391513514 0.258125117117
TA.P39A.z -92.7549 39.4877 0.243894047619 0.243867666667
TA.555A.z -82.9666 30.1212 0.246348102273 0.246103238636
TA.K12A.z -114.903 42.636 0.258630206897 0.260502887931
TA.N44A.z -88.1333 40.7953 0.242041136842 0.242186284211
TA.957A.z -82.2357 27.6702 0.246208231707 0.245087682927
TA.U41A.z -91.9203 36.344 0.24861004902 0.248690401961
TA.J24A.z -104.661 43.3305 0.250897008475 0.250350228814
TA.R16A.z -111.483 38.2843 0.2526356875 0.254239544643
TA.P09A.z -117.14 39.5516 0.257858703297 0.25758489011
TA.Z36A.z -96.4344 33.2702 0.2478205 0.246205738095
TA.I62A.z -71.3359 43.8743 0.249095556701 0.248145835052
TA.123A.z -106.262 32.6349 0.256663362745 0.256818588235
TA.BINY.z -75.9861 42.1993 0.248299865385 0.246479817308
TA.Z40A.z -93.3995 33.2584 0.246960339286 0.246953589286
TA.SSPA.z -77.8876 40.6358 0.244649405941 0.245125287129
TA.C17A.z -110.763 47.6327 0.250681109244 0.249742731092
TA.435B.z -97.585 30.7827 0.250029920354 0.249055867257
TA.F43A.z -87.1694 45.8313 0.243482898876 0.243083438202
TA.D20A.z -108.136 47.0911 0.246467740385 0.246864394231
TA.MDND.z -99.6029 47.8481 0.247939254545 0.247356745455
TA.T21A.z -107.534 36.9914 0.254488021978 0.254088923077
TA.SDCO.z -105.501 37.7456 0.25344556 0.25449668
TA.O19A.z -109.124 40.2982 0.252754377049 0.25212652459
TA.F63A.z -69.1029 45.703 0.245899120879 0.245977681319
TA.J43A.z -88.4185 43.3808 0.244089188889 0.243569088889
TA.H07A.z -119.565 44.5913 0.258580009346 0.259644700935
TA.K29A.z -100.318 42.7612 0.246728767857 0.246355883929
TA.RLMT.z -109.267 45.1221 0.252893547619 0.252236857143
TA.F51A.z -79.915 45.9284 0.243136444444 0.243305728395
TA.332A.z -99.7423 31.3829 0.247180458716 0.247137807339
TA.M21A.z -107.364 41.6067 0.250147269565 0.24924973913
TA.N60A.z -75.1 40.8704 0.24592119469 0.244979920354
TA.U29A.z -101.27 36.4519 0.249716638889 0.248695518519
TA.S04C.z -121.328 37.5049 0.257431857143 0.256693767857
TA.242A.z -92.1521 32.0617 0.248264846154 0.248936146154
TA.V36A.z -95.9425 35.7863 0.243112396226 0.241990622642
TA.223A.z -106.428 32.0062 0.256056053571 0.255028151786
TA.N46A.z -86.7352 40.8949 0.243201978723 0.243006531915
TA.H20A.z -107.999 44.4868 0.250868928 0.249665824
TA.U30A.z -100.651 36.5304 0.2486293 0.24826109
TA.G54A.z -78.0898 45.3979 0.2428346 0.243153082353
TA.M14A.z -113.347 41.503 0.256499825 0.257041125
TA.Q42A.z -90.5331 38.912 0.243470098214 0.243068330357
TA.L21A.z -107.369 41.9641 0.250766690909 0.250128672727
TA.V35A.z -96.8378 35.7626 0.24359697479 0.243506521008
TA.F36A.z -93.5241 45.8618 0.242148758929 0.242142535714
TA.D63A.z -68.1066 47.037 0.245466618557 0.245683742268
TA.L17A.z -110.873 42.0995 0.251410246914 0.250891604938
TA.E32A.z -97.0701 46.5927 0.240999807339 0.24090066055
TA.060A.z -80.3618 27.0361 0.246500345794 0.246551560748
TA.F40A.z -90.1217 45.919 0.242878990099 0.241871188119
TA.C33A.z -95.7725 47.7586 0.242823845455 0.240690354545
TA.G46A.z -84.8621 45.3176 0.244455095745 0.244336957447
TA.V22A.z -106.909 35.9138 0.25614340708 0.256980752212
TA.454A.z -83.6302 30.7145 0.247502715596 0.246409376147
TA.K30A.z -99.6131 42.6742 0.247561470588 0.247095815126
TA.K10A.z -116.87 42.7779 0.259616302521 0.259424327731
TA.440A.z -93.9587 30.7456 0.25304281 0.25112127
TA.I63A.z -70.5809 44.0505 0.246434988636 0.245501363636
TA.MONP2.z -116.422 32.892 0.25893384375 0.25707634375
TA.KSU1.z -96.6094 39.1009 0.241122883333 0.241715566667
TA.L31A.z -98.8387 42.176 0.244360696 0.243829608
TA.449A.z -87.2151 30.7596 0.246508235294 0.2472336
TA.X44A.z -90.1462 34.4998 0.248984428571 0.248449276786
TA.V52A.z -83.5959 35.8417 0.245941349057 0.24591040566
TA.W58A.z -79.2333 35.0208 0.247483897959 0.246610489796
TA.N15A.z -112.52 40.8903 0.254689168919 0.254598790541
TA.C28A.z -100.387 47.7157 0.244142696 0.243988664
TA.TZTN.z -83.549 36.5439 0.245094841121 0.244506803738
TA.H29A.z -100.213 44.6261 0.246638189189 0.246016702703
TA.H43A.z -87.7704 44.4697 0.245218539326 0.244895932584
TA.443A.z -91.7809 30.7642 0.252547366667 0.252133366667
TA.A17A.z -110.699 48.9448 0.246139723214 0.2455938125
TA.E53A.z -77.6638 46.3784 0.243900557143 0.2428286
TA.451A.z -85.7467 30.616 0.247316 0.246502067416
TA.B25A.z -103.161 48.2716 0.247103614035 0.246796008772
TA.W36A.z -96.2264 35.1393 0.244430972973 0.24471745045
TA.H53A.z -78.5832 44.5736 0.242832935065 0.242099896104
TA.122A.z -107.001 32.6995 0.255625908333 0.257200933333
TA.H58A.z -74.1798 44.4176 0.24685445098 0.246239215686
TA.C04A.z -122.972 47.7172 0.257383012346 0.256727641975
TA.N36A.z -94.9604 40.8156 0.243857626087 0.243983095652
TA.P23A.z -105.839 39.3741 0.251882059829 0.251144504274
TA.V57A.z -79.7758 35.8875 0.248846656863 0.247625862745
TA.L08A.z -118.344 42.1901 0.259895205882 0.260587176471
TA.ARV.z -118.83 35.1269 0.253866944444 0.251304777778
TA.N19A.z -109.177 40.8936 0.25145046729 0.250132084112
TA.L50A.z -82.8095 42.043 0.245652273585 0.244730150943
TA.236A.z -96.531 31.9997 0.249164729167 0.248565864583
TA.U13A.z -113.965 36.4151 0.258189786885 0.258580442623
TA.J49A.z -83.1389 43.36 0.242577790909 0.242379663636
TA.B04A.z -123.504 48.0575 0.257405218391 0.256923643678
TA.538A.z -95.49 30.2219 0.250369859813 0.248660775701
TA.B11A.z -116.367 48.4366 0.250686088235 0.250593098039
TA.Y29A.z -101.671 33.8602 0.247589764706 0.247687490196
TA.K25A.z -103.87 42.612 0.247741383178 0.247144616822
TA.F33A.z -96.2929 45.8398 0.242303764706 0.241884705882
TA.HAST.z -121.551 36.3887 0.253327294118 0.253278823529
TA.253A.z -84.1294 32.0612 0.2464516 0.244621809091
TA.234A.z -98.1368 32.004 0.247668078947 0.246055131579
TA.N29A.z -100.626 40.8189 0.24598331068 0.244874019417
TA.O58A.z -76.9228 40.1231 0.245867519231 0.244495182692
TA.M65A.z -70.6466 41.562 0.24998612987 0.248254168831
TA.F24A.z -104.445 45.8452 0.246060226415 0.245242915094
TA.X47A.z -87.8571 34.5178 0.2421189125 0.241791425
TA.Y13A.z -113.829 33.8142 0.255767583333 0.255301694444
TA.V13A.z -113.984 35.8522 0.26112780531 0.260713309735
TA.S40A.z -92.5014 37.5988 0.243681322034 0.243189050847
TA.G36A.z -93.7509 45.2344 0.243307127451 0.243071735294
TA.Q21A.z -107.574 38.8347 0.2533416 0.255182775
TA.GSC.z -116.806 35.3018 0.255112789474 0.256158184211
TA.P22A.z -106.759 39.5952 0.253876966667 0.252868141667
TA.X31A.z -99.9793 34.6309 0.24787846789 0.248405045872
TA.554A.z -83.6836 30.0841 0.248111511628 0.2459715
TA.224A.z -105.523 32.076 0.255029741071 0.254668383929
TA.L02A.z -123.602 42.156 0.254467283784 0.254904716216
TA.B26A.z -102.234 48.3762 0.242970196262 0.24202217757
TA.N09A.z -117.524 40.852 0.259998010204 0.259746816327
TA.E31A.z -97.8879 46.5583 0.243125869159 0.242621803738
TA.Y36A.z -96.2848 33.8996 0.249520698113 0.248289990566
TA.J19A.z -109.053 43.2649 0.25022515625 0.249362851562
TA.141A.z -92.9049 32.6046 0.246018453125 0.2463473125
TA.R52A.z -82.6443 38.3366 0.243920875 0.243675571429
TA.T18A.z -109.874 37.1364 0.253958984 0.253214464
TA.D60A.z -70.9237 46.9139 0.247198677778 0.246475111111
TA.F59A.z -72.7833 45.8513 0.245743692308 0.244915115385
TA.L28A.z -101.52 42.0073 0.247210509434 0.246681528302
TA.Y16A.z -111.478 33.8798 0.258317490385 0.257055971154
TA.A12A.z -115.653 48.9339 0.249020613924 0.250032829114
TA.A07A.z -120.384 49.048 0.2534742 0.254061690909
TA.L16A.z -111.432 42.0149 0.251226275 0.249758558333
TA.L56A.z -77.5591 42.1365 0.246465918367 0.245665112245
TA.U34A.z -97.5354 36.4365 0.247058752212 0.246782840708
TA.P14A.z -113.069 39.5906 0.261267514563 0.260532631068
TA.I33A.z -96.7989 44.0475 0.243761169492 0.242058542373
TA.D15A.z -112.52 47.0418 0.250355823864 0.249977522727
TA.X13A.z -113.83 34.5935 0.254108873874 0.253618630631
TA.A05A.z -122.085 48.9983 0.25405012037 0.253167731481
TA.P41A.z -91.0619 39.675 0.244474522523 0.244497675676
TA.R48A.z -85.8714 38.4001 0.244755455556 0.244521088889
TA.S53A.z -82.1264 37.6815 0.245571838462 0.244888846154
TA.K06A.z -120.251 42.7991 0.260332230769 0.261052969231
TA.L47A.z -85.2021 41.9756 0.24563791358 0.245187283951
TA.O56A.z -78.5663 40.2683 0.243229363636 0.24364110101
TA.I41A.z -89.8697 44.0592 0.243220814815 0.241983740741
TA.N07B.z -118.971 40.7797 0.261113254902 0.260103205882
TA.T16A.z -111.506 36.9839 0.256392110169 0.255435288136
TA.136A.z -96.5297 32.4746 0.249151053191 0.248748978723
TA.R32A.z -98.7111 38.4225 0.243785646552 0.243243577586
TA.JFWS.z -90.2481 42.9142 0.242683 0.2422295
TA.RSSD.z -104.036 44.1212 0.249840275862 0.248936965517
TA.E34A.z -95.1691 46.5136 0.240986149123 0.240737307018
TA.C03A.z -124.566 47.9475 0.251531353535 0.25124869697
TA.M03C.z -122.122 41.2742 0.25471375 0.254803296875
TA.O21A.z -107.47 40.2149 0.255003930769 0.255601646154
TA.R56A.z -79.4031 38.4071 0.246261767677 0.246906757576
TA.W52A.z -83.9277 35.0935 0.244929216216 0.244196423423
TA.445A.z -90.338 30.7303 0.25043334188 0.25020934188
TA.A25A.z -103.113 48.9388 0.248023890756 0.247216184874
TA.H36A.z -93.9281 44.5775 0.243386117647 0.244175798319
TA.N56A.z -78.2953 40.9171 0.246683778846 0.246166951923
TA.G16A.z -111.805 45.2285 0.256565663636 0.257272454545
TA.X41A.z -92.5137 34.4949 0.246670934426 0.246196639344
TA.V62A.z -75.957 35.5612 0.245606634615 0.244945586538
TA.G23A.z -105.391 45.2012 0.24561006 0.24503853
TA.631A.z -100.576 29.4123 0.249806649123 0.249445763158
TA.Z42A.z -91.9474 33.2739 0.244982803571 0.2446680625
TA.P17A.z -110.74 39.473 0.254196769231 0.255094253846
TA.A32A.z -96.4935 48.9172 0.242649536082 0.240505639175
TA.B20A.z -108.021 48.4389 0.247055340206 0.245299659794
TA.D26A.z -102.436 47.0301 0.243697864407 0.243503050847
TA.P05C.z -120.608 39.3028 0.257234683333 0.256836633333
TA.P51A.z -83.0601 39.4818 0.244625797203 0.243910937063
TA.A10A.z -117.559 48.9813 0.251719 0.251612455446
TA.I15A.z -112.485 43.9997 0.260246172414 0.260810258621
TA.T51A.z -83.9454 36.9655 0.242852145299 0.242299222222
TA.O26A.z -103.313 40.2422 0.247959236842 0.246849973684
TA.K40A.z -91.1383 42.6999 0.242216008547 0.241839598291
TA.P11A.z -115.754 39.553 0.256493363636 0.256469204545
TA.214A.z -112.812 31.9559 0.256558678571 0.255809928571
TA.B12A.z -115.589 48.4694 0.250456304636 0.249647986755
TA.I53A.z -79.5912 43.8238 0.244156472973 0.243712810811
TA.X43A.z -90.8812 34.518 0.245777277228 0.245533247525
TA.124A.z -105.454 32.7001 0.255593123894 0.256124938053
TA.T54A.z -81.5762 37.0608 0.243659380165 0.243736752066
TA.732A.z -99.9707 28.7292 0.250013283186 0.249951654867
TA.T22A.z -106.903 37.0138 0.257079698925 0.256681043011
TA.Q37A.z -94.4522 38.8763 0.246680866197 0.245820295775
TA.F19A.z -108.944 45.8538 0.247807508772 0.247641631579
TA.C26A.z -102.096 47.8259 0.243446961905 0.242426647619
TA.J15A.z -112.433 43.3998 0.258056853211 0.258412293578
TA.I23A.z -105.463 43.9605 0.250008938596 0.248749026316
TA.Q48A.z -85.7311 38.9295 0.242923330357 0.242391294643
TA.Z43A.z -91.2441 33.21 0.246356125 0.246274385417
TA.Y41A.z -92.6113 33.8807 0.247497840336 0.247482504202
TA.N23A.z -105.944 40.8947 0.249688423423 0.249475297297
TA.133A.z -98.9162 32.6083 0.246643092437 0.246031890756
TA.I38A.z -92.3306 44.0405 0.243018595041 0.242727264463
TA.W19A.z -109.388 35.1118 0.2543815 0.253869207547
TA.J05A.z -121.236 43.2843 0.260150015152 0.260927378788
TA.V05C.z -119.903 35.8667 0.253262295082 0.252685098361
TA.S17A.z -110.802 37.6354 0.254754090909 0.254679409091
TA.J42A.z -89.1234 43.3179 0.243956238095 0.24313852381
TA.Z29A.z -101.706 33.2595 0.24489435 0.24394235
TA.M08A.z -118.379 41.4483 0.25816814433 0.258731134021
TA.KMSC.z -81.3333 35.142 0.243888315385 0.242935446154
TA.O60A.z -75.405 40.3177 0.246052057143 0.245326038095
TA.K11A.z -116.032 42.7713 0.260800214953 0.260834121495
TA.Y50A.z -85.7347 33.8911 0.246367404494 0.245909651685
TA.Z13A.z -113.657 33.1999 0.254986042553 0.255174148936
TA.228A.z -102.592 32.118 0.249642047619 0.250069209524
TA.060Z.z -80.556 26.4062 0.249454136842 0.249065578947
TA.134A.z -98.0795 32.5729 0.24565166055 0.245457073394
TA.N63A.z -72.5206 40.9878 0.247128177778 0.246393222222
TA.448A.z -87.8608 30.9309 0.24770005303 0.2482285
TA.P13A.z -114.016 39.455 0.259835118182 0.2605168
TA.S49A.z -85.2875 37.7849 0.243502982759 0.243571672414
TA.B17A.z -110.799 48.2921 0.247393214286 0.246547258929
TA.058A.z -81.8049 27.0569 0.246506028571 0.245375904762
TA.T39A.z -93.3774 37.0241 0.243966152542 0.24378929661
TA.N40A.z -91.5837 40.8841 0.241113028302 0.240808311321
TA.T52A.z -82.9852 37.1076 0.24399660177 0.243616911504
TA.R57A.z -78.5232 38.297 0.24574319802 0.246166158416
TA.N53A.z -80.8377 40.8065 0.246077923729 0.244405889831
TA.P25A.z -104.168 39.5125 0.250950724771 0.249831669725
TA.I29A.z -100.303 44.0215 0.245532504854 0.245616932039
TA.F42A.z -88.1347 45.7587 0.244014323232 0.243150565657
TA.K52A.z -80.7139 42.7805 0.241342395833 0.240939302083
TA.Q22A.z -106.91 38.8627 0.254053901639 0.25430545082
TA.HDIL.z -89.294 40.5559 0.244957861111 0.2439265
TA.526A.z -104.09 30.0609 0.250795209091 0.251256118182
TA.857A.z -82.2291 28.267 0.247803378049 0.248612121951
TA.V45A.z -88.9591 35.7403 0.247740346154 0.246527307692
TA.U37A.z -95.1161 36.406 0.244437640777 0.243367592233
TA.E41A.z -88.9636 46.4643 0.24238221978 0.241901340659
TA.C34A.z -94.9106 47.6501 0.243117933333 0.240553780952
