TA.324A.z -105.483 31.4425 0.242997916667 0.24025725
TA.118A.z -109.97 32.6399 0.242415774194 0.247653112903
TA.O10A.z -116.5 40.2917 0.246712295775 0.246077
TA.Z17A.z -110.472 33.2969 0.245241678571 0.245591696429
TA.TIGA.z -83.5898 31.4389 0.244474871429 0.241828628571
TA.M11A.z -115.791 41.4311 0.248121217949 0.247510192308
TA.H14A.z -113.367 44.6165 0.246143213333 0.246725293333
TA.F48A.z -82.6185 45.8278 0.243834744681 0.244578
TA.L05A.z -120.834 42.0472 0.24552536 0.24494728
TA.Q50A.z -83.979 38.8436 0.244841815789 0.243768960526
TA.U15A.z -112.291 36.428 0.246818808824 0.246476705882
TA.B28A.z -100.362 48.4492 0.243155304348 0.242994536232
TA.B05A.z -122.096 48.2641 0.246487333333 0.242420541667
TA.M47A.z -85.6214 41.3594 0.245955896104 0.245526415584
TA.R50A.z -84.3274 38.2816 0.243009670732 0.243150146341
TA.W18A.z -109.736 35.1181 0.250483636364 0.250534348485
TA.M04C.z -121.839 41.7826 0.24408696 0.24327008
TA.635A.z -97.7736 29.3877 0.2462215125 0.2451283625
TA.A15A.z -112.733 48.9777 0.244818916667 0.245422142857
TA.EYMN.z -91.4953 47.9462 0.243817359375 0.244834078125
TA.Q26A.z -103.52 38.9234 0.242259265823 0.24341821519
TA.K04A.z -121.731 42.6133 0.250258147059 0.249269323529
TA.J28A.z -101.236 43.4239 0.245638621622 0.24681927027
TA.E04A.z -122.72 46.5934 0.243876659574 0.241419042553
TA.F07A.z -119.928 45.8951 0.245559296875 0.24633040625
TA.S48A.z -86.0569 37.6574 0.245023603175 0.242722285714
TA.D57A.z -73.8878 47.0172 0.24300585 0.2440513
TA.D62A.z -69.0501 47.0819 0.246150616438 0.246230506849
TA.X50B.z -85.6499 34.4611 0.24532414 0.24762492
TA.R10A.z -116.302 38.2886 0.247231761364 0.244821511364
TA.F62A.z -69.9664 45.8968 0.244638958333 0.244642354167
TA.LAVA.z -120.74 38.7552 0.246551232558 0.245363976744
TA.U04C.z -120.783 36.3627 0.245600644444 0.245643111111
TA.N39A.z -92.5023 40.8776 0.24377042029 0.243977608696
TA.O15A.z -112.469 40.2807 0.242462896104 0.242544766234
TA.K07A.z -119.247 42.6912 0.242419089744 0.243291474359
TA.P52A.z -82.1325 39.6337 0.243275494253 0.244645471264
TA.R38A.z -93.9056 38.1868 0.245641033898 0.242335694915
TA.R53A.z -81.9522 38.3307 0.247321921348 0.247801662921
TA.Z31A.z -100.144 33.3183 0.247816043478 0.245885782609
TA.K42A.z -89.3457 42.7792 0.244485326087 0.243248391304
TA.H33A.z -96.7434 44.6812 0.243430342857 0.242441171429
TA.241A.z -92.9188 32.0227 0.244656789474 0.247415065789
TA.N55A.z -78.9862 40.7808 0.2474885 0.24429394
TA.B06A.z -121.484 48.5183 0.250721794118 0.246322073529
TA.Q25A.z -104.247 38.9145 0.245757142857 0.243898119048
TA.J36A.z -94.3395 43.3292 0.242911486842 0.240411526316
TA.D22A.z -106.18 47.1498 0.247862116883 0.24601561039
TA.L35A.z -95.5448 42.1123 0.2438568 0.242420546667
TA.I37A.z -93.4003 44.0148 0.245156364706 0.246513317647
TA.K46A.z -85.7834 42.6864 0.243337015152 0.24286280303
TA.933A.z -99.2746 27.6133 0.24815486747 0.247018614458
TA.D17A.z -110.687 47.1523 0.244322666667 0.245096024691
TA.Y49A.z -86.4119 33.8577 0.247458285714 0.242831642857
TA.M13A.z -114.165 41.3602 0.245411422535 0.24466628169
TA.R36A.z -95.504 38.3237 0.247657351351 0.245945243243
TA.IRM.z -115.145 34.1574 0.248868962963 0.24620662963
TA.JCT.z -99.8022 30.4794 0.243897753623 0.243777898551
TA.V27A.z -102.836 35.7569 0.246309461538 0.244811046154
TA.J20A.z -108.084 43.3531 0.244371113636 0.244647920455
TA.SNCC.z -119.524 33.2479 0.2499685 0.249066
TA.Q11A.z -115.654 38.8455 0.2469432875 0.2488330625
TA.H57A.z -75.3905 44.4624 0.248536566038 0.246036603774
TA.233A.z -98.8998 32.0179 0.243928841463 0.243245634146
TA.Y42A.z -91.7871 33.8364 0.250808927536 0.251339231884
TA.O54A.z -80.3778 40.1821 0.243202875 0.243626678571
TA.226A.z -104.101 32.0618 0.244496452381 0.245747714286
TA.330A.z -101.175 31.4063 0.243943835165 0.241697901099
TA.W34A.z -97.7733 35.2352 0.248096616438 0.246382931507
TA.121A.z -107.785 32.5324 0.244873060606 0.246246717172
TA.733A.z -99.2939 28.7192 0.244835236111 0.246015111111
TA.K09A.z -117.725 42.6996 0.244073692308 0.245002371795
TA.V21A.z -107.638 35.8054 0.24878615 0.247671075
TA.TUL1.z -95.7919 35.9104 0.247586724638 0.245981391304
TA.M59A.z -75.4321 41.5413 0.247171396825 0.247264968254
TA.P16A.z -111.66 39.6092 0.245776289157 0.248276084337
TA.116A.z -111.704 32.5618 0.248852349206 0.248665777778
TA.G26A.z -102.599 45.2937 0.246240686747 0.243993698795
TA.545A.z -90.4894 30.0441 0.2483088 0.247268292308
TA.I61A.z -72.2087 43.9323 0.245257521127 0.244525943662
TA.V54A.z -81.9478 35.7771 0.242979947368 0.242330726316
TA.F08A.z -118.777 45.7971 0.246991830986 0.245216732394
TA.K35A.z -95.2328 42.7218 0.241613363636 0.238499675325
TA.R31A.z -99.5271 38.2888 0.244950076923 0.244061538462
TA.W15A.z -112.267 35.1787 0.250238433333 0.251994488889
TA.428A.z -102.685 30.7263 0.245180658824 0.247758682353
TA.M54A.z -79.6647 41.5079 0.244938642857 0.244408771429
TA.BLA.z -80.4205 37.2113 0.245868164384 0.243739835616
TA.D05A.z -121.989 47.1881 0.24654926087 0.245172057971
TA.154A.z -83.1066 32.6131 0.247034460317 0.248760047619
TA.N25A.z -104.087 40.8132 0.24472762069 0.244600747126
TA.I28A.z -101.169 43.9996 0.245288876712 0.242944219178
TA.R18A.z -109.894 38.3862 0.245309518519 0.244404962963
TA.D14A.z -113.506 47.0816 0.248111544643 0.247668580357
TA.E36A.z -93.2557 46.5177 0.243979463768 0.242671144928
TA.I59A.z -73.8744 43.7957 0.244935622951 0.244382393443
TA.345A.z -90.0309 31.308 0.245326356164 0.244851356164
TA.E47A.z -83.2777 46.4547 0.24200176087 0.242745717391
TA.G15A.z -112.489 45.166 0.24713999115 0.246901044248
TA.542A.z -92.5513 30.1247 0.244813863014 0.244949465753
TA.127A.z -103.357 32.6764 0.245786385542 0.243845662651
TA.F44A.z -86.4226 45.9737 0.242405236364 0.242904127273
TA.C31A.z -97.7336 47.7927 0.248370075758 0.243291272727
TA.Y40A.z -93.2798 34.0124 0.247355108108 0.245753256757
TA.IBP.z -116.093 32.6611 0.255917 0.244907
TA.IBP.z -116.093 32.6612 0.246015142857 0.242444428571
TA.X20A.z -108.498 34.5421 0.246162794521 0.247256808219
TA.M43A.z -88.9581 41.4365 0.244390267857 0.245474482143
TA.G32A.z -97.4994 45.2555 0.243715125 0.242957791667
TA.E55A.z -76.0572 46.4538 0.240584661765 0.240245882353
TA.OXF.z -89.4092 34.5118 0.242434833333 0.245118452381
TA.456A.z -82.0223 30.7248 0.24705204 0.24457644
TA.V53A.z -82.8124 35.6694 0.245393507042 0.246293267606
TA.U49A.z -85.7796 36.5129 0.243026928571 0.244076657143
TA.H59A.z -73.6905 44.6455 0.249905166667 0.248008015152
TA.Y17A.z -110.844 33.6953 0.244414083333 0.246385383333
TA.D24A.z -104.327 47.1152 0.244746931507 0.244947821918
TA.MUR.z -117.195 33.6 0.251045862069 0.248673034483
TA.P33A.z -97.6946 39.4363 0.24746344 0.24660896
TA.N48A.z -85.0271 40.8591 0.244355382353 0.244230294118
TA.LBNH.z -71.9259 44.2401 0.246479684211 0.246692754386
TA.K37A.z -93.6388 42.7669 0.242094571429 0.239960883117
TA.G08A.z -118.96 45.2904 0.246348188406 0.245715594203
TA.M19A.z -109.157 41.5047 0.243246948052 0.239974753247
TA.F20A.z -108.149 45.8006 0.246458922222 0.246098688889
TA.D37A.z -92.4262 47.1581 0.242487119403 0.241729014925
TA.I58A.z -74.9733 43.6901 0.245760910714 0.244477839286
TA.ACSO.z -82.982 40.2319 0.244511025316 0.248827088608
TA.W24A.z -105.408 35.2106 0.243432783784 0.243797689189
TA.X46A.z -88.5844 34.5564 0.244847207547 0.246285339623
TA.F58A.z -73.8145 45.8663 0.246480794118 0.24529275
TA.CCM.z -91.2446 38.0557 0.246749357143 0.244548178571
TA.758A.z -81.1996 28.9621 0.248833811321 0.244169245283
TA.P50A.z -83.7988 39.6086 0.243151244186 0.245278395349
TA.U16A.z -111.13 36.1428 0.244416234568 0.246522333333
TA.I12A.z -115.133 43.7945 0.245300719512 0.245191536585
TA.SBC.z -119.715 34.4408 0.242684217391 0.245292782609
TA.A11A.z -116.363 48.958 0.244638132353 0.250199970588
TA.C25A.z -103.256 47.7124 0.245716661765 0.245420852941
TA.Y30A.z -100.898 33.8766 0.245870542169 0.246491060241
TA.G33A.z -96.4383 45.1946 0.242757766234 0.240821376623
TA.P42A.z -90.3443 39.5853 0.2443625 0.246320225806
TA.D61A.z -70.1868 47.2022 0.243683319444 0.243024638889
TA.M60A.z -74.625 41.3265 0.247833017544 0.246360035088
TA.D41A.z -88.5657 47.0605 0.244049761905 0.242897761905
TA.M07A.z -119.171 41.3884 0.250292656716 0.249773089552
TA.A27A.z -101.241 48.9533 0.2456504 0.244689906667
TA.M10A.z -116.54 41.522 0.2463351375 0.2475540375
TA.AMTX.z -101.681 34.8837 0.244103555556 0.245001527778
TA.J14A.z -113.518 43.3234 0.247598430556 0.246037694444
TA.R25A.z -104.283 38.1474 0.243085179487 0.242243397436
TA.I04A.z -122.411 43.7941 0.247316153846 0.246188230769
TA.B27A.z -101.26 48.4044 0.242920491525 0.24251
TA.A22A.z -105.915 48.9926 0.245697421687 0.244552253012
TA.K20A.z -108.342 42.6579 0.246017108108 0.245682337838
TA.U43A.z -90.4057 36.3693 0.244880884615 0.244383692308
TA.SCI2.z -118.547 32.9799 0.249936863636 0.252310727273
TA.G60A.z -72.3337 45.0977 0.243569115942 0.243353478261
TA.D33A.z -95.8448 47.1404 0.247992826923 0.24742975
TA.I25A.z -103.732 44.0196 0.2454658 0.245964228571
TA.859A.z -80.8984 28.0592 0.245872052632 0.244176
TA.V44A.z -89.8954 35.8282 0.244186849315 0.242742849315
TA.X23A.z -106.188 34.581 0.246729341176 0.245669058824
TA.120A.z -108.633 32.5466 0.248303571429 0.247219538462
TA.J58A.z -75.2852 43.3603 0.244731486486 0.245203148649
TA.O31A.z -99.3261 40.1521 0.244914260274 0.243420246575
TA.J54A.z -78.6392 43.2728 0.2457985 0.244866071429
TA.DWPF.z -81.4327 28.1103 0.246234333333 0.245940712121
TA.142A.z -91.9457 32.5488 0.246817356164 0.246287178082
TA.S45A.z -88.5804 37.6774 0.243366569767 0.243349581395
TA.Y25A.z -104.693 33.9229 0.246442810811 0.246577418919
TA.ABTX.z -99.6431 32.6238 0.246992330275 0.245146091743
TA.T15A.z -112.382 37.0183 0.247735085106 0.246135659574
TA.T48A.z -86.3943 37.1094 0.247612290323 0.245751516129
TA.F23A.z -105.406 45.7212 0.245338542373 0.243528016949
TA.P10A.z -116.464 39.6202 0.2455230625 0.24651484375
TA.E58A.z -73.2771 46.3721 0.24766087931 0.245410448276
TA.151A.z -85.3267 32.5269 0.246078218182 0.245439436364
TA.J23A.z -105.552 43.4036 0.246051686047 0.244049162791
TA.T60A.z -76.7349 37.1397 0.242830074627 0.241988253731
TA.D58A.z -72.8826 47.0954 0.243887674157 0.24399988764
TA.R27A.z -102.798 38.2859 0.246355123596 0.24479347191
TA.ERPA.z -79.9891 42.1175 0.244680948718 0.244794833333
TA.C16A.z -111.746 47.8012 0.243683122222 0.242208566667
TA.BGNE.z -98.1502 41.4083 0.245397872549 0.244816313725
TA.GLA.z -114.827 33.0515 0.251103178571 0.247955571429
TA.O32A.z -98.2764 40.261 0.2455150375 0.2434593875
TA.Z37A.z -95.6229 33.1981 0.249570767857 0.248813535714
TA.D25A.z -103.32 47.1508 0.243261106061 0.244012575758
TA.L30A.z -99.7196 41.9492 0.24578819697 0.245253272727
TA.G10A.z -117.12 45.2925 0.243345333333 0.244474666667
TA.J33A.z -96.9667 43.3185 0.243608298507 0.243167671642
TA.W39A.z -93.784 35.196 0.244459029851 0.242649597015
TA.H56A.z -76.2594 44.593 0.2444495625 0.243708916667
TA.Y23A.z -106.055 33.9315 0.24550375641 0.245850064103
TA.V43A.z -90.5443 35.7857 0.245781758065 0.245838967742
TA.638A.z -95.4481 29.4193 0.248106655172 0.249543172414
TA.DVT.z -116.101 32.6591 0.2451585 0.2374705
TA.V56A.z -80.4963 35.8097 0.24277921875 0.24369996875
TA.N52A.z -81.6876 40.8125 0.244870493151 0.244063780822
TA.S61A.z -75.6727 37.6804 0.24655375 0.244330716667
TA.D50A.z -79.8412 47.1668 0.241508 0.245277044444
TA.LAO.z -106.223 46.6885 0.24896455 0.24791265
TA.450A.z -86.5863 30.8038 0.242050076923 0.244070288462
TA.F55A.z -76.351 45.8338 0.243960032787 0.242658721311
TA.N41A.z -90.8552 40.7077 0.243389618182 0.241230036364
TA.G11A.z -116.268 45.3997 0.247582432836 0.246103447761
TA.M53A.z -80.675 41.4393 0.24424724359 0.242918192308
TA.252A.z -84.7357 31.9962 0.242715472222 0.241984583333
TA.I20A.z -108.128 43.9496 0.244574955056 0.243992921348
TA.X35A.z -96.9731 34.3995 0.24998084 0.24591348
TA.833A.z -99.3939 28.3236 0.246829842105 0.24638025
TA.I49A.z -82.8246 43.94 0.243436063291 0.243403113924
TA.P36A.z -95.206 39.6204 0.244911835616 0.244246630137
TA.T14A.z -113.084 37.0615 0.247783714286 0.249179702381
TA.129A.z -101.866 32.6309 0.245026225352 0.24553184507
TA.O55A.z -79.3041 40.2076 0.243442327273 0.249591145455
TA.LRL.z -117.682 35.4795 0.246465434783 0.245847478261
TA.334A.z -98.2379 31.3325 0.24601335443 0.245178063291
TA.W21A.z -107.648 35.117 0.245966746835 0.245915164557
TA.Z50A.z -85.9226 33.254 0.246953962963 0.24327137037
TA.Z21A.z -107.671 33.3086 0.243652328358 0.243821835821
TA.V23A.z -106.183 35.7452 0.244988952381 0.24535797619
TA.D29A.z -99.5957 47.0605 0.243959514286 0.244043571429
TA.W38A.z -94.5184 35.0704 0.245495956522 0.244164869565
TA.F13A.z -114.332 45.7893 0.245120883929 0.243647973214
TA.Y47A.z -87.8494 33.9025 0.249194288136 0.248130169492
TA.V40A.z -92.8232 35.8044 0.242506884058 0.243672753623
TA.Q40A.z -92.0748 38.9946 0.246458041667 0.244462444444
TA.E05A.z -121.761 46.5605 0.249718808511 0.246867212766
TA.M50A.z -83.0428 41.4035 0.243155911765 0.242323676471
TA.W16A.z -111.532 35.0951 0.248463493671 0.249333316456
TA.F14A.z -113.37 45.8122 0.2467549375 0.244921607143
TA.D28A.z -100.569 47.1929 0.245028484848 0.242350833333
TA.Y27A.z -103.163 33.8839 0.245458222222 0.24482775
TA.J27A.z -102.007 43.2526 0.243877487805 0.244892682927
TA.556A.z -82.4057 30.0015 0.243161163934 0.243451065574
TA.J37A.z -93.5527 43.3103 0.241698305556 0.239176694444
TA.231A.z -100.316 31.9353 0.244472027027 0.243540013514
TA.145A.z -89.9287 32.6035 0.247413675 0.245295025
TA.627A.z -103.389 29.4528 0.24489177907 0.244784732558
TA.C11A.z -116.256 47.8397 0.245045722222 0.243320666667
TA.W33A.z -98.4686 35.1518 0.247197202899 0.244694797101
TA.E60A.z -71.4469 46.3689 0.241993186441 0.241000067797
TA.G17A.z -110.74 45.3212 0.242984870588 0.244057552941
TA.439A.z -94.766 30.7937 0.249226594203 0.248844057971
TA.K24A.z -104.815 42.7225 0.242985611111 0.242722833333
TA.CIA.z -118.415 33.4019 0.247680787879 0.245041454545
TA.Y45A.z -89.5431 33.8656 0.247564625 0.245476946429
TA.H16A.z -111.248 44.7038 0.245062753247 0.245443701299
TA.C24A.z -104.425 47.5302 0.244595608108 0.245366783784
TA.Y39A.z -94.0936 33.938 0.247832375 0.24950546875
TA.S41A.z -91.7458 37.5877 0.246872527273 0.245708563636
TA.F52A.z -79.3227 45.7951 0.243357316667 0.242926383333
TA.MNTX.z -105.382 31.6985 0.232752 0.235203
TA.Q39A.z -92.9759 39.0455 0.244272711864 0.242605050847
TA.GMR.z -115.66 34.7846 0.248315538462 0.247464807692
TA.F06A.z -120.782 45.7664 0.249400689655 0.251819586207
TA.V48A.z -86.8219 35.74 0.2424594375 0.242624525
TA.K23A.z -105.625 42.7546 0.24186869863 0.24110369863
TA.E20A.z -108.13 46.5038 0.244299785714 0.24395777381
TA.H32A.z -97.4363 44.5041 0.24453057971 0.24473815942
TA.K21A.z -107.251 42.6332 0.246806328947 0.247153907895
TA.M35A.z -95.6945 41.4665 0.241761732394 0.243339788732
TA.A18A.z -109.846 48.9198 0.245270142857 0.245058324675
TA.W49A.z -86.2645 35.1194 0.244177614035 0.244605122807
TA.329A.z -101.981 31.487 0.244429772152 0.243157025316
TA.J02A.z -123.575 43.3654 0.247013805556 0.243335222222
TA.N12A.z -115.039 40.8522 0.25277125 0.25297334375
TA.K32A.z -97.9723 42.6597 0.246024676923 0.244853692308
TA.436A.z -96.796 30.7702 0.24746652381 0.247399920635
TA.636A.z -97.057 29.481 0.247578588235 0.244886455882
TA.O36A.z -94.9645 40.1315 0.244727 0.243834521127
TA.138A.z -95.0887 32.6604 0.247875295775 0.244511873239
TA.P31A.z -99.3783 39.5211 0.244540898305 0.244200372881
TA.X58A.z -79.3388 34.5548 0.242693857143 0.241582357143
TA.Y52A.z -84.0626 33.864 0.247122213115 0.246673606557
TA.339A.z -94.556 31.3331 0.246345693548 0.249144064516
TA.X38A.z -94.8288 34.6692 0.245212576271 0.24813640678
TA.S25A.z -104.435 37.6606 0.245158 0.246944858974
TA.I30A.z -99.4262 43.9143 0.244242714286 0.244447553571
TA.R20A.z -108.379 38.1888 0.242430817073 0.242435439024
TA.W43A.z -90.7061 35.0877 0.243787826923 0.246073903846
TA.G20A.z -108.214 45.2202 0.244764117647 0.242839070588
TA.F04A.z -122.419 45.9325 0.244428625 0.243780208333
TA.H08A.z -118.67 44.5191 0.24687048 0.246708466667
TA.L42A.z -89.667 42.004 0.243720633333 0.241957916667
TA.115A.z -112.228 32.7006 0.248859491525 0.251081915254
TA.N51A.z -82.3748 40.9183 0.247143190476 0.245783119048
TA.SWS.z -115.8 32.9451 0.246255076923 0.245880461538
TA.M15A.z -112.448 41.4632 0.243794571429 0.243197095238
TA.C14A.z -113.747 47.7687 0.246122581818 0.245248072727
TA.B31A.z -97.6495 48.4236 0.246580375 0.2479815
TA.O47A.z -86.1742 40.2361 0.244804615385 0.240418557692
TA.L32A.z -98.008 42.0045 0.244019070175 0.243613877193
TA.L46A.z -86.2955 42.0127 0.244154129032 0.24334816129
TA.114A.z -112.883 32.7513 0.250793214286 0.249655464286
TA.527A.z -103.612 30.1456 0.24245332 0.24248284
TA.D10A.z -117.276 47.0547 0.246188276923 0.246426153846
TA.U61A.z -76.4464 36.3319 0.245600269231 0.244996038462
TA.E12A.z -115.571 46.4151 0.246162253968 0.244771698413
TA.G34A.z -95.638 45.2419 0.242138656716 0.240900462687
TA.Y24A.z -105.436 33.9257 0.247795333333 0.24667804
TA.C23A.z -105.184 47.8026 0.24816856 0.247660826667
TA.M64A.z -71.2102 41.5509 0.245591318182 0.244372318182
TA.D27A.z -101.525 47.1081 0.244268814286 0.2435933
TA.Z28A.z -102.387 33.2884 0.245854074074 0.247370166667
TA.E40A.z -89.8991 46.4446 0.246457862745 0.245558784314
TA.I40A.z -90.6177 43.8916 0.244449612903 0.242261870968
TA.I39A.z -91.5231 43.8543 0.244275290323 0.242624209677
TA.232A.z -99.6469 31.888 0.243429542169 0.242434313253
TA.M28A.z -101.371 41.3956 0.242044521127 0.246897647887
TA.S52A.z -83.0784 37.6791 0.243559671053 0.244296210526
TA.Z34A.z -97.9158 33.3712 0.246496982759 0.248074189655
TA.347A.z -88.5412 31.4017 0.245047444444 0.243405611111
TA.X54A.z -82.3743 34.5474 0.242879571429 0.24109747619
TA.W60A.z -77.7133 35.0528 0.244522126761 0.245712197183
TA.530A.z -101.338 30.1489 0.2470982125 0.2474697125
TA.M56A.z -78.1826 41.4837 0.24981128125 0.248691375
TA.I64A.z -69.6347 43.9197 0.249813953125 0.250124375
TA.O48A.z -85.1553 40.2571 0.242709589286 0.239738839286
TA.S34A.z -97.1111 37.7009 0.24376252439 0.244574707317
TA.J30A.z -99.4922 43.3248 0.245515662651 0.245137710843
TA.O17A.z -110.738 40.1948 0.246101756098 0.244657268293
TA.I36A.z -94.0143 44.0191 0.24480375 0.2442395375
TA.L58A.z -75.8502 42.0447 0.246449523077 0.244448707692
TA.I19A.z -108.994 44.0363 0.242303553191 0.243135382979
TA.K26A.z -103.178 42.7016 0.247178973684 0.245918605263
TA.533A.z -99.0351 30.0718 0.243589780822 0.243220493151
TA.R06C.z -119.451 38.5226 0.248380342857 0.246548614286
TA.U48A.z -86.5402 36.5107 0.242756016129 0.243609741935
TA.246A.z -89.1286 32.0143 0.244888246753 0.241979064935
TA.X18A.z -109.95 34.5293 0.247631666667 0.247101213333
TA.217A.z -110.816 31.7748 0.245827309859 0.243522366197
TA.K60A.z -73.8886 42.6168 0.24798816129 0.248214774194
TA.656A.z -82.5348 29.3689 0.242818944444 0.244990638889
TA.C10A.z -117.308 47.8192 0.244184983607 0.241079672131
TA.J41A.z -90.0137 43.3655 0.24126245122 0.243254878049
TA.E63A.z -68.422 46.422 0.24587325 0.246400464286
TA.S33A.z -98.0016 37.5936 0.243281594937 0.243293518987
TA.F35A.z -94.5734 45.858 0.243093088235 0.241396705882
TA.V12A.z -114.851 35.7266 0.247917848101 0.246327417722
TA.O06A.z -119.827 40.165 0.246357659574 0.248758531915
TA.T47A.z -87.1055 36.9881 0.24209075 0.240809308824
TA.F10A.z -117.228 45.9734 0.245575148649 0.24462122973
TA.M30A.z -99.8723 41.5371 0.244217414286 0.245881728571
TA.P27A.z -102.578 39.5559 0.244251757143 0.244659642857
TA.Q33A.z -97.8327 38.9982 0.244683314286 0.242942242857
TA.N33A.z -97.4506 40.7384 0.244179869565 0.243614318841
TA.K61A.z -73.2676 42.6695 0.245557508475 0.246341610169
TA.Q38A.z -93.6182 38.9609 0.2452915 0.246591678571
TA.M31A.z -98.9766 41.344 0.244102364865 0.243131851351
TA.P35A.z -96.0188 39.5286 0.246349816901 0.245744394366
TA.M44A.z -88.0432 41.3882 0.242299451613 0.244673870968
TA.156A.z -81.495 32.6542 0.248575108434 0.247138963855
TA.Z14A.z -112.946 33.3627 0.249646454545 0.249358287879
TA.SCIA.z -93.2153 41.9069 0.242611208333 0.241249416667
TA.D18A.z -109.802 47.1961 0.245489094118 0.244731470588
TA.125A.z -104.657 32.6588 0.244664455882 0.244301970588
TA.P57A.z -78.0126 39.4835 0.241475285714 0.241343662338
TA.X27A.z -103.097 34.6469 0.244240577465 0.244470295775
TA.X52A.z -83.8938 34.6032 0.244374641026 0.244123
TA.K34A.z -96.0957 42.6865 0.243214522388 0.241539895522
TA.I60A.z -73.2916 43.844 0.244950772727 0.245089590909
TA.L37A.z -93.7546 42.1246 0.245365769231 0.243085
TA.W37B.z -95.4316 35.139 0.240301894737 0.241395184211
TA.Q46A.z -87.3575 39.0231 0.246485015385 0.245032707692
TA.433A.z -99.091 30.7544 0.245210640449 0.24463294382
TA.P58A.z -77.3005 39.4891 0.243060797101 0.242911173913
TA.E39A.z -90.5557 46.3777 0.245235907407 0.242217722222
TA.R22A.z -106.756 38.2289 0.247244935484 0.246226344086
TA.K33A.z -97.0012 42.6052 0.247341223684 0.247049684211
TA.Q15A.z -112.379 38.9995 0.24773309589 0.246320890411
TA.B22A.z -105.996 48.3008 0.245747932432 0.243262810811
TA.M46A.z -86.3524 41.4079 0.241704065574 0.243505180328
TA.Y43A.z -90.9285 33.9121 0.248156866667 0.246510413333
TA.V03C.z -121.236 36.0214 0.250303386364 0.249669613636
TA.A21A.z -106.925 48.9912 0.246470961538 0.243156653846
TA.341A.z -93.1681 31.3334 0.246547123457 0.245774469136
TA.L09A.z -117.667 42.0192 0.245796209677 0.245586080645
TA.K17A.z -110.92 42.7507 0.244708985714 0.2419683
TA.254A.z -83.2905 31.9457 0.244684561644 0.245035534247
TA.J47A.z -84.8214 43.2382 0.245165955224 0.242345343284
TA.O08A.z -118.155 40.2903 0.245810444444 0.24877512963
TA.Q52A.z -82.2669 38.9622 0.243584908163 0.245114540816
TA.ISA.z -118.474 35.6628 0.245556533333 0.2439545
TA.M52A.z -81.357 41.5405 0.242135202899 0.240953318841
TA.W41A.z -92.2478 35.1736 0.251047590909 0.249935090909
TA.WCI.z -86.2939 38.2289 0.244141428571 0.244291673469
TA.I09A.z -117.741 43.9733 0.249239055556 0.246526811111
TA.C36A.z -92.8378 47.758 0.245158652778 0.246058611111
TA.320A.z -108.528 31.3369 0.24869452809 0.247701752809
TA.128A.z -102.485 32.6213 0.245418835616 0.244061013699
TA.Q58A.z -77.682 38.9413 0.243495549296 0.243602084507
TA.AAM.z -83.6567 42.3012 0.245592041667 0.243092597222
TA.BFS.z -117.659 34.2388 0.24645648 0.24983696
TA.M39A.z -92.1725 41.4786 0.242740106667 0.243988746667
TA.H02A.z -124 44.6764 0.246385340909 0.246417636364
TA.Q19A.z -109.263 38.9553 0.242079206522 0.241797543478
TA.M61A.z -73.7673 41.3104 0.246096050847 0.246451932203
TA.F60A.z -71.9514 45.9688 0.242560492754 0.242207768116
TA.T38A.z -94.293 37.0354 0.242744913043 0.242945811594
TA.T13A.z -113.907 37.0195 0.246076702381 0.250472547619
TA.216A.z -111.457 32.0022 0.24370427027 0.244466472973
TA.T50A.z -84.8384 37.0204 0.247951605634 0.246649309859
TA.L24A.z -104.933 42.0432 0.243922402778 0.244959138889
TA.V50A.z -85.1 35.6713 0.247341569231 0.246148723077
TA.NHSC.z -80.1778 33.1067 0.244249588235 0.245794632353
TA.ISCO.z -105.613 39.7997 0.24333564 0.2449798
TA.E43A.z -86.9954 46.3758 0.243374432432 0.241956891892
TA.E59A.z -72.5108 46.4803 0.24323305 0.240384583333
TA.P08A.z -118.08 39.6946 0.250830615385 0.249844215385
TA.V51A.z -84.3511 35.8033 0.245534855072 0.247089333333
TA.U12A.z -114.539 36.4321 0.247419419753 0.249712098765
TA.218A.z -110.046 31.9737 0.243926986486 0.244485756757
TA.G21A.z -107.207 45.225 0.247497305882 0.245803494118
TA.T37A.z -94.9176 37.123 0.245951946429 0.247624071429
TA.K38A.z -92.7709 42.6472 0.244079518987 0.24280535443
TA.X36A.z -96.352 34.5704 0.248609403509 0.247080245614
TA.Y21A.z -107.674 34.0087 0.245984705128 0.246350423077
TA.S12A.z -114.849 37.6083 0.247787253333 0.248511026667
TA.Q49A.z -84.8956 39.005 0.244440506849 0.244183342466
TA.I35A.z -94.9829 43.8565 0.243637125 0.242793166667
TA.T40A.z -92.5193 37.1504 0.24527071831 0.24484371831
TA.U28A.z -102.224 36.3793 0.244039446154 0.242492276923
TA.D36A.z -93.1645 47.1765 0.243755651515 0.242871015152
TA.Y15A.z -112.333 33.9535 0.248546308642 0.249782135802
TA.V33A.z -98.2862 35.8209 0.250101289474 0.248736065789
TA.PDM.z -114.142 34.3034 0.243802903226 0.245814419355
TA.W50A.z -85.3119 35.2002 0.244205337838 0.243878716216
TA.R14A.z -113.021 38.2987 0.248388734177 0.246951873418
TA.Q04C.z -121.377 38.839 0.249283842105 0.248865684211
TA.F38A.z -91.8775 45.9588 0.2466218 0.245031892308
TA.E15A.z -112.641 46.4246 0.246453522936 0.247156073394
TA.S26A.z -103.471 37.6216 0.246039928571 0.244868357143
TA.Q36A.z -95.4609 38.9612 0.24581869863 0.24461309589
TA.S57A.z -78.9536 37.7605 0.24407985 0.246037883333
TA.Y48A.z -87.1696 33.9131 0.243860847826 0.241277195652
TA.C21A.z -107.096 47.8264 0.244259 0.2452122875
TA.S38A.z -93.9078 37.6304 0.244356442857 0.243504542857
TA.Z58A.z -79.8129 33.3349 0.2463904 0.2455788
TA.R33A.z -97.9842 38.3081 0.245052422535 0.245033647887
TA.H09A.z -117.664 44.6653 0.244934285714 0.244377242857
TA.E14A.z -113.493 46.4162 0.249665755102 0.249934265306
TA.T41A.z -91.7636 37.0436 0.243874211268 0.245208816901
TA.F17A.z -110.659 45.9054 0.245390195122 0.245733317073
TA.D08A.z -118.921 47.0573 0.243354757143 0.242984542857
TA.331A.z -100.427 31.3085 0.244711802326 0.244188151163
TA.Q20A.z -108.296 38.9541 0.24341086747 0.244525120482
TA.EDW2.z -117.994 34.8811 0.245278771429 0.244194171429
TA.G24A.z -104.416 45.328 0.242797638889 0.242415236111
TA.R09A.z -117.072 38.2397 0.250124966667 0.246832283333
TA.T33A.z -98.2444 37.0824 0.247416965909 0.248411011364
TA.Z38A.z -94.9851 33.2599 0.242806555556 0.2441696
TA.N59A.z -75.7703 40.9168 0.241845785714 0.242493303571
TA.Q31A.z -99.395 39.0048 0.24551743662 0.245413690141
TA.H35A.z -94.8311 44.6985 0.243875671233 0.242025068493
TA.N31A.z -98.9544 40.8235 0.24696997561 0.246947841463
TA.Y46A.z -88.8577 33.8828 0.241499982456 0.242505596491
TA.F57A.z -74.6928 45.8122 0.247078961039 0.246176272727
TA.K13A.z -114.084 42.6493 0.246960034483 0.247566804598
TA.U18A.z -109.87 36.4199 0.24683 0.247691613333
TA.I51A.z -81.0231 43.8036 0.242324197368 0.240464907895
TA.F12A.z -115.255 45.7565 0.24501137963 0.243714611111
TA.255A.z -82.4758 31.9263 0.245066671429 0.246146142857
TA.W45A.z -89.186 35.1568 0.246087142857 0.246648771429
TA.D55A.z -75.4732 47.019 0.243243836066 0.241485196721
TA.U17A.z -110.662 36.5996 0.246770442857 0.242577528571
TA.Z49A.z -86.5311 33.1942 0.24354427451 0.243662666667
TA.K05A.z -120.893 42.7258 0.248548608696 0.247166478261
TA.H05A.z -121.227 44.6473 0.245489901961 0.242657764706
TA.E52A.z -78.6569 46.2851 0.238444512195 0.23881595122
TA.MSTX.z -102.772 33.9696 0.249027402062 0.249349536082
TA.N20A.z -108.263 40.8338 0.245124131313 0.244502686869
TA.G14A.z -113.46 45.2432 0.243627440367 0.244270623853
TA.L27A.z -102.315 42.0837 0.243922716049 0.243421530864
TA.F61A.z -70.9921 45.9743 0.244173297297 0.242890540541
TA.I48A.z -83.7022 44.1873 0.241399890411 0.241194821918
TA.243A.z -91.4827 31.8803 0.250007688312 0.252225012987
TA.626A.z -104.133 29.554 0.244877560976 0.245209402439
TA.M09A.z -117.45 41.423 0.244023 0.24768415
TA.E08A.z -119.06 46.4911 0.242884603175 0.241615857143
TA.Q55A.z -80.0812 38.9952 0.243045315068 0.249875136986
TA.V28A.z -102.224 35.7505 0.245626351351 0.244098513514
TA.U21A.z -107.658 36.4277 0.245851549296 0.246289394366
TA.O38A.z -93.4731 40.1215 0.247945492958 0.245537183099
TA.K18A.z -110.042 42.6372 0.244833084507 0.242396873239
TA.438A.z -95.4741 30.75 0.246104320513 0.247769230769
TA.U36A.z -95.7325 36.3927 0.248803345455 0.249044272727
TA.Y38A.z -94.7311 33.9278 0.240375245614 0.243296684211
TA.G07A.z -119.669 45.2664 0.2489679375 0.25154815625
TA.U57A.z -79.3364 36.4319 0.246011890625 0.247072875
TA.V58A.z -79.115 35.794 0.24397934375 0.244987609375
TA.F11A.z -116.155 45.8883 0.247863208955 0.244286820896
TA.O45A.z -87.7244 40.2489 0.244071019608 0.243968078431
TA.C32A.z -96.5281 47.8255 0.246270578947 0.243487789474
TA.U19A.z -109.208 36.2925 0.250181924528 0.248305528302
TA.H31A.z -98.4772 44.4795 0.247003826087 0.247814768116
TA.238A.z -95.1203 32.0034 0.250141958904 0.249882205479
TA.337A.z -95.8854 31.3159 0.244886161765 0.246319161765
TA.E23A.z -105.306 46.4978 0.247395067797 0.247074389831
TA.J60A.z -73.4212 43.2438 0.243791728571 0.243405657143
TA.541A.z -93.1875 30.0596 0.251344828947 0.247965921053
TA.H64A.z -69.2203 44.6412 0.242619384615 0.241403692308
TA.S15A.z -112.363 37.6761 0.246487329114 0.244945835443
TA.H60A.z -72.6986 44.5606 0.245069607143 0.247251946429
TA.Q14A.z -113.277 38.9882 0.247895492308 0.247664507692
TA.M48A.z -84.7171 41.4846 0.244204222222 0.244597135802
TA.S21A.z -107.792 37.662 0.243195032967 0.244604747253
TA.F16A.z -111.626 45.7843 0.241555875 0.242284236111
TA.W57A.z -79.9928 35.1529 0.24507057971 0.245901884058
TA.I55A.z -77.6817 44.2161 0.239011222222 0.239039277778
TA.Y57A.z -80.3915 34.017 0.249588935484 0.248569774194
TA.W44A.z -89.8161 35.1395 0.249005861538 0.249893876923
TA.R37A.z -94.8294 38.3133 0.249894888889 0.245941407407
TA.L25A.z -103.966 42.1548 0.245440615385 0.243936384615
TA.V30A.z -100.689 35.7623 0.245468 0.245595478873
TA.R41A.z -91.3795 38.2976 0.246827867925 0.244067075472
TA.R34A.z -97.247 38.3008 0.243182311475 0.24400947541
TA.G35A.z -94.4855 45.2199 0.240860310811 0.239539094595
TA.G22A.z -106.292 45.2189 0.245013738462 0.243365584615
TA.F28A.z -100.8 45.8485 0.2454195 0.246314175676
TA.X33A.z -98.5006 34.541 0.248808065789 0.246494486842
TA.P60A.z -75.6358 39.8113 0.24975980303 0.246429939394
TA.M29A.z -100.689 41.4441 0.245637171429 0.246450828571
TA.ELFS.z -120.728 40.6183 0.251811184211 0.249692684211
TA.U22A.z -106.855 36.3773 0.2475140625 0.2467927875
TA.Q51A.z -83.3456 39.026 0.243211487805 0.242516182927
TA.K59A.z -74.8525 42.775 0.245039701493 0.246822761194
TA.W22A.z -106.867 35.0719 0.246078060976 0.246136134146
TA.U39A.z -93.4805 36.3823 0.24351528169 0.241670380282
TA.S39A.z -93.3226 37.691 0.242173671233 0.240901589041
TA.529A.z -102.22 30.1246 0.244971580247 0.244887308642
TA.G53A.z -78.6237 45.1222 0.245259262295 0.244900163934
TA.BC3.z -115.454 33.6552 0.248042535714 0.250660964286
TA.M37A.z -94.0575 41.4028 0.241443176471 0.243280588235
TA.S18A.z -109.995 37.6903 0.246313357143 0.243578047619
TA.S60A.z -76.6535 37.7055 0.244264376812 0.243810623188
TA.S35A.z -96.319 37.6821 0.245060068493 0.247023684932
TA.J35A.z -95.2078 43.3655 0.24442924359 0.242333333333
TA.E56A.z -75.0341 46.5436 0.246559655172 0.242520034483
TA.Q43A.z -89.6991 38.941 0.242003842105 0.241090013158
TA.432A.z -99.7937 30.8755 0.244473558442 0.243526090909
TA.E28A.z -100.693 46.5748 0.246299133333 0.24571576
TA.A31A.z -97.1888 48.932 0.245904547945 0.244416328767
TA.A04A.z -122.707 48.7197 0.249134884058 0.246615289855
TA.O27A.z -102.479 40.19 0.24588726506 0.24471846988
TA.N13A.z -114.204 40.8556 0.248821862069 0.248324586207
TA.O22A.z -106.547 40.1618 0.241281305882 0.242531705882
TA.E54A.z -77.1869 46.4339 0.242353638889 0.245050888889
TA.L59A.z -75.0426 42.1902 0.246688691176 0.244922044118
TA.U05C.z -120.12 36.3356 0.242254029412 0.247027294118
TA.V19A.z -109.046 35.7147 0.246911395349 0.245636430233
TA.J32A.z -97.8476 43.3719 0.24162847619 0.242868634921
TA.Y28A.z -102.248 33.9086 0.244239811594 0.244831014493
TA.X19A.z -109.29 34.4275 0.247763075949 0.247327139241
TA.X16A.z -111.441 34.4178 0.247448743243 0.247349459459
TA.M18A.z -110.067 41.4272 0.243712028986 0.241566637681
TA.S22A.z -106.829 37.7461 0.244672333333 0.24453621875
TA.A13A.z -114.413 48.933 0.24562045283 0.243584415094
TA.Q03C.z -122.015 38.6333 0.248597196078 0.247997882353
TA.257A.z -81.0261 31.9746 0.244968036585 0.243851487805
TA.E35A.z -94.4043 46.5572 0.245098206349 0.245717111111
TA.F37A.z -92.6264 45.7243 0.245407071429 0.245295535714
TA.Q45A.z -88.1565 38.8948 0.243328968254 0.242075349206
TA.P49A.z -84.7164 39.5342 0.242641864865 0.243390081081
TA.W26A.z -103.766 35.0891 0.2449446 0.245334047059
TA.Y35A.z -97.0374 33.9059 0.250622770492 0.249029
TA.E09A.z -118.146 46.5139 0.243121101449 0.243848434783
TA.HELL.z -119.023 36.6801 0.246901215686 0.245980666667
TA.F05A.z -121.459 45.8839 0.252218054054 0.249555351351
TA.N50A.z -83.1486 40.7711 0.243949507246 0.245340275362
TA.Y20A.z -108.377 33.9085 0.245465719101 0.24676811236
TA.L23A.z -105.701 42.1143 0.245833012346 0.245848123457
TA.V25A.z -104.616 35.8383 0.243557273973 0.244410109589
TA.137A.z -95.7559 32.5973 0.247122486842 0.243715276316
TA.J16A.z -111.612 43.2741 0.245207578125 0.2454429375
TA.G30A.z -99.1446 45.1293 0.246107065789 0.245439894737
TA.P01C.z -123.338 39.469 0.247549727273 0.248422840909
TA.A09A.z -118.585 48.9752 0.246726387097 0.247307854839
TA.E44A.z -85.9214 46.6199 0.241197422222 0.240877466667
TA.346A.z -89.4649 31.3876 0.2456617625 0.2460172875
TA.H28A.z -101.021 44.6751 0.245709566038 0.243256811321
TA.P38A.z -93.5321 39.6248 0.248201184615 0.246657953846
TA.N06A.z -119.835 40.7484 0.247432078431 0.246896392157
TA.X37A.z -95.3713 34.5892 0.246883481013 0.246857316456
TA.T24A.z -105.052 37.0738 0.24830247619 0.245096714286
TA.RRX.z -116.997 34.8753 0.245477810811 0.245822486486
TA.632A.z -99.7863 29.5071 0.244150644737 0.244342578947
TA.G47A.z -83.8551 45.173 0.243671857143 0.243343857143
TA.446A.z -89.3645 30.7912 0.2471591 0.2469232125
TA.K49A.z -83.4556 42.7835 0.240578119403 0.238405686567
TA.E37A.z -92.4 46.5658 0.244012597015 0.24360858209
TA.L15A.z -112.386 42.0041 0.246928465909 0.244766988636
TA.834A.z -98.5519 28.1251 0.247087538462 0.247164953846
TA.427A.z -103.402 30.8498 0.245590571429 0.244665792208
TA.240A.z -93.7626 32.0387 0.246149681818 0.243928102273
TA.W53A.z -83.163 35.1696 0.241508223881 0.240764955224
TA.W23A.z -106.15 35.1605 0.245596512195 0.246075560976
TA.J22A.z -106.479 43.4126 0.245917731183 0.245246731183
TA.R15A.z -112.277 38.2108 0.249023931034 0.246643045977
TA.R28A.z -101.811 38.3423 0.244067825 0.242316675
TA.V34A.z -97.5176 35.8345 0.249095605634 0.249324943662
TA.112A.z -114.58 32.5356 0.25161025 0.249556194444
TA.U11A.z -115.383 36.423 0.246986756098 0.247567268293
TA.P48A.z -85.4258 39.4605 0.242435956522 0.241934753623
TA.F22A.z -106.257 45.7794 0.247651446154 0.245086369231
TA.D54A.z -76.657 47.152 0.243780037736 0.244455339623
TA.R54A.z -80.9904 38.1909 0.245702205882 0.247035843137
TA.L29A.z -100.478 42.0641 0.244430415584 0.243490207792
TA.U51A.z -84.0165 36.3786 0.246062604167 0.246306645833
TA.S29A.z -101.118 37.6199 0.245800929412 0.244831223529
TA.R11A.z -115.585 38.3489 0.246169974684 0.247377632911
TA.I27A.z -102.052 44.069 0.244607776316 0.244865592105
TA.N43A.z -89.1735 40.9394 0.245455057692 0.246701326923
TA.D16A.z -111.549 47.0308 0.242787731343 0.242596283582
TA.Q54A.z -80.8338 38.9836 0.242810477612 0.248168313433
TA.144A.z -90.4226 32.6304 0.248062267857 0.249374446429
TA.V14A.z -113.105 35.6339 0.24779647191 0.248317449438
TA.X48A.z -87.0452 34.4517 0.2456838 0.247788
TA.F30A.z -99.025 45.8356 0.246926958904 0.245408315068
TA.H15A.z -112.644 44.6173 0.24429787013 0.245681181818
TA.N58A.z -76.7158 40.8396 0.24573820339 0.245329152542
TA.P07A.z -118.889 39.5399 0.247403376812 0.244906376812
TA.SUSD.z -98.9556 44.4429 0.2450037625 0.2456550625
TA.R35A.z -96.1988 38.3231 0.246563774194 0.246953516129
TA.R12A.z -114.608 38.3281 0.247721705882 0.246932529412
TA.K22A.z -106.524 42.6507 0.247063290698 0.246370930233
TA.O12A.z -114.745 40.2679 0.245586714286 0.244816142857
TA.Z48A.z -87.5556 33.3764 0.245968081081 0.242096378378
TA.D35A.z -94.0529 47.081 0.244200446429 0.244713339286
TA.W28A.z -102.206 35.2574 0.244339396825 0.246019396825
TA.P18A.z -110.246 39.6279 0.24275827027 0.240369743243
TA.534A.z -98.4753 30.0284 0.245945776316 0.245527671053
TA.C20A.z -108.004 47.7133 0.243750506667 0.24255628
TA.BBR.z -116.921 34.2623 0.248848551724 0.24803037931
TA.Q60A.z -75.8429 39.0016 0.246373542857 0.244111671429
TA.Z15A.z -112.158 33.2893 0.246924566038 0.246214754717
TA.X49A.z -86.326 34.5126 0.242194918033 0.239755885246
TA.R07C.z -119.047 38.089 0.246798068182 0.248062681818
TA.U53A.z -82.5765 36.3644 0.244180677419 0.242737306452
TA.L10A.z -116.471 42.0773 0.249563189873 0.249560822785
TA.I45A.z -86.2348 44.0361 0.243934347826 0.24428084058
TA.V60A.z -77.2629 35.765 0.242766529412 0.243753264706
TA.U45A.z -88.7635 36.3481 0.246380454545 0.245138018182
TA.I14A.z -113.452 43.9286 0.245391597701 0.247414724138
TA.Z27A.z -103.215 33.315 0.245363189189 0.244302783784
TA.K36A.z -94.4507 42.6381 0.2405225 0.239676703125
TA.CNNC.z -77.8901 35.2393 0.246353267857 0.243633464286
TA.B29A.z -99.3535 48.4649 0.245240357143 0.244125085714
TA.M41A.z -90.5422 41.375 0.24366138806 0.241866507463
TA.G63A.z -69.6186 45.1147 0.243653435484 0.243867548387
TA.Q59A.z -76.6548 38.8644 0.243357796875 0.244296765625
TA.H22A.z -106.352 44.5943 0.2444257 0.242721575
TA.TIN.z -118.23 37.0542 0.247505085714 0.248983285714
TA.L53A.z -80.2598 41.9539 0.24436565 0.242506875
TA.S20A.z -108.36 37.83 0.244312903226 0.246555548387
TA.Z32A.z -99.4783 33.3066 0.24322655 0.244117925
TA.357A.z -81.4855 31.4239 0.243534907895 0.242001697368
TA.J39A.z -91.7062 43.3354 0.240978526316 0.241424671053
TA.M42A.z -89.7581 41.4546 0.246096932432 0.246632662162
TA.Q10A.z -116.4 38.8247 0.247081342857 0.247505242857
TA.T42A.z -91.0927 37.0301 0.242980509804 0.242165784314
TA.E38A.z -91.5542 46.6058 0.244919818182 0.244148690909
TA.P45A.z -87.7439 39.5277 0.24332796 0.24154562
TA.351A.z -85.6036 31.2753 0.243950851852 0.244256425926
TA.U31A.z -99.8508 36.3695 0.246362149254 0.245255477612
TA.K48A.z -84.1197 42.8032 0.242125875 0.243463319444
TA.735A.z -97.8081 28.8553 0.24671316092 0.246617229885
TA.A33A.z -95.3904 48.9371 0.247761283333 0.249125083333
TA.W56A.z -80.5828 35.135 0.247758247191 0.244311662921
TA.F18A.z -109.716 45.9046 0.242085493976 0.241745759036
TA.C40A.z -89.1514 47.9154 0.24357015625 0.24456103125
TA.W37A.z -95.4269 35.138 0.242358863636 0.243050727273
TA.158A.z -80.1935 32.7364 0.248583647887 0.246180042254
TA.R47A.z -86.527 38.2957 0.243057196721 0.241307442623
TA.A26A.z -102.038 48.8973 0.24748857971 0.249337289855
TA.Z16A.z -111.427 33.341 0.246225291667 0.250993125
TA.G45A.z -85.6571 45.0404 0.244198573529 0.243992661765
TA.Q28A.z -101.831 39.0623 0.243842013699 0.243476479452
TA.O23A.z -105.918 40.2109 0.244589226804 0.245185134021
TA.O41A.z -90.882 40.1156 0.245593477612 0.24262458209
TA.W40A.z -93.0693 35.1923 0.246171512195 0.245631902439
TA.646A.z -89.8245 29.5832 0.249258839286 0.249117089286
TA.K02A.z -123.49 42.7667 0.246997117647 0.246434705882
TA.EGMT.z -109.755 48.024 0.247323346154 0.244421653846
TA.Q35A.z -96.0368 38.8586 0.243780651515 0.244728030303
TA.BRSD.z -98.9563 44.443 0.245999225 0.244486175
TA.C13A.z -114.574 47.6795 0.2443021 0.2470533
TA.E42A.z -87.914 46.4301 0.244772904762 0.243334587302
TA.256A.z -81.8878 31.9799 0.243232756757 0.2428855
TA.Z20A.z -108.592 33.1132 0.244093130435 0.241918362319
TA.W46A.z -88.3783 35.1333 0.242784934783 0.245646956522
TA.P46A.z -87.2067 39.6178 0.244239967213 0.242624032787
TA.U24A.z -105.278 36.4093 0.247776180723 0.245557783133
TA.E18A.z -109.914 46.5663 0.24454538961 0.242177792208
TA.I16A.z -111.487 43.8756 0.249257761905 0.24840222619
TA.J34A.z -95.9579 43.2844 0.244347785714 0.243745114286
TA.M49A.z -83.9752 41.4745 0.243746830769 0.243974692308
TA.H06A.z -120.335 44.7344 0.249077544118 0.249428264706
TA.P54A.z -80.4796 39.602 0.243976086207 0.24387462069
TA.NEE2.z -114.619 34.7676 0.241775 0.243355027778
TA.N45A.z -87.5118 40.8479 0.2431302 0.24507485
TA.E27A.z -101.564 46.4293 0.245893465753 0.245171191781
TA.T36A.z -95.8789 37.0605 0.244841071429 0.244841857143
TA.P34A.z -96.8268 39.5471 0.244651815789 0.24488175
TA.N54A.z -79.9892 40.9617 0.247235666667 0.245119227273
TA.L62A.z -72.6617 42.0328 0.245832058824 0.244058823529
TA.BEL.z -115.998 34.0006 0.24594424 0.243744
TA.M36A.z -94.8021 41.4537 0.24217576 0.243045533333
TA.V38A.z -94.4077 35.8626 0.246101857143 0.245386678571
TA.U47A.z -87.2892 36.4413 0.243749142857 0.243614828571
TA.L61A.z -73.5543 42.1934 0.247707285714 0.247497269841
TA.Q07A.z -118.808 38.9383 0.248242261538 0.249136323077
TA.226B.z -104.165 32.0778 0.240827170732 0.243982487805
TA.M57A.z -77.128 41.3372 0.246499530303 0.245897166667
TA.U52A.z -83.3671 36.3929 0.245431813559 0.245158898305
TA.R19A.z -109.261 38.2916 0.241395042857 0.241394371429
TA.N11A.z -115.736 40.8167 0.244238012048 0.245984253012
TA.P29A.z -100.932 39.6021 0.246607703704 0.247467074074
TA.G62A.z -70.5319 45.2186 0.245969272727 0.246004060606
TA.230A.z -101.112 31.8878 0.244868865854 0.245063585366
TA.X55A.z -81.6336 34.4701 0.243312181818 0.241615848485
TA.U56A.z -80.3829 36.3472 0.2428579625 0.241905725
TA.M25A.z -104.055 41.4347 0.244866253165 0.243280746835
TA.T45A.z -88.6447 37.0196 0.245171642857 0.244816971429
TA.E57A.z -74.1471 46.4117 0.244889803571 0.243104482143
TA.DEC.z -118.334 34.2535 0.249047894737 0.251679578947
TA.W31A.z -99.9435 35.1864 0.243135759494 0.243274518987
TA.N22A.z -106.454 40.8023 0.243851925234 0.243456672897
TA.130A.z -100.965 32.5961 0.244713276316 0.244212039474
TA.L40A.z -91.2218 42.0628 0.245883909091 0.243010261364
TA.R49A.z -85.1714 38.2916 0.245276426829 0.243112219512
TA.J17A.z -110.712 43.3629 0.242460130435 0.242467608696
TA.L43A.z -88.7423 42.1833 0.24433636 0.24231754
TA.N16A.z -111.437 40.8869 0.243796746479 0.241493873239
TA.245A.z -89.8958 32.0322 0.247280051948 0.249554220779
TA.B08A.z -119.333 48.3584 0.24597209375 0.243071375
TA.I46A.z -85.4472 43.9411 0.244267093333 0.24431436
TA.V18A.z -109.933 35.7113 0.245671 0.244343428571
TA.T26A.z -103.593 37.1747 0.247590614286 0.247783328571
TA.544A.z -91.1612 30.11 0.24713057971 0.24663215942
TA.L04A.z -121.891 42.175 0.24566709375 0.24550184375
TA.H65A.z -68.2469 44.6961 0.244318014925 0.244658343284
TA.X39A.z -94.1138 34.5105 0.246010649123 0.250071
TA.S36A.z -95.5923 37.724 0.24696465 0.2482224625
TA.R24A.z -105.107 38.2315 0.245932530864 0.243732049383
TA.S46A.z -87.7153 37.6849 0.24499942623 0.245001196721
TA.325A.z -104.971 31.3711 0.243707506173 0.239241901235
TA.429A.z -101.894 30.6248 0.244702475 0.2439529
TA.X51A.z -84.8574 34.5658 0.244912508197 0.243774819672
TA.A24A.z -104.002 48.9239 0.244828786667 0.24333092
TA.U33A.z -98.1135 36.4327 0.247914887324 0.247648309859
TA.T23A.z -106.037 37.0361 0.2470965 0.2461232125
TA.K08A.z -118.486 42.7308 0.247515455882 0.248792088235
TA.N24A.z -104.882 40.8271 0.243194410959 0.242597767123
TA.PFO.z -116.459 33.6117 0.245485380952 0.247382761905
TA.E45A.z -85.1774 46.3563 0.242339848485 0.241576393939
TA.S56A.z -79.5662 37.6771 0.245311101449 0.24502242029
TA.W41B.z -92.2479 35.1736 0.244756704225 0.246246225352
TA.T44A.z -89.5896 37.086 0.243969561404 0.242605421053
TA.Q57A.z -78.4107 39.0353 0.241835467532 0.240872220779
TA.E16A.z -111.676 46.5336 0.243321949367 0.243424797468
TA.V61A.z -76.5776 35.7912 0.240782492308 0.240976953846
TA.119A.z -109.303 32.7663 0.246492733333 0.248131093333
TA.P30A.z -100.247 39.5442 0.2449572625 0.24284905
TA.153A.z -83.8316 32.6499 0.244921720588 0.247796602941
TA.N26A.z -103.222 40.8289 0.242683051948 0.241692142857
TA.225A.z -104.823 32.1101 0.240444102564 0.241008923077
TA.P15A.z -112.279 39.5708 0.2465083125 0.2482384
TA.Y14A.z -113.005 33.9383 0.24627428 0.246800786667
TA.G39A.z -91.1698 45.2867 0.245106052632 0.243092907895
TA.034A.z -98.6833 27.0647 0.249772184211 0.248683868421
TA.E51A.z -79.4924 46.5333 0.24162274359 0.240830435897
TA.H39A.z -91.2833 44.6797 0.242680211268 0.242668676056
TA.336A.z -96.8443 31.387 0.24717044186 0.245070651163
TA.B30A.z -98.3286 48.4505 0.247566197368 0.248382486842
TA.W61A.z -76.9909 35.1773 0.245109506849 0.243952287671
TA.W27A.z -103.063 35.0637 0.245766422535 0.24653715493
TA.J31A.z -98.7396 43.2915 0.245013492308 0.243807861538
TA.P40A.z -92.0483 39.5299 0.244550507246 0.243447101449
TA.I17A.z -110.576 43.92 0.245992294737 0.244219810526
TA.N61A.z -74.2969 40.7519 0.246842566667 0.24450895
TA.W48A.z -86.9333 35.1386 0.2479266 0.24362636
TA.O40A.z -91.874 40.1212 0.243452175676 0.240186783784
TA.Q30A.z -100.221 38.9772 0.244441216216 0.2444155
TA.E62A.z -69.5227 46.6201 0.244939709091 0.241505690909
TA.249A.z -87.1225 31.9752 0.244755581818 0.245588781818
TA.Z52A.z -84.4176 33.1893 0.250444392157 0.248207901961
TA.GRA.z -117.366 36.9961 0.251500307692 0.249539
TA.V39A.z -93.645 35.8389 0.244551610169 0.243226
TA.Q41A.z -91.2317 38.9539 0.2423386 0.245201618182
TA.SHO.z -116.275 35.8996 0.24704 0.244997258065
TA.543A.z -91.8557 30.0856 0.24438925 0.245391805556
TA.L38A.z -92.9597 42.141 0.243769410959 0.242371684932
TA.J07A.z -119.311 43.3736 0.247494638889 0.2464195
TA.X28A.z -102.197 34.5185 0.246495183099 0.247301422535
TA.035Z.z -98.0683 26.463 0.248604425 0.247014475
TA.E11A.z -116.209 46.3559 0.243589785714 0.242851267857
TA.F27A.z -102.02 45.8727 0.246218136986 0.244132821918
TA.D03A.z -123.771 47.1161 0.244011796296 0.244516851852
TA.H63A.z -70.0353 44.6616 0.2423565625 0.242471953125
TA.E48A.z -82.1653 46.4809 0.243053329545 0.243533443182
TA.Y26A.z -103.825 33.9232 0.246144217391 0.243998826087
TA.G09A.z -117.78 45.2781 0.245695815385 0.244568523077
TA.V31A.z -99.8425 35.7739 0.245100046154 0.243553323077
TA.W35A.z -96.8745 35.1527 0.247497111111 0.244804194444
TA.Z25A.z -104.717 33.2797 0.245704909091 0.245835927273
TA.333A.z -98.9841 31.3249 0.243227266667 0.246487366667
TA.U58A.z -78.5493 36.3944 0.243705223684 0.246554171053
TA.X30A.z -100.874 34.4461 0.248278173333 0.247032786667
TA.Y44A.z -90.2112 33.9618 0.248096293103 0.246764517241
TA.349A.z -87.1924 31.3504 0.246592170732 0.246795073171
TA.X22A.z -107.01 34.5058 0.245325935897 0.245159102564
TA.V46A.z -88.1177 35.8007 0.245767666667 0.245249777778
TA.J38A.z -92.4755 43.319 0.244015097561 0.242421597561
TA.M66A.z -70.1353 41.259 0.245356456522 0.24418976087
TA.537A.z -96.3155 30.0799 0.24655225 0.247750411765
TA.U25A.z -104.408 36.3998 0.243748608108 0.243310135135
TA.457A.z -81.5563 30.6199 0.245470554217 0.244552084337
TA.342A.z -92.3249 31.3747 0.245340512821 0.245447974359
TA.Q09A.z -117.182 38.834 0.245361637931 0.245274913793
TA.H26A.z -102.774 44.6168 0.245154849315 0.242849068493
TA.SPMN.z -92.8037 45.2246 0.244467235849 0.244884462264
TA.D30A.z -98.7576 47.1082 0.244151947368 0.242990039474
TA.D48A.z -81.8072 47.1743 0.241800364865 0.241308864865
TA.Z46A.z -88.9414 33.1933 0.244168351852 0.246395518519
TA.447A.z -88.6542 30.7952 0.245530716216 0.244758027027
TA.M45A.z -87.2504 41.3881 0.242254123077 0.242821646154
TA.WVT.z -87.83 36.1297 0.243457328125 0.244488109375
TA.Z54A.z -82.8417 33.2362 0.246604216216 0.245930783784
TA.G41A.z -89.1816 45.2118 0.241927909091 0.241156787879
TA.T57A.z -79.2538 36.9983 0.244591819444 0.245164069444
TA.Y31A.z -100.261 33.9629 0.242925880597 0.243204223881
TA.J09A.z -117.754 43.3471 0.247741325301 0.246953626506
TA.M40A.z -91.5121 41.406 0.2443918 0.243707981818
TA.U44A.z -89.6863 36.5047 0.245140203125 0.246499640625
TA.D21A.z -106.994 47.0658 0.246314833333 0.245608423077
TA.K41A.z -90.3046 42.6071 0.243733014493 0.241869
TA.R43A.z -89.9308 38.276 0.243484370968 0.243683435484
TA.Q08A.z -117.932 38.8606 0.246705881356 0.25002459322
TA.N27A.z -102.537 40.8063 0.242465928571 0.243141042857
TA.Y12C.z -114.524 33.7503 0.244483467532 0.244544285714
TA.P12A.z -114.908 39.4731 0.246702613333 0.248066373333
TA.D07A.z -119.973 47.1936 0.248335586207 0.245421862069
TA.O20A.z -108.242 40.1348 0.244531591837 0.244116010204
TA.L57A.z -76.8492 42.0005 0.246968838235 0.245681102941
TA.H45A.z -86.044 44.6232 0.244432911765 0.243759514706
TA.H40A.z -90.3905 44.622 0.244160880597 0.24256141791
TA.R42A.z -90.7944 38.2804 0.246578492063 0.24561952381
TA.V47A.z -87.5205 35.8278 0.245959118644 0.243525559322
TA.K16A.z -111.588 42.8321 0.245790733333 0.2427446
TA.O13A.z -113.981 40.1314 0.24915735 0.2485795
TA.AGMN.z -95.8619 48.2977 0.246026422222 0.248948844444
TA.I18A.z -109.817 43.7013 0.243880571429 0.240856178571
TA.H37A.z -92.9181 44.5812 0.244900815789 0.242522855263
TA.Y34A.z -97.7573 33.9574 0.246988676471 0.247107044118
TA.X56A.z -81.0319 34.4923 0.242321569231 0.240579015385
TA.D04A.z -122.803 47.1109 0.244149057692 0.244027230769
TA.Z18A.z -110.036 33.0851 0.245535597015 0.247197208955
TA.S30A.z -100.464 37.6402 0.244580123288 0.243413493151
TA.O25A.z -104.12 40.1129 0.244268449438 0.243544719101
TA.E25A.z -103.401 46.5009 0.247307376623 0.246588623377
TA.736A.z -97.0673 28.955 0.24321904 0.241397173333
TA.CWC.z -118.08 36.4399 0.248243277778 0.247254333333
TA.N49A.z -84.1825 40.922 0.244323666667 0.242346141026
TA.E30A.z -98.9098 46.5021 0.247395575342 0.244600369863
TA.I42A.z -88.9134 43.8908 0.243792770492 0.243323770492
TA.O57A.z -77.6354 40.2104 0.246568422535 0.24464828169
TA.Z39A.z -94.1822 33.2418 0.244473451613 0.244828612903
TA.528A.z -102.788 30.1615 0.245011866667 0.243420755556
TA.Z51A.z -85.1747 33.3167 0.246853385965 0.245907491228
TA.MLAC.z -118.836 37.6302 0.246937086957 0.249186391304
TA.244A.z -90.6856 32.0422 0.248771220588 0.248611970588
TA.L18A.z -110.036 41.9243 0.245202101266 0.243118037975
TA.M55A.z -78.7649 41.4686 0.248316076923 0.246111346154
TA.U50A.z -84.8431 36.4156 0.246822288136 0.246299016949
TA.T46A.z -87.8941 37.0417 0.245741092308 0.246153369231
TA.P19A.z -108.981 39.6333 0.24605026 0.24582516
TA.P39B.z -92.7541 39.4876 0.24611916 0.24705328
TA.Y33A.z -98.6256 34.0081 0.2483963 0.247820775
TA.D12A.z -115.353 47.0528 0.242691958333 0.242185239583
TA.SFIN.z -87.0967 40.379 0.24361558209 0.245311
TA.O53A.z -81.2129 40.2493 0.241828181818 0.243102672727
TA.K57A.z -76.5163 42.7313 0.246641385714 0.246360942857
TA.U20A.z -108.52 36.3758 0.246823551724 0.246358471264
TA.S58A.z -78.0511 37.6126 0.241163116667 0.2427422
TA.S44A.z -89.2551 37.6936 0.244652845238 0.247148916667
TA.C07A.z -120.061 47.6902 0.24915 0.242987032258
TA.251A.z -85.409 32.0929 0.243991647059 0.242696941176
TA.J13A.z -114.174 43.3979 0.245029666667 0.245504699187
TA.T58A.z -78.5338 36.9454 0.243989970588 0.243013617647
TA.A20A.z -107.926 48.8799 0.245971811594 0.246666492754
TA.Z47A.z -88.0696 33.199 0.244006851852 0.242651203704
TA.M34A.z -96.583 41.5025 0.244895439024 0.246171146341
TA.N21A.z -107.52 40.76 0.243326346154 0.245561217949
TA.K39A.z -91.8878 42.705 0.2406489625 0.23941865
TA.426A.z -104.029 30.6689 0.244526378049 0.242232731707
TA.W51A.z -84.7599 35.1606 0.244288969231 0.244282215385
TA.O59A.z -76.1859 40.3114 0.24375436 0.244067466667
TA.G55A.z -76.7187 45.2532 0.243808864407 0.241337661017
TA.P06A.z -119.898 39.6785 0.245827034483 0.246638103448
TA.X34A.z -97.8326 34.601 0.247334246575 0.246938232877
TA.G27A.z -101.931 45.3791 0.245275183099 0.241419084507
TA.R45A.z -88.2812 38.2926 0.242805984848 0.240530348485
TA.F31A.z -98.2525 45.8598 0.244045746269 0.239889119403
TA.C38A.z -91.2732 47.7171 0.247795015152 0.246941954545
TA.H52A.z -79.8888 44.6422 0.241404115385 0.239473923077
TA.U14A.z -113.18 36.4182 0.245217483871 0.246757075269
TA.H41A.z -89.6534 44.6164 0.247534357143 0.245878410714
TA.P43A.z -89.5213 39.6409 0.240627 0.241093112903
TA.958A.z -81.7543 27.5855 0.247103102041 0.247554816327
TA.X29A.z -101.701 34.4452 0.246367957143 0.246403442857
TA.140A.z -93.574 32.6408 0.245382676471 0.247279426471
TA.R59A.z -77.1164 38.2005 0.243116 0.244133621212
TA.V29A.z -101.521 35.8734 0.245605771429 0.245702571429
TA.S11A.z -115.747 37.6444 0.244514691358 0.244585506173
TA.V59A.z -78.2394 35.7649 0.246870985294 0.246788647059
TA.F21A.z -107.123 45.8231 0.247162785714 0.247611190476
TA.A16A.z -111.597 48.9482 0.2464722 0.244836752941
TA.O39A.z -92.5438 40.2544 0.245213842105 0.241374328947
TA.131A.z -100.389 32.6737 0.245565298701 0.245971181818
TA.A23A.z -104.879 48.9592 0.244774852941 0.244847191176
TA.M05C.z -121.146 41.3593 0.243403571429 0.24533447619
TA.O34A.z -96.6936 40.1831 0.243128773333 0.242845946667
TA.832A.z -99.9743 28.2844 0.247694238636 0.248656556818
TA.E06A.z -120.979 46.5433 0.247464076923 0.251220184615
TA.738A.z -95.6481 28.8404 0.246855671053 0.246563828947
TA.328A.z -102.81 31.3818 0.243453182927 0.24405352439
TA.W20A.z -108.5 35.1259 0.245490988095 0.245743309524
TA.N47A.z -85.6942 40.8801 0.243011672727 0.243602872727
TA.C05A.z -121.689 47.6947 0.24998826 0.24702016
TA.HRV.z -71.5583 42.5064 0.244530473684 0.24607745614
TA.F09A.z -117.909 45.7087 0.245916412698 0.242454079365
TA.S09A.z -117.225 37.7243 0.247504015625 0.2467660625
TA.W25A.z -104.461 35.2177 0.246632070588 0.248319541176
TA.318A.z -109.991 31.439 0.247534141176 0.246196764706
TA.V11A.z -115.43 35.8384 0.246486061728 0.247208518519
TA.H10A.z -116.747 44.589 0.244892926829 0.243796304878
TA.637A.z -96.3324 29.439 0.247136508772 0.245419614035
TA.J55A.z -77.8167 43.2657 0.24703345614 0.245030929825
TA.I31A.z -98.5352 44.0297 0.242255081633 0.239877897959
TA.J57A.z -75.9968 43.4099 0.245427253731 0.2443
TA.SCZ2.z -119.635 33.9954 0.246968333333 0.248147466667
TA.247A.z -88.6102 32.053 0.241896738462 0.241668630769
TA.U27A.z -102.825 36.4213 0.246077527778 0.247359527778
TA.425A.z -104.986 30.7862 0.243128211111 0.242344211111
TA.S06C.z -119.849 37.8817 0.247187348837 0.244361093023
TA.I22A.z -106.484 43.8924 0.24498382716 0.244238012346
TA.H17A.z -110.576 44.3951 0.245674535714 0.250033053571
TA.Z56A.z -81.3687 33.3253 0.243663021277 0.244917382979
TA.Z35A.z -97.253 33.3308 0.247643792453 0.249833622642
TA.227A.z -103.292 32.012 0.246057439024 0.245459134146
TA.V37A.z -95.141 35.883 0.248282825397 0.248509412698
TA.G12A.z -115.326 45.1285 0.2440599 0.243811757143
TA.O11A.z -115.657 40.1313 0.247074710843 0.246185566265
TA.H04A.z -122.186 44.6837 0.245399061538 0.244230692308
TA.VES.z -119.085 35.8409 0.2469675 0.250167766667
TA.S05C.z -120.33 37.346 0.24622725641 0.248995461538
TA.N35A.z -95.6425 40.8612 0.244847 0.243286194805
TA.T19A.z -109.025 36.8299 0.244608479452 0.246315890411
TA.U42A.z -91.2383 36.3514 0.247153179104 0.246267044776
TA.L39A.z -92.0007 42.1234 0.243774730769 0.241361628205
TA.S27A.z -102.898 37.6837 0.244417971831 0.241797676056
TA.J25A.z -103.803 43.3901 0.24503821978 0.244471274725
TA.658A.z -81.2578 29.422 0.24876334375 0.245787171875
TA.V41A.z -92.1554 35.7851 0.244140610169 0.24580320339
TA.S59A.z -77.2942 37.762 0.2439482 0.243333057143
TA.Z26A.z -103.98 33.2716 0.246161711111 0.246544333333
TA.M58A.z -76.4603 41.3721 0.245193746032 0.244709079365
TA.J52A.z -80.4764 43.2407 0.245055480519 0.24262738961
TA.557A.z -81.7291 30.016 0.24701484507 0.245468619718
TA.V26A.z -103.786 35.7964 0.244103421687 0.244028156627
TA.G25A.z -103.417 45.1935 0.246239910112 0.244787235955
TA.F32A.z -97.1264 45.8705 0.241245138462 0.240895338462
TA.L34A.z -96.3762 41.9666 0.244485684932 0.242898945205
TA.W17A.z -110.713 35.0789 0.244520589744 0.243353923077
TA.338A.z -95.3106 31.3567 0.247291769231 0.249188641026
TA.K31A.z -98.7546 42.6229 0.24898352 0.2492398
TA.U35A.z -96.7318 36.3709 0.247169777778 0.244500240741
TA.I06A.z -120.211 43.9437 0.245149345455 0.241679909091
TA.GLMI.z -84.6175 44.8245 0.248553039474 0.247616657895
TA.OGNE.z -102.033 40.9451 0.244010931818 0.245815363636
TA.I43A.z -88.146 43.8844 0.245057449275 0.245687507246
TA.431A.z -100.608 30.6824 0.243445797468 0.24450735443
TA.326A.z -103.979 31.3165 0.2451607125 0.2431061625
TA.Q12A.z -114.83 39.04 0.246414721519 0.247453873418
TA.S24A.z -105.213 37.6407 0.248319626667 0.2471876
TA.D31A.z -97.7226 47.0481 0.248300237288 0.24717940678
TA.O50A.z -83.6199 40.1468 0.242129652778 0.246425402778
TA.O61A.z -74.553 40.0934 0.242090439394 0.24049530303
TA.936A.z -97.3091 27.4208 0.247124325581 0.246729569767
TA.J21A.z -107.446 43.3459 0.245566233333 0.244765533333
TA.Q24A.z -105.149 38.9641 0.245224081395 0.241940116279
TA.P59A.z -76.4327 39.6101 0.242283907692 0.243508153846
TA.G38A.z -91.8549 45.1693 0.24310771875 0.24152128125
TA.344A.z -90.7318 31.4527 0.246099787879 0.247294681818
TA.F15A.z -112.493 45.8409 0.243696834862 0.244393284404
TA.BW06.z -109.558 42.7667 0.243781333333 0.243211366667
TA.J18A.z -110.02 43.2112 0.242409016393 0.240655459016
TA.M06C.z -120.477 41.2047 0.245913888889 0.246650027778
TA.E13A.z -114.188 46.4423 0.246568933333 0.243527247619
TA.U46A.z -88.1773 36.359 0.244744924242 0.246283287879
TA.O37A.z -94.1461 40.1664 0.245013112903 0.243538645161
TA.E64A.z -67.8285 46.4184 0.246576134328 0.246335283582
TA.F45A.z -85.5156 45.6837 0.241049047244 0.241151606299
TA.L54A.z -79.3162 42.2345 0.242331373134 0.240793
TA.532A.z -99.9049 30.1278 0.245322901235 0.245138308642
TA.N38A.z -93.235 40.7931 0.241665215385 0.245319323077
TA.Y55A.z -81.8581 33.9375 0.243328409091 0.242865757576
TA.MVCO.z -108.499 37.2103 0.258040333333 0.255158666667
TA.H11A.z -116.013 44.7035 0.24657725 0.246215276316
TA.G40A.z -90.2006 45.2684 0.242777972603 0.242497027397
TA.H55A.z -77.183 44.5505 0.24297037931 0.242069362069
TA.E21A.z -107.076 46.5408 0.243551159091 0.242428488636
TA.I11A.z -115.958 43.9121 0.244316090909 0.244335136364
TA.G31A.z -98.2083 45.2254 0.240257407895 0.239826052632
TA.348A.z -87.9023 31.4129 0.246173507246 0.24822857971
TA.552A.z -85.2938 30.1327 0.244720971014 0.245733376812
TA.K54A.z -78.6908 42.6097 0.245234622642 0.244376849057
TA.757A.z -82.0685 28.9413 0.24482393617 0.242811
TA.Z44A.z -90.4322 33.2773 0.250808727273 0.251592318182
TA.C09A.z -118.274 47.8006 0.242455414286 0.240524757143
TA.K51A.z -81.5082 42.7223 0.242702213333 0.242053026667
TA.P37A.z -94.3491 39.5882 0.244740951613 0.244083241935
TA.I32A.z -97.4643 44.0271 0.246653846154 0.245842476923
TA.X17A.z -110.806 34.3371 0.248044647887 0.251228633803
TA.634A.z -98.3515 29.3815 0.2472431875 0.248952
TA.Z30A.z -101.128 33.2861 0.243338368421 0.242328350877
TA.143A.z -91.4036 32.7032 0.245954133333 0.243802966667
TA.M24A.z -104.825 41.4676 0.243369878378 0.242788581081
TA.H61A.z -71.9271 44.5339 0.246719385714 0.245048657143
TA.J12A.z -115.098 43.25 0.245953435897 0.246533871795
TA.K55A.z -78.0696 42.7278 0.244810576271 0.243708508475
TA.Q32A.z -98.5596 38.9908 0.243469231884 0.244255057971
TA.G58A.z -74.054 45.1492 0.245963472222 0.245437319444
TA.G57A.z -74.9855 45.1036 0.250306149254 0.25130341791
TA.O30A.z -100.057 40.1791 0.24526658209 0.245081164179
TA.N28A.z -101.541 40.6873 0.244137316667 0.244860866667
TA.R51A.z -83.5834 38.3001 0.246908876543 0.246616728395
TA.OSI.z -118.724 34.6145 0.24596765625 0.24562021875
TA.535A.z -97.5711 30.029 0.249652948718 0.248716410256
TA.Y22D.z -106.921 34.0739 0.246140433735 0.243838409639
TA.L14A.z -113.24 42.0343 0.247085549296 0.244734760563
TA.I47A.z -84.5096 44.0193 0.240716128571 0.241752485714
TA.350A.z -86.3353 31.4207 0.244639350877 0.242534982456
TA.T17A.z -110.804 36.9969 0.244150986486 0.243209162162
TA.B09A.z -118.149 48.4226 0.244523708333 0.243343652778
TA.R23A.z -105.826 38.1907 0.245887207317 0.243562060976
TA.I52A.z -80.177 44.068 0.242522736842 0.241273723684
TA.NATX.z -94.661 31.7598 0.247659243902 0.247668073171
TA.Y53A.z -83.5836 33.8554 0.247352293333 0.245002586667
TA.U32A.z -99.0014 36.3795 0.248665155844 0.246739090909
TA.Q29A.z -100.979 38.8905 0.244125458333 0.243292458333
TA.E07A.z -119.855 46.5585 0.245448746667 0.24701444
TA.O04C.z -121.086 40.32 0.250633106383 0.247639595745
TA.O18A.z -110.008 40.2655 0.243067078652 0.241932853933
TA.V24A.z -105.272 35.7259 0.246261445946 0.247905567568
TA.G28A.z -100.916 45.0749 0.243646578947 0.241331592105
TA.113A.z -113.767 32.7683 0.245522044444 0.247780533333
TA.434A.z -98.269 30.8142 0.245170172043 0.245962956989
TA.H03A.z -123.292 44.6765 0.246357520833 0.245668979167
TA.V49A.z -85.903 35.7663 0.242583257576 0.242400166667
TA.L20A.z -108.34 42.0073 0.245686 0.24512254878
TA.X53A.z -83.3013 34.5031 0.24484054321 0.244200814815
TA.U44B.z -89.3507 36.3391 0.247003403846 0.247804423077
TA.J45A.z -86.3889 43.4354 0.245725306667 0.245191853333
TA.S23A.z -106.002 37.7059 0.248442561798 0.248357550562
TA.S19A.z -109.137 37.7459 0.247755589744 0.247971474359
TA.P32A.z -98.6011 39.6223 0.245757128571 0.247034057143
TA.Z33A.z -98.7648 33.2865 0.245999590164 0.247822131148
TA.239A.z -94.4707 32.0179 0.251685113924 0.250158227848
TA.E29A.z -99.642 46.5682 0.245755313433 0.243764044776
TA.M38A.z -93.1965 41.4175 0.244481971014 0.244320768116
TA.I34A.z -95.86 44.0392 0.243056380952 0.242953650794
TA.X21A.z -107.786 34.4457 0.244726662338 0.245723662338
TA.K62A.z -72.2345 42.6651 0.244317014286 0.246350614286
TA.Y58A.z -79.6665 33.9057 0.24501385 0.24648385
TA.W54A.z -82.1859 35.0857 0.242158322581 0.239994903226
TA.P61A.z -74.7919 39.6734 0.247371516667 0.24868365
TA.P55A.z -79.8265 39.5078 0.241547639344 0.243289770492
TA.M17A.z -110.666 41.4729 0.250743969231 0.246710969231
TA.O01C.z -123.82 40.1398 0.24922636 0.2479298
TA.A29A.z -99.2321 48.9228 0.246864782609 0.244923362319
TA.X14A.z -112.891 34.4692 0.248015253731 0.250398791045
TA.C37A.z -92.1853 47.7283 0.2501695 0.248770161765
TA.F26A.z -102.67 45.8512 0.246155268293 0.244932646341
TA.Y54A.z -82.688 33.8621 0.24546992 0.243694106667
TA.M01C.z -124.122 41.8473 0.24948822449 0.248090489796
TA.M02C.z -122.854 41.392 0.246377394737 0.243709815789
TA.X40A.z -92.8342 34.4873 0.2498745 0.250153791667
TA.K47A.z -84.9993 42.6704 0.244376 0.244846424242
TA.355A.z -82.8518 31.3438 0.245212971831 0.245417535211
TA.E03A.z -123.563 46.5459 0.245738507937 0.243503777778
TA.H25A.z -103.598 44.6215 0.246583417722 0.244409113924
TA.A14A.z -113.422 48.9725 0.245696253333 0.243765333333
TA.V04C.z -120.87 35.636 0.249847516129 0.245866677419
TA.M23A.z -105.722 41.468 0.246005773333 0.2441198
TA.O09A.z -117.19 40.1697 0.249743149254 0.247892940299
TA.P28A.z -101.755 39.5732 0.243892915493 0.244367788732
TA.139A.z -94.3927 32.6795 0.24607230303 0.248018787879
TA.353A.z -84.2172 31.3474 0.245604821918 0.242798246575
TA.R40A.z -92.2684 38.2909 0.248048966667 0.247479366667
TA.V15A.z -112.173 35.8191 0.246469527473 0.247222714286
TA.Z41A.z -92.803 33.2577 0.246254033333 0.247255966667
TA.C12B.z -115.475 47.7092 0.246327818182 0.247766649351
TA.L61B.z -72.6802 42.4498 0.247423242424 0.245976712121
TA.343A.z -91.6169 31.2839 0.244766217949 0.2457585
TA.E10A.z -117.11 46.485 0.249635484848 0.24471430303
TA.E24A.z -104.307 46.5608 0.244914790323 0.244030580645
TA.E19A.z -108.786 46.4611 0.244886666667 0.2438195
TA.U59A.z -77.7925 36.3526 0.246237986111 0.246046347222
TA.D51A.z -79.3733 47.0904 0.24185593617 0.240671808511
TA.X25A.z -104.662 34.5271 0.246730819444 0.245867277778
TA.G65A.z -67.5632 45.2002 0.243933693548 0.243385483871
TA.O43A.z -89.313 40.2856 0.24726375 0.242415446429
TA.MPP.z -119.814 34.8885 0.249360666667 0.246750428571
TA.250A.z -86.2677 31.9778 0.243674416667 0.243045233333
TA.536A.z -97.0652 30.0756 0.243594676056 0.244400521127
TA.437A.z -96.1386 30.8292 0.24697543662 0.248226859155
TA.P24A.z -104.908 39.5144 0.2431275875 0.2440407875
TA.T28A.z -102.114 37.1204 0.243227026316 0.242401539474
TA.237A.z -95.8084 32.0015 0.245933921053 0.246157710526
TA.R39A.z -93.0383 38.3138 0.248887985507 0.247383826087
TA.531A.z -100.546 30.1645 0.245606108108 0.245768297297
TA.633A.z -99.1766 29.4591 0.245579216867 0.244129240964
TA.O29A.z -100.798 40.1253 0.249356875 0.246700075
TA.N30A.z -100.1 40.7957 0.246779227273 0.245351984848
TA.U38A.z -94.3857 36.4394 0.24506584058 0.245148898551
TA.H18A.z -109.664 44.6769 0.247648051948 0.248133818182
TA.430A.z -101.236 30.7866 0.24499196 0.243363906667
TA.835A.z -97.8297 28.287 0.246536144578 0.246138662651
TA.X32A.z -99.2854 34.4214 0.247047853659 0.24507045122
TA.S47A.z -86.8779 37.5946 0.244351558824 0.242316411765
TA.G04A.z -122.478 45.2059 0.242658366667 0.242081666667
TA.K14A.z -113.176 42.5452 0.248750777778 0.246777484848
TA.U60A.z -77.1596 36.4718 0.242835220588 0.244622764706
TA.K01A.z -124.469 42.8088 0.246081566038 0.247575867925
TA.109C.z -117.105 32.8889 0.249250766667 0.2477597
TA.D49A.z -81.3562 47.2726 0.245815352941 0.243371862745
TA.T29A.z -101.294 37.1565 0.245908419753 0.243447493827
TA.O52A.z -81.8361 40.1158 0.245865534247 0.24667460274
TA.R17A.z -110.711 38.4187 0.246355046512 0.243955453488
TA.H46A.z -85.2034 44.5397 0.247778029412 0.246720397059
TA.L07A.z -119.34 42.0187 0.247425842857 0.248702228571
TA.KSCO.z -102.627 39.0112 0.244959684211 0.244951431579
TA.U54A.z -81.8204 36.5209 0.245194488636 0.242893306818
TA.O42A.z -90.0812 40.1956 0.247732614035 0.246962947368
TA.G03A.z -123.281 45.3153 0.244776674419 0.244104860465
TA.H47A.z -84.2062 44.5994 0.244785068493 0.243290753425
TA.SUTB.z -121.786 39.2291 0.247270363636 0.244431818182
TA.126A.z -104.02 32.6462 0.242797463768 0.239556
TA.C39A.z -90.1289 47.8171 0.248282025 0.2463586125
TA.R46A.z -87.5114 38.2124 0.244291130435 0.24423426087
TA.S10A.z -116.595 37.923 0.246251129412 0.245390164706
TA.858A.z -81.3616 28.2126 0.250273511111 0.246469866667
TA.TPNV.z -116.249 36.9488 0.252294117647 0.251729823529
TA.N57A.z -77.5509 40.7556 0.24544640625 0.244772625
TA.R44A.z -89.0809 38.2475 0.247407743243 0.243692972973
TA.D34A.z -95.1952 47.0851 0.24432815873 0.243098571429
TA.X42A.z -91.6262 34.5532 0.246487370968 0.246929870968
TA.S31A.z -99.4845 37.6193 0.243448179487 0.241944910256
TA.HATC.z -121.461 40.8161 0.246874702703 0.244571702703
TA.MPM.z -117.489 36.058 0.248787923077 0.247212538462
TA.Q18A.z -110.133 39.1025 0.244167182927 0.240539402439
TA.L13A.z -113.944 42.0886 0.247138111111 0.246168194444
TA.N08A.z -118.134 40.7811 0.246960469388 0.24916344898
TA.G59A.z -73.1809 45.0807 0.244674915254 0.245905661017
TA.G64A.z -68.7558 45.2527 0.240607815385 0.244146769231
TA.ECSD.z -96.6141 43.7337 0.247360346939 0.247442020408
TA.Y59A.z -78.8737 33.9897 0.245973981481 0.246689462963
TA.T56A.z -80.0311 37.0288 0.245409344086 0.243616032258
TA.335A.z -97.4271 31.2819 0.244094256098 0.243302646341
TA.C08A.z -119.045 47.7849 0.245658314286 0.2418098
TA.T12A.z -114.715 36.7256 0.247167103448 0.24858483908
TA.Y60A.z -78.2163 34.0046 0.245532297872 0.244888829787
TA.I10A.z -116.803 44.086 0.248086641026 0.244044871795
TA.L49A.z -83.7672 42.1088 0.246334285714 0.244031157143
TA.L26A.z -103.079 42.0367 0.243745211268 0.243027830986
TA.M16A.z -111.63 41.3146 0.242118467532 0.242066337662
TA.M20A.z -108.187 41.4906 0.24487054878 0.242384878049
TA.D19A.z -108.88 47.1646 0.2472839125 0.2457811125
TA.K15A.z -112.531 42.6852 0.246242236111 0.244021625
TA.B34A.z -94.6501 48.486 0.24540964 0.24597708
TA.M63A.z -72.0464 41.4038 0.246985859155 0.24492428169
TA.B35A.z -93.7261 48.3603 0.24404647541 0.244234180328
TA.R21A.z -107.55 38.3685 0.242383736264 0.243131186813
TA.J61A.z -72.5535 43.3462 0.243522013889 0.243877236111
TA.219A.z -109.259 31.9989 0.246354263158 0.246460921053
TA.P26A.z -103.346 39.5602 0.244147677419 0.243939903226
TA.R08A.z -118.106 38.3489 0.2477591875 0.24746615625
TA.Z57A.z -80.7039 33.297 0.24754116 0.24748092
TA.T05C.z -120.674 36.8953 0.2459115 0.245750178571
TA.H23A.z -105.401 44.562 0.245343707317 0.244066353659
TA.T30A.z -100.527 37.0526 0.24584575 0.2443753
TA.U10A.z -116.33 36.4193 0.244841564706 0.246863847059
TA.G05A.z -121.317 45.2422 0.248468098361 0.246986065574
TA.HEC.z -116.335 34.8294 0.255476206897 0.253571310345
TA.Y51A.z -85.064 33.8993 0.247335793651 0.245283555556
TA.J29A.z -100.325 43.4061 0.243783217391 0.243245630435
TA.540A.z -93.9796 30.2093 0.242505422222 0.243928866667
TA.X59A.z -78.6023 34.572 0.246463735849 0.242342754717
TA.S32A.z -98.9363 37.7001 0.245398906977 0.24422194186
TA.T25A.z -104.411 37.1388 0.244972601852 0.244917833333
TA.737A.z -96.4402 28.7639 0.247329421875 0.24538409375
TA.R61A.z -75.339 38.3303 0.244366064103 0.242728717949
TA.Q16A.z -111.172 38.9176 0.245560101124 0.243557550562
TA.D23A.z -105.207 47.173 0.246950280702 0.244264473684
TA.X57A.z -80.094 34.4643 0.247074064516 0.248487677419
TA.H66A.z -67.3115 44.7859 0.245414818182 0.2454328
TA.N14A.z -113.187 40.8513 0.24580928 0.245435986667
TA.L22A.z -106.434 42.031 0.245416484536 0.245453979381
TA.J46A.z -85.6466 43.3478 0.245638656716 0.246600507463
TA.934A.z -98.5192 27.6018 0.246598875 0.247406708333
TA.P53A.z -81.3896 39.4868 0.244307078947 0.246029276316
TA.D11A.z -116.335 47.0477 0.246487372549 0.243143705882
TA.B19A.z -108.944 48.4551 0.245553790698 0.242902081395
TA.B14A.z -113.273 48.3609 0.246939226667 0.243650173333
TA.P56A.z -78.8386 39.5044 0.243163710526 0.245588394737
TA.035A.z -98.1023 26.9379 0.245602205479 0.249835835616
TA.655A.z -83.2552 29.5107 0.246852460317 0.24744552381
TA.061Z.z -80.907 25.8657 0.24413127027 0.24328027027
TA.S08C.z -118.171 37.4993 0.250252040816 0.252434081633
TA.ANMO.z -106.457 34.9459 0.242770307692 0.242767076923
TA.H21A.z -107.042 44.6277 0.244563549451 0.243613505495
TA.R58A.z -78.0034 38.2989 0.244650388889 0.247562888889
TA.K50A.z -82.6231 42.7749 0.241191720588 0.241186558824
TA.K27A.z -102.236 42.7036 0.245922059524 0.244745666667
TA.X24A.z -105.435 34.5646 0.248109073171 0.246855487805
TA.352A.z -84.9274 31.4793 0.244794458333 0.244379152778
TA.R58B.z -77.8787 37.9636 0.242956963636 0.241987509091
TA.M27A.z -102.387 41.5281 0.244508369863 0.244406164384
TA.U26A.z -103.744 36.3945 0.242753871795 0.242938692308
TA.546A.z -89.7191 30.233 0.248505521127 0.24822171831
TA.H12A.z -114.855 44.5494 0.245203720721 0.245038990991
TA.147A.z -88.2708 32.6738 0.24365355914 0.241003043011
TA.W12A.z -114.87 35.301 0.248244958333 0.248931291667
TA.U23A.z -106.192 36.3289 0.244437790123 0.242502271605
TA.E46A.z -84.3062 46.3665 0.241046571429 0.240455321429
TA.M62A.z -72.8939 41.4423 0.245872793103 0.2457175
TA.O05C.z -120.918 39.962 0.248689097561 0.246528073171
TA.J56A.z -76.8579 43.276 0.242238919355 0.2419425
TA.WHTX.z -97.4561 31.9913 0.24556639726 0.244044383562
TA.D32A.z -97.0164 47.1354 0.245335172414 0.243669137931
TA.M22A.z -106.596 41.4033 0.246854936937 0.245202522523
TA.BRAL.z -87.0506 31.1687 0.246214551724 0.246195465517
TA.628A.z -102.888 29.4862 0.247213416667 0.246286928571
TA.117A.z -110.739 32.5716 0.243770115385 0.247416230769
TA.E50A.z -80.7378 46.4232 0.246115058824 0.238926897059
TA.645A.z -90.5966 29.4573 0.247744876712 0.24620960274
TA.059A.z -81.144 26.9671 0.245686412698 0.246122079365
TA.F41A.z -89.1046 45.7387 0.24418825 0.24220375
TA.PKME.z -69.2917 45.2644 0.245927724138 0.243403241379
TA.J08A.z -118.474 43.358 0.246751076923 0.24935625641
TA.T06C.z -119.709 37.0069 0.24847825 0.248201115385
TA.R29A.z -101.138 38.4243 0.242931569767 0.240863976744
TA.S50A.z -84.4003 37.679 0.245205780822 0.243315561644
TA.S28A.z -101.898 37.5899 0.245409481481 0.244052604938
TA.R13A.z -113.969 38.1802 0.246840984127 0.244882809524
TA.T53A.z -82.535 36.9823 0.240616463768 0.240630101449
TA.J04A.z -122.109 43.2406 0.246086243902 0.245266853659
TA.WMOK.z -98.7807 34.7379 0.247275529412 0.243639882353
TA.G13A.z -114.233 45.0931 0.245133652174 0.245201582609
TA.B15A.z -112.562 48.3129 0.247496892308 0.242624984615
TA.L12A.z -115.016 42.146 0.248967542857 0.249335685714
TA.T31A.z -99.6771 37.0977 0.2446785125 0.24189775
TA.059Z.z -81.4432 26.3373 0.244123 0.241265067568
TA.W13A.z -113.885 35.099 0.248600239437 0.249088295775
TA.B16A.z -111.707 48.4128 0.245086428571 0.240777614286
TA.S42A.z -90.7939 37.77 0.246736213115 0.243539967213
TA.C15A.z -112.607 47.775 0.247293821429 0.245452285714
TA.W32A.z -99.2458 35.1238 0.246650148649 0.243095445946
TA.N62A.z -73.4677 40.9313 0.245614960784 0.248058313725
TA.B33A.z -95.588 48.2722 0.246866324324 0.24759472973
TA.J62A.z -71.8127 43.2262 0.245377761194 0.247170179104
TA.X45A.z -89.3931 34.4241 0.250501080645 0.247377274194
TA.J40A.z -90.7406 43.3965 0.24333824 0.24268572
TA.Z19A.z -109.266 33.2921 0.248800238095 0.24903547619
TA.U40A.z -92.8535 36.3563 0.245636391892 0.244751864865
TA.H13A.z -114.255 44.5642 0.244990336283 0.246705256637
TA.X60A.z -77.9768 34.5773 0.24506715625 0.241790515625
TA.Y32A.z -99.442 34.0036 0.244608882353 0.245055529412
TA.S54A.z -81.3114 37.7997 0.245084858696 0.242233880435
TA.N02C.z -123.306 40.822 0.246720952381 0.242316904762
TA.Y19A.z -109.254 33.9571 0.244945260274 0.244518191781
TA.J26A.z -103.075 43.3126 0.246860011494 0.24737908046
TA.DGMT.z -104.196 48.4702 0.24506 0.244110410714
TA.453A.z -84.3197 30.8541 0.2448924875 0.2444683625
TA.Y56A.z -81.3047 33.7922 0.2423051 0.243503457143
TA.L36A.z -94.6676 42.1009 0.241052589041 0.241208164384
TA.A06A.z -121.48 49.0983 0.252851347826 0.249112630435
TA.R05C.z -120.076 38.7028 0.242161388889 0.239111888889
TA.B23A.z -104.991 48.4643 0.248326144928 0.24595657971
TA.R55A.z -80.1195 38.2825 0.244656852273 0.246490829545
TA.L33A.z -97.2724 42.1659 0.2443259 0.244305728571
TA.356A.z -82.1275 31.3247 0.244546564103 0.243642141026
TA.D46A.z -84.0357 46.891 0.241998056818 0.242136261364
TA.T11A.z -115.22 37.2408 0.245623670886 0.246655443038
TA.R60A.z -76.5807 38.2684 0.246900725 0.244134675
TA.S37A.z -94.8279 37.7597 0.247163709091 0.247435127273
TA.F64A.z -68.3496 45.8633 0.24400119697 0.244795378788
TA.N18A.z -109.673 40.9763 0.2424521 0.2413404
TA.O35A.z -95.9097 40.2665 0.245984683544 0.244841481013
TA.MIAR.z -93.5765 34.5454 0.246140730769 0.242798105769
TA.O07A.z -118.877 40.1614 0.250146627907 0.250716534884
TA.E22A.z -105.949 46.4386 0.244034890411 0.244516232877
TA.K43A.z -88.332 42.7044 0.242915920635 0.243205380952
TA.Q23A.z -105.834 38.9045 0.246892705882 0.246428082353
TA.N37A.z -94.2095 40.7582 0.242093094595 0.242346540541
TA.T43A.z -90.2878 37.0833 0.245184451613 0.24175233871
TA.B13A.z -114.468 48.3739 0.245136009709 0.244831436893
TA.V55A.z -81.2149 35.8518 0.243826722222 0.242007433333
TA.O49A.z -84.3353 40.188 0.244197356164 0.244897465753
TA.TUQ.z -115.924 35.4358 0.250282205882 0.251807647059
TA.G42A.z -88.4277 45.2418 0.244170962963 0.24372512963
TA.I21A.z -107.292 43.8122 0.246561052083 0.245550416667
TA.K28A.z -101.367 42.7136 0.247470161765 0.247953544118
TA.FMP.z -118.294 33.7126 0.248370565217 0.250336434783
TA.I05A.z -121.268 44.1626 0.2477376 0.247213433333
TA.062Z.z -81.0523 24.7266 0.248564056075 0.246602719626
TA.222A.z -107.101 32.1046 0.247229036145 0.245969626506
TA.J11A.z -115.828 43.4151 0.246161535714 0.243551892857
TA.441A.z -93.1898 30.7498 0.247578721519 0.246233860759
TA.F46A.z -84.7586 45.7737 0.2441523125 0.244011921875
TA.V17A.z -110.794 35.6218 0.245311510638 0.244382808511
TA.FUR.z -116.863 36.4672 0.243327821429 0.24213875
TA.VBMS.z -90.5177 32.2185 0.2459252 0.244414275
TA.E17A.z -110.858 46.462 0.242695376471 0.242491635294
TA.I03A.z -123.278 43.9726 0.248161888889 0.247507694444
TA.M26A.z -103.143 41.4661 0.244583703704 0.24618237037
TA.D56A.z -74.7568 47.0485 0.247301257143 0.243632757143
TA.B32A.z -96.5363 48.3951 0.247180825 0.24831195
TA.442A.z -92.4314 30.7119 0.244874428571 0.242593914286
TA.BNLO.z -122.173 37.1311 0.247176297297 0.249952081081
TA.220A.z -108.527 31.9041 0.246203044944 0.247794617978
TA.I57A.z -75.6599 43.9377 0.244132440678 0.245755576271
TA.R26A.z -103.447 38.3009 0.247748111111 0.245907975309
TA.B18A.z -109.777 48.3943 0.2453563625 0.2444378125
TA.K63A.z -71.5283 42.6888 0.243049527027 0.241898986486
TA.C22A.z -105.884 47.7456 0.248039358209 0.248108462687
TA.L19A.z -109.357 42.1012 0.2420856 0.240132773333
TA.L65A.z -70.0528 42.0295 0.248104480769 0.248147076923
TA.X50A.z -85.6486 34.4596 0.2441435 0.244383916667
TA.F25A.z -103.458 45.9256 0.241517565789 0.242291171053
TA.LRAL.z -86.9978 33.0348 0.245079053571 0.243979553571
TA.O44A.z -88.4671 40.1526 0.242970821429 0.242235964286
TA.I08A.z -118.569 43.9104 0.245434304348 0.246027304348
TA.J48A.z -83.7849 43.2986 0.242773432836 0.24376058209
TA.Z55A.z -82.1359 33.2211 0.245265384615 0.245585653846
TA.T35A.z -96.5121 36.9161 0.244557861538 0.245201615385
TA.L44A.z -87.9119 42.1782 0.249068342857 0.2476462
TA.Z45A.z -89.6913 33.3705 0.246338464789 0.246899338028
TA.CBN.z -77.3732 38.2046 0.246069061224 0.248676489796
TA.H34A.z -95.777 44.6673 0.241934864865 0.2419595
TA.L63A.z -71.6095 41.8631 0.244538155172 0.245959431034
TA.A08A.z -119.272 48.9534 0.246206657534 0.246534164384
TA.157A.z -80.9972 32.678 0.24441547191 0.242433696629
TA.G29A.z -99.9234 45.1926 0.24610061194 0.244133671642
TA.S16A.z -111.596 37.7222 0.245321338028 0.243783450704
TA.C30A.z -98.4783 47.7026 0.244381493506 0.242570818182
TA.S13A.z -113.86 37.5808 0.249340479452 0.247547123288
TA.Q61A.z -75.3256 38.8799 0.245271180723 0.243164783133
TA.221A.z -107.778 32.0094 0.245191619565 0.245622532609
TA.I26A.z -102.86 44.0309 0.245655948052 0.245108961039
TA.O51A.z -82.6056 40.147 0.244261061728 0.247693419753
TA.P47A.z -86.2699 39.4869 0.244952754717 0.244020792453
TA.H19A.z -108.986 44.6704 0.245244835443 0.245136810127
TA.D47A.z -83.1038 47.0558 0.241973828947 0.242047092105
TA.E26A.z -102.462 46.4712 0.244779402439 0.242034304878
TA.X26A.z -103.81 34.5508 0.247330025974 0.245173883117
TA.I07A.z -119.504 44.082 0.245783493151 0.245348369863
TA.229A.z -101.811 31.9671 0.243382442857 0.243974342857
TA.K58A.z -75.6473 42.7633 0.243009492537 0.242481656716
TA.W30A.z -100.577 35.1818 0.245246012987 0.245062779221
TA.D52A.z -78.4117 46.9764 0.243862807692 0.243819730769
TA.H42A.z -88.5311 44.5091 0.244322333333 0.243442596491
TA.553A.z -84.4317 30.189 0.247182197368 0.247144828947
TA.A30A.z -98.3009 48.9402 0.246933505747 0.244957011494
TA.L60A.z -74.2226 41.989 0.249206689189 0.246728189189
TA.959A.z -80.8791 27.524 0.249182373333 0.24760012
TA.H38A.z -92.282 44.6753 0.244810736111 0.242416902778
TA.B21A.z -107.017 48.4278 0.246804486111 0.243448791667
TA.F03A.z -123.559 45.9306 0.243472636364 0.243654836364
TA.K56A.z -77.3244 42.6981 0.245692132353 0.246040573529
TA.PAL.z -73.9079 41.0056 0.245536590909 0.243737257576
TA.O02C.z -122.788 40.1767 0.245940230769 0.244264307692
TA.M33A.z -97.195 41.5726 0.243263981481 0.244202277778
TA.150A.z -86.022 32.6067 0.24354278 0.24280248
TA.P44A.z -88.6209 39.4676 0.242675948276 0.243046672414
TA.T59A.z -77.5541 36.9716 0.24450683871 0.245610951613
TA.L48A.z -84.4329 41.9438 0.245509766234 0.24356287013
TA.F39A.z -90.919 45.9153 0.244926985507 0.244314101449
TA.SMM.z -119.996 35.3142 0.248496 0.247383727273
TA.K19A.z -108.847 42.8247 0.246212564103 0.245371089744
TA.149A.z -86.7916 32.5983 0.241158888889 0.24021412963
TA.E33A.z -96.0054 46.5035 0.246795323529 0.243769279412
TA.L11A.z -115.754 42.1669 0.24186556 0.244958026667
TA.H62A.z -71.1559 44.5743 0.244054171875 0.2446216875
TA.T32A.z -98.9247 37.1797 0.24764121519 0.246119936709
TA.C19A.z -109.049 47.7343 0.244694195402 0.242621149425
TA.N17A.z -110.834 40.9425 0.245294512821 0.243166217949
TA.455A.z -83.026 30.7422 0.2447964625 0.244932325
TA.T55A.z -80.7843 37.117 0.243520452381 0.240939190476
TA.B07A.z -120.12 48.4607 0.248948932432 0.247720243243
TA.W29A.z -101.648 35.1212 0.246906736111 0.247741430556
TA.L55A.z -78.4368 42.1831 0.242869377358 0.241946301887
TA.D06A.z -120.844 47.1935 0.248085666667 0.246119285714
TA.V42A.z -91.39 35.806 0.242531246575 0.242112342466
TA.146A.z -89.0573 32.6368 0.245832210526 0.246136302632
TA.J03A.z -122.965 43.3717 0.242361074074 0.238864888889
TA.135A.z -97.4099 32.5573 0.246298376623 0.247247467532
TA.J59A.z -74.5041 43.4647 0.244610774194 0.243219080645
TA.N10A.z -116.508 40.7186 0.250522967742 0.254184177419
TA.G43A.z -87.6861 45.2572 0.243743057692 0.241555480769
TA.Z53A.z -83.5713 33.2801 0.248963804878 0.245099487805
TA.D59A.z -71.8358 47.0073 0.243831394366 0.241408380282
TA.148A.z -87.571 32.6469 0.245471297872 0.244245042553
TA.O16A.z -111.502 40.2067 0.243660835165 0.243191604396
TA.Z24A.z -105.365 33.3298 0.244127727273 0.242871345455
TA.W47A.z -87.5946 35.2511 0.242630839286 0.243040339286
TA.E61A.z -70.489 46.4312 0.24415325 0.242137766667
TA.N32A.z -98.2955 40.7639 0.249393101266 0.248233544304
TA.I24A.z -104.626 43.8594 0.245861566265 0.244395807229
TA.C27A.z -101.503 47.7139 0.245446875 0.244289796875
TA.D53A.z -77.7001 47.0795 0.241398471698 0.242367528302
TA.452A.z -85.183 30.8492 0.244887320755 0.246179433962
TA.G61A.z -71.5273 45.2827 0.246474983051 0.244723610169
TA.T49A.z -85.5334 37.105 0.24435727381 0.244672785714
TA.J06A.z -120.153 43.2515 0.244338089552 0.245625238806
TA.F34A.z -95.2581 45.7954 0.242305229508 0.239942967213
TA.L64A.z -70.8391 41.9359 0.244923214286 0.245728342857
TA.N34A.z -96.5005 40.8378 0.242745906667 0.24152396
TA.D13A.z -114.459 47.0943 0.246156514851 0.245748752475
TA.248A.z -87.7393 32.094 0.2443257875 0.2445301875
TA.Q44A.z -89.017 38.9032 0.244083320513 0.242979846154
TA.J10A.z -116.767 43.4275 0.247055714286 0.245189047619
TA.H48A.z -83.3249 44.7006 0.248293883117 0.244737298701
TA.M12A.z -114.915 41.4157 0.248587797101 0.247749521739
TA.155A.z -82.4665 32.6219 0.248586052632 0.248202763158
TA.S51A.z -83.5935 37.6392 0.243239919355 0.242249677419
TA.S43A.z -90.0754 37.5716 0.244249863014 0.245029
TA.R30A.z -100.277 38.2844 0.243669266667 0.242439906667
TA.W59A.z -78.443 35.1673 0.245977823529 0.243941264706
TA.Z23A.z -106.232 33.2621 0.24418322807 0.244411315789
TA.C35A.z -93.9763 47.7007 0.247725229508 0.246237704918
TA.S55A.z -80.5013 37.7724 0.242362423913 0.242613673913
TA.M51A.z -82.1831 41.3321 0.245598698925 0.244158655914
TA.W42A.z -91.5224 35.2732 0.247605615385 0.246678169231
TA.A28A.z -100.267 48.9096 0.244895238806 0.242947343284
TA.657A.z -81.8665 29.5852 0.24368825 0.243766354167
TA.G06A.z -120.635 45.2357 0.245796346667 0.244635066667
TA.F49A.z -82.0423 45.7627 0.243209183673 0.24364294898
TA.152A.z -84.7188 32.6686 0.249557583333 0.250465722222
TA.340A.z -93.8896 31.4167 0.247601130435 0.245001492754
TA.H27A.z -102.077 44.6329 0.249577155172 0.246017172414
TA.Z22A.z -106.964 33.2555 0.245021881579 0.244617223684
TA.B10A.z -117.225 48.2995 0.247218320755 0.242430320755
TA.A19A.z -108.743 48.9286 0.244942047619 0.243719380952
TA.RCT.z -119.244 36.3052 0.249391862069 0.245925931034
TA.V20A.z -108.466 35.7992 0.245736453488 0.246322767442
TA.G18A.z -109.563 45.3171 0.242629113636 0.243057534091
TA.V32A.z -99.0437 35.7202 0.249275448718 0.248298948718
TA.LGU.z -119.066 34.1082 0.249024368421 0.248113368421
TA.U55A.z -81.0472 36.5023 0.241652040541 0.242474702703
TA.327A.z -103.492 31.3691 0.249883861111 0.247494958333
TA.O03C.z -122.032 39.9971 0.245145051282 0.242956179487
TA.J63A.z -71.0781 43.2792 0.245695105263 0.246196192982
TA.L41A.z -90.4977 42.0751 0.244350938462 0.240684369231
TA.MCWV.z -79.8456 39.6581 0.242414070175 0.239703666667
TA.319A.z -109.281 31.3757 0.24928504878 0.248448780488
TA.Q34A.z -96.9408 38.9214 0.246910029851 0.246613149254
TA.GOGA.z -83.4666 33.4112 0.24647056338 0.243563704225
TA.Q13A.z -114.02 38.9551 0.248836540541 0.247999094595
TA.O33A.z -97.5845 40.0755 0.245949120482 0.245816951807
TA.T24B.z -105.382 37.0624 0.245576228571 0.246541257143
TA.Q56A.z -79.1871 39.041 0.244876611111 0.248036638889
TA.F29A.z -99.8273 45.8336 0.243489177215 0.241337531646
TA.539A.z -94.7236 30.1084 0.2460583 0.24561358
TA.T34A.z -97.1883 37.0222 0.245926597015 0.245603716418
TA.LONY.z -74.5829 44.6197 0.244509138889 0.243234819444
TA.Q53A.z -81.5251 38.8586 0.243999877778 0.247219722222
TA.H24A.z -104.552 44.7473 0.245093629213 0.244393876404
TA.N42A.z -90.0345 40.829 0.248227811321 0.24748145283
TA.I13A.z -114.117 43.9146 0.244911657407 0.24507612963
TA.P21A.z -107.449 39.524 0.24319725 0.242960630952
TA.T27A.z -102.721 37.0614 0.243806701299 0.244870792208
TA.444A.z -90.7463 30.7153 0.24765464 0.247246653333
TA.I02A.z -123.83 44.0035 0.2487101 0.24778375
TA.P20A.z -108.391 39.4998 0.242762521739 0.243108413043
TA.R04C.z -120.936 38.2571 0.2445305 0.248062891304
TA.S14A.z -113.168 37.7601 0.2476903625 0.2467419875
TA.Y22A.z -106.965 33.937 0.246733173333 0.247212706667
TA.O24A.z -105.073 40.1227 0.243144423529 0.243941611765
TA.D09A.z -118.309 47.0615 0.243393619048 0.242356650794
TA.Q47A.z -86.4261 38.9362 0.246829161765 0.247853794118
TA.734A.z -98.5576 28.8473 0.244822458824 0.244098858824
TA.W14A.z -113.083 35.2127 0.245894285714 0.249373985714
TA.O28A.z -101.773 40.1262 0.24936903125 0.24957765625
TA.CBKS.z -99.7374 38.814 0.246965360656 0.247573491803
TA.Y18A.z -110.034 33.7776 0.245734758621 0.247566741379
TA.C06A.z -120.894 47.923 0.249578938776 0.245977755102
TA.Y37A.z -95.621 33.9789 0.246919030303 0.247777606061
TA.X15A.z -112.237 34.4866 0.246759946667 0.24835572
TA.P39A.z -92.7549 39.4877 0.2404547 0.2405763
TA.555A.z -82.9666 30.1212 0.246607711538 0.245032326923
TA.K12A.z -114.903 42.636 0.248156028169 0.245678704225
TA.N44A.z -88.1333 40.7953 0.24267068 0.24329462
TA.957A.z -82.2357 27.6702 0.244089090909 0.245860757576
TA.U41A.z -91.9203 36.344 0.244389844828 0.243024310345
TA.J24A.z -104.661 43.3305 0.246036506173 0.246377641975
TA.R16A.z -111.483 38.2843 0.2453481125 0.244737575
TA.P09A.z -117.14 39.5516 0.247253016393 0.248179819672
TA.Z36A.z -96.4344 33.2702 0.248020909091 0.24749975
TA.I62A.z -71.3359 43.8743 0.245386135802 0.246282666667
TA.123A.z -106.262 32.6349 0.246696777778 0.247450061728
TA.BINY.z -75.9861 42.1993 0.2463645 0.245075703125
TA.Z40A.z -93.3995 33.2584 0.24810047541 0.245599672131
TA.SSPA.z -77.8876 40.6358 0.244154855072 0.244396434783
TA.C17A.z -110.763 47.6327 0.24590305814 0.24537305814
TA.435B.z -97.585 30.7827 0.246656725 0.2470851
TA.F43A.z -87.1694 45.8313 0.242458241379 0.241199741379
TA.D20A.z -108.136 47.0911 0.244574973333 0.242222733333
TA.MDND.z -99.6029 47.8481 0.247702866667 0.2469724
TA.T21A.z -107.534 36.9914 0.245437014925 0.24597958209
TA.SDCO.z -105.501 37.7456 0.25026635 0.2506065
TA.O19A.z -109.124 40.2982 0.243404924528 0.241238764151
TA.F63A.z -69.1029 45.703 0.242166017544 0.245960280702
TA.J43A.z -88.4185 43.3808 0.245090666667 0.244835470588
TA.H07A.z -119.565 44.5913 0.249308241379 0.250370758621
TA.K29A.z -100.318 42.7612 0.246842784615 0.245941815385
TA.RLMT.z -109.267 45.1221 0.246524133333 0.244769433333
TA.F51A.z -79.915 45.9284 0.241510637931 0.242919896552
TA.332A.z -99.7423 31.3829 0.246622474359 0.246514884615
TA.M21A.z -107.364 41.6067 0.24557325 0.247321276316
TA.N60A.z -75.1 40.8704 0.247834741379 0.24994137931
TA.U29A.z -101.27 36.4519 0.246779333333 0.246099833333
TA.S04C.z -121.328 37.5049 0.245973642857 0.245565928571
TA.242A.z -92.1521 32.0617 0.247323232877 0.247919630137
TA.V36A.z -95.9425 35.7863 0.2468195 0.244950541667
TA.223A.z -106.428 32.0062 0.245802511364 0.245133511364
TA.N46A.z -86.7352 40.8949 0.246086712121 0.243406833333
TA.H20A.z -107.999 44.4868 0.24662762766 0.246736212766
TA.U30A.z -100.651 36.5304 0.245264014286 0.245716471429
TA.G54A.z -78.0898 45.3979 0.246541117647 0.24467525
TA.M14A.z -113.347 41.503 0.244365882353 0.246121117647
TA.Q42A.z -90.5331 38.912 0.242288478261 0.241556797101
TA.L21A.z -107.369 41.9641 0.245309028571 0.245036842857
TA.V35A.z -96.8378 35.7626 0.247054563636 0.248118836364
TA.F36A.z -93.5241 45.8618 0.244337723077 0.244976553846
TA.D63A.z -68.1066 47.037 0.245451605263 0.245739526316
TA.L17A.z -110.873 42.0995 0.244254428571 0.247370365079
TA.E32A.z -97.0701 46.5927 0.247813354839 0.247222209677
TA.060A.z -80.3618 27.0361 0.244193567901 0.242789703704
TA.F40A.z -90.1217 45.919 0.246191716418 0.246027074627
TA.C33A.z -95.7725 47.7586 0.244629521127 0.245560309859
TA.G46A.z -84.8621 45.3176 0.244596455882 0.242230323529
TA.V22A.z -106.909 35.9138 0.24776672619 0.245529821429
TA.454A.z -83.6302 30.7145 0.2460885 0.244590947368
TA.K30A.z -99.6131 42.6742 0.247852987013 0.246573155844
TA.K10A.z -116.87 42.7779 0.246457418605 0.246230732558
TA.440A.z -93.9587 30.7456 0.249873941176 0.248345647059
TA.I63A.z -70.5809 44.0505 0.242088712329 0.241626109589
TA.MONP2.z -116.422 32.892 0.251379952381 0.24827752381
TA.KSU1.z -96.6094 39.1009 0.241840238095 0.242457190476
TA.L31A.z -98.8387 42.176 0.245902025641 0.244562320513
TA.449A.z -87.2151 30.7596 0.245530089286 0.246633785714
TA.X44A.z -90.1462 34.4998 0.24816054717 0.248849660377
TA.V52A.z -83.5959 35.8417 0.246676375 0.247626722222
TA.W58A.z -79.2333 35.0208 0.247133637681 0.244795927536
TA.N15A.z -112.52 40.8903 0.243905925532 0.244646755319
TA.C28A.z -100.387 47.7157 0.244347485714 0.242265614286
TA.TZTN.z -83.549 36.5439 0.243172833333 0.242639194444
TA.H29A.z -100.213 44.6261 0.248993633333 0.246332
TA.H43A.z -87.7704 44.4697 0.246024469388 0.244385612245
TA.443A.z -91.7809 30.7642 0.246090783133 0.243815614458
TA.A17A.z -110.699 48.9448 0.247635225 0.2460664375
TA.E53A.z -77.6638 46.3784 0.2399785 0.24245918
TA.451A.z -85.7467 30.616 0.244765535714 0.244498339286
TA.B25A.z -103.161 48.2716 0.247704329412 0.245972129412
TA.W36A.z -96.2264 35.1393 0.24381228 0.245699533333
TA.H53A.z -78.5832 44.5736 0.242360666667 0.241625796296
TA.122A.z -107.001 32.6995 0.244794226667 0.246580333333
TA.H58A.z -74.1798 44.4176 0.2486144 0.245935907692
TA.C04A.z -122.972 47.7172 0.244988064516 0.243915354839
TA.N36A.z -94.9604 40.8156 0.246590954545 0.244561060606
TA.P23A.z -105.839 39.3741 0.246349282353 0.245648141176
TA.V57A.z -79.7758 35.8875 0.244874575342 0.244857054795
TA.L08A.z -118.344 42.1901 0.243663032258 0.246566983871
TA.ARV.z -118.83 35.1269 0.253778 0.255285
TA.N19A.z -109.177 40.8936 0.245415072464 0.243592202899
TA.L50A.z -82.8095 42.043 0.240861445946 0.240040905405
TA.236A.z -96.531 31.9997 0.245585036364 0.243751618182
TA.U13A.z -113.965 36.4151 0.246105 0.249284494118
TA.J49A.z -83.1389 43.36 0.243600333333 0.242234942029
TA.B04A.z -123.504 48.0575 0.245963569444 0.244975930556
TA.538A.z -95.49 30.2219 0.247551521739 0.249427289855
TA.B11A.z -116.367 48.4366 0.243609639344 0.245296081967
TA.Y29A.z -101.671 33.8602 0.24525484058 0.244048942029
TA.K25A.z -103.87 42.612 0.246870703704 0.246809283951
TA.F33A.z -96.2929 45.8398 0.242008101695 0.241046813559
TA.HAST.z -121.551 36.3887 0.249325272727 0.249134340909
TA.253A.z -84.1294 32.0612 0.249375787879 0.249385969697
TA.234A.z -98.1368 32.004 0.243982154762 0.244458071429
TA.N29A.z -100.626 40.8189 0.2464115 0.241887106061
TA.O58A.z -76.9228 40.1231 0.244492918919 0.243632337838
TA.M65A.z -70.6466 41.562 0.24529182 0.24385408
TA.F24A.z -104.445 45.8452 0.243673987013 0.243323688312
TA.X47A.z -87.8571 34.5178 0.245606169811 0.245625226415
TA.Y13A.z -113.829 33.8142 0.247738333333 0.248119444444
TA.V13A.z -113.984 35.8522 0.24738096 0.246682333333
TA.S40A.z -92.5014 37.5988 0.245335477612 0.242906552239
TA.G36A.z -93.7509 45.2344 0.240071444444 0.238598968254
TA.Q21A.z -107.574 38.8347 0.242403329412 0.243315305882
TA.GSC.z -116.806 35.3018 0.251064896552 0.248882655172
TA.P22A.z -106.759 39.5952 0.244942125 0.242886443182
TA.X31A.z -99.9793 34.6309 0.245826855422 0.243769783133
TA.554A.z -83.6836 30.0841 0.24512 0.245553365385
TA.224A.z -105.523 32.076 0.241461662651 0.240997421687
TA.L02A.z -123.602 42.156 0.246623729167 0.2484551875
TA.B26A.z -102.234 48.3762 0.245325298507 0.245632910448
TA.N09A.z -117.524 40.852 0.248022431034 0.245437465517
TA.E31A.z -97.8879 46.5583 0.248542839286 0.243984589286
TA.Y36A.z -96.2848 33.8996 0.2481684375 0.24904371875
TA.J19A.z -109.053 43.2649 0.243783978723 0.244181191489
TA.141A.z -92.9049 32.6046 0.244834358974 0.246288935897
TA.R52A.z -82.6443 38.3366 0.244163675 0.2439629125
TA.T18A.z -109.874 37.1364 0.246205818182 0.244487961039
TA.D60A.z -70.9237 46.9139 0.244515642857 0.241818771429
TA.F59A.z -72.7833 45.8513 0.244976537313 0.24353041791
TA.L28A.z -101.52 42.0073 0.246027161765 0.245058897059
TA.Y16A.z -111.478 33.8798 0.244384350877 0.24806445614
TA.A12A.z -115.653 48.9339 0.242694361905 0.245176247619
TA.A07A.z -120.384 49.048 0.24883274359 0.248201435897
TA.L16A.z -111.432 42.0149 0.244770837838 0.242712283784
TA.L56A.z -77.5591 42.1365 0.246315130435 0.24416784058
TA.U34A.z -97.5354 36.4365 0.248601432099 0.249033765432
TA.P14A.z -113.069 39.5906 0.247884112903 0.248409870968
TA.I33A.z -96.7989 44.0475 0.242402545455 0.243236439394
TA.D15A.z -112.52 47.0418 0.249621032258 0.248898564516
TA.X13A.z -113.83 34.5935 0.245967644068 0.250115881356
TA.A05A.z -122.085 48.9983 0.250830811594 0.248546463768
TA.P41A.z -91.0619 39.675 0.242748115942 0.242895565217
TA.R48A.z -85.8714 38.4001 0.247459733333 0.246272933333
TA.S53A.z -82.1264 37.6815 0.245122076923 0.244546910256
TA.K06A.z -120.251 42.7991 0.246082847826 0.248314782609
TA.L47A.z -85.2021 41.9756 0.247906217391 0.247517130435
TA.O56A.z -78.5663 40.2683 0.241137753623 0.244652478261
TA.I41A.z -89.8697 44.0592 0.241374465753 0.24072209589
TA.N07B.z -118.971 40.7797 0.244622190476 0.247334190476
TA.T16A.z -111.506 36.9839 0.243960682927 0.243566109756
TA.136A.z -96.5297 32.4746 0.243389625 0.244018484375
TA.R32A.z -98.7111 38.4225 0.246715602273 0.243402931818
TA.JFWS.z -90.2481 42.9142 0.244458402985 0.243925850746
TA.RSSD.z -104.036 44.1212 0.248831030769 0.251585261538
TA.E34A.z -95.1691 46.5136 0.243885719298 0.24149254386
TA.C03A.z -124.566 47.9475 0.247138878049 0.246395243902
TA.M03C.z -122.122 41.2742 0.241929055556 0.245419722222
TA.O21A.z -107.47 40.2149 0.242041767677 0.242363272727
TA.R56A.z -79.4031 38.4071 0.2437854375 0.24564175
TA.W52A.z -83.9277 35.0935 0.241692549296 0.24148884507
TA.445A.z -90.338 30.7303 0.244633897436 0.247263987179
TA.A25A.z -103.113 48.9388 0.247380738095 0.247464440476
TA.H36A.z -93.9281 44.5775 0.244922025974 0.245624207792
TA.N56A.z -78.2953 40.9171 0.248667742424 0.251975469697
TA.G16A.z -111.805 45.2285 0.243409380282 0.244716690141
TA.X41A.z -92.5137 34.4949 0.246525205479 0.246588589041
TA.V62A.z -75.957 35.5612 0.24301817284 0.243031876543
TA.G23A.z -105.391 45.2012 0.243644960526 0.241528934211
TA.631A.z -100.576 29.4123 0.245504227273 0.245237147727
TA.Z42A.z -91.9474 33.2739 0.245595848485 0.246264363636
TA.P17A.z -110.74 39.473 0.244832011765 0.241890470588
TA.A32A.z -96.4935 48.9172 0.244256038462 0.24696625
TA.B20A.z -108.021 48.4389 0.243853694444 0.241990597222
TA.D26A.z -102.436 47.0301 0.244977622951 0.244109393443
TA.P05C.z -120.608 39.3028 0.248358742857 0.243277828571
TA.P51A.z -83.0601 39.4818 0.243222635417 0.2421190625
TA.A10A.z -117.559 48.9813 0.2450802125 0.2454531625
TA.I15A.z -112.485 43.9997 0.245837059524 0.245961714286
TA.T51A.z -83.9454 36.9655 0.246760126582 0.245420379747
TA.O26A.z -103.313 40.2422 0.24702477907 0.245920674419
TA.K40A.z -91.1383 42.6999 0.243196052632 0.242383671053
TA.P11A.z -115.754 39.553 0.245844973684 0.244811171053
TA.214A.z -112.812 31.9559 0.24811123913 0.247018652174
TA.B12A.z -115.589 48.4694 0.247112942857 0.24712492381
TA.I53A.z -79.5912 43.8238 0.244517206897 0.244529603448
TA.X43A.z -90.8812 34.518 0.247821507246 0.248593028986
TA.124A.z -105.454 32.7001 0.244397443038 0.245958443038
TA.T54A.z -81.5762 37.0608 0.244823448718 0.242158397436
TA.732A.z -99.9707 28.7292 0.244816337662 0.245103896104
TA.T22A.z -106.903 37.0138 0.245650226667 0.2473014
TA.Q37A.z -94.4522 38.8763 0.24591947191 0.24663047191
TA.F19A.z -108.944 45.8538 0.244528511628 0.242187488372
TA.C26A.z -102.096 47.8259 0.242016467742 0.243096532258
TA.J15A.z -112.433 43.3998 0.243591897059 0.247289014706
TA.I23A.z -105.463 43.9605 0.243912678161 0.242832896552
TA.Q48A.z -85.7311 38.9295 0.243025346154 0.243735128205
TA.Z43A.z -91.2441 33.21 0.244123890909 0.248112
TA.Y41A.z -92.6113 33.8807 0.245626727273 0.24620230303
TA.N23A.z -105.944 40.8947 0.245794666667 0.245243821429
TA.133A.z -98.9162 32.6083 0.244619512195 0.244838256098
TA.I38A.z -92.3306 44.0405 0.245298168675 0.245020783133
TA.W19A.z -109.388 35.1118 0.2513425 0.246152712121
TA.J05A.z -121.236 43.2843 0.248310431373 0.246979764706
TA.V05C.z -119.903 35.8667 0.250292121951 0.25030797561
TA.S17A.z -110.802 37.6354 0.246264205128 0.243790358974
TA.J42A.z -89.1234 43.3179 0.244961627119 0.242154525424
TA.Z29A.z -101.706 33.2595 0.245536409836 0.245186016393
TA.M08A.z -118.379 41.4483 0.247231 0.246929275862
TA.KMSC.z -81.3333 35.142 0.246963480392 0.244170813725
TA.O60A.z -75.405 40.3177 0.245602675676 0.244777702703
TA.K11A.z -116.032 42.7713 0.245361069444 0.247638930556
TA.Y50A.z -85.7347 33.8911 0.24511676 0.24545356
TA.Z13A.z -113.657 33.1999 0.246221866667 0.246457733333
TA.228A.z -102.592 32.118 0.243743820896 0.242399328358
TA.060Z.z -80.556 26.4062 0.242871025 0.2415279
TA.134A.z -98.0795 32.5729 0.244550338028 0.246376915493
TA.N63A.z -72.5206 40.9878 0.246574122807 0.247608859649
TA.448A.z -87.8608 30.9309 0.245641238095 0.245758166667
TA.P13A.z -114.016 39.455 0.24813504918 0.248732786885
TA.S49A.z -85.2875 37.7849 0.244011105263 0.242676842105
TA.B17A.z -110.799 48.2921 0.2444165875 0.2428958125
TA.058A.z -81.8049 27.0569 0.242377575758 0.241808227273
TA.T39A.z -93.3774 37.0241 0.243184190476 0.242549666667
TA.N40A.z -91.5837 40.8841 0.247002962264 0.243108056604
TA.T52A.z -82.9852 37.1076 0.243880116667 0.243722883333
TA.R57A.z -78.5232 38.297 0.246148762712 0.246770186441
TA.N53A.z -80.8377 40.8065 0.243853242424 0.243423515152
TA.P25A.z -104.168 39.5125 0.244888012987 0.243248649351
TA.I29A.z -100.303 44.0215 0.245762813333 0.24481124
TA.F42A.z -88.1347 45.7587 0.242496878378 0.242212054054
TA.K52A.z -80.7139 42.7805 0.244674534247 0.24326930137
TA.Q22A.z -106.91 38.8627 0.24527797619 0.243605821429
TA.HDIL.z -89.294 40.5559 0.240958878378 0.239909945946
TA.526A.z -104.09 30.0609 0.244509935897 0.245814769231
TA.857A.z -82.2291 28.267 0.248921018519 0.246169444444
TA.V45A.z -88.9591 35.7403 0.244396203125 0.246038953125
TA.U37A.z -95.1161 36.406 0.24432 0.244558941176
TA.E41A.z -88.9636 46.4643 0.244095588235 0.243005073529
TA.C34A.z -94.9106 47.6501 0.247408238806 0.246641641791
