TA.324A.z -105.483 31.4425 0.2515834 0.2499516
TA.118A.z -109.97 32.6399 0.255750801887 0.255712792453
TA.O10A.z -116.5 40.2917 0.254279339286 0.254776535714
TA.Z17A.z -110.472 33.2969 0.258142449438 0.257843483146
TA.TIGA.z -83.5898 31.4389 0.248101673077 0.245684336538
TA.M11A.z -115.791 41.4311 0.255542894737 0.256083315789
TA.H14A.z -113.367 44.6165 0.258257626168 0.258095102804
TA.F48A.z -82.6185 45.8278 0.243021663717 0.242719380531
TA.L05A.z -120.834 42.0472 0.25713146875 0.25629521875
TA.Q50A.z -83.979 38.8436 0.244368336449 0.243388485981
TA.U15A.z -112.291 36.428 0.255373851485 0.254978386139
TA.B28A.z -100.362 48.4492 0.243729395161 0.243681846774
TA.B05A.z -122.096 48.2641 0.251544931507 0.250241315068
TA.M47A.z -85.6214 41.3594 0.241722466019 0.241655941748
TA.R50A.z -84.3274 38.2816 0.245768527778 0.245602675926
TA.W18A.z -109.736 35.1181 0.253752738318 0.254930728972
TA.M04C.z -121.839 41.7826 0.255751183333 0.255298733333
TA.635A.z -97.7736 29.3877 0.249215282051 0.249096452991
TA.A15A.z -112.733 48.9777 0.245173383178 0.245250233645
TA.EYMN.z -91.4953 47.9462 0.244926625 0.243859107143
TA.Q26A.z -103.52 38.9234 0.249394551402 0.248164084112
TA.K04A.z -121.731 42.6133 0.256188233333 0.25548195
TA.J28A.z -101.236 43.4239 0.246407983193 0.245349058824
TA.E04A.z -122.72 46.5934 0.252393797297 0.250786351351
TA.F07A.z -119.928 45.8951 0.253542646552 0.253523836207
TA.S48A.z -86.0569 37.6574 0.241392670886 0.241921265823
TA.D57A.z -73.8878 47.0172 0.244843452055 0.244198164384
TA.D62A.z -69.0501 47.0819 0.24662256044 0.246398626374
TA.X50B.z -85.6499 34.4611 0.246928485294 0.247021117647
TA.R10A.z -116.302 38.2886 0.256636819672 0.256035360656
TA.F62A.z -69.9664 45.8968 0.247517191781 0.246852136986
TA.LAVA.z -120.74 38.7552 0.257524833333 0.257242893939
TA.U04C.z -120.783 36.3627 0.254037483333 0.25258835
TA.N39A.z -92.5023 40.8776 0.244349105263 0.244126508772
TA.O15A.z -112.469 40.2807 0.256142245902 0.256628360656
TA.K07A.z -119.247 42.6912 0.257635955056 0.257744089888
TA.P52A.z -82.1325 39.6337 0.243915829787 0.242794574468
TA.R38A.z -93.9056 38.1868 0.241628683673 0.240776132653
TA.R53A.z -81.9522 38.3307 0.247065078125 0.24735
TA.Z31A.z -100.144 33.3183 0.245614044776 0.24443280597
TA.K42A.z -89.3457 42.7792 0.241686231579 0.241280168421
TA.H33A.z -96.7434 44.6812 0.245464719298 0.244724008772
TA.241A.z -92.9188 32.0227 0.249816788618 0.249854585366
TA.N55A.z -78.9862 40.7808 0.245483659091 0.244615784091
TA.B06A.z -121.484 48.5183 0.248314849462 0.248538612903
TA.Q25A.z -104.247 38.9145 0.251634478632 0.250666871795
TA.J36A.z -94.3395 43.3292 0.240223232143 0.2401588125
TA.D22A.z -106.18 47.1498 0.247351647619 0.24698092381
TA.L35A.z -95.5448 42.1123 0.2426531 0.242058481818
TA.I37A.z -93.4003 44.0148 0.243285286885 0.24299197541
TA.K46A.z -85.7834 42.6864 0.244685075269 0.243213043011
TA.933A.z -99.2746 27.6133 0.249022900826 0.248357661157
TA.D17A.z -110.687 47.1523 0.248310877193 0.247844701754
TA.Y49A.z -86.4119 33.8577 0.244611010417 0.244805614583
TA.M13A.z -114.165 41.3602 0.255346841121 0.255707308411
TA.R36A.z -95.504 38.3237 0.244661427184 0.243654446602
TA.IRM.z -115.145 34.1574 0.254105387755 0.249420938776
TA.JCT.z -99.8022 30.4794 0.245248654867 0.244877548673
TA.V27A.z -102.836 35.7569 0.251189239583 0.249368520833
TA.J20A.z -108.084 43.3531 0.248163700787 0.247894433071
TA.SNCC.z -119.524 33.2479 0.248844 0.250039888889
TA.Q11A.z -115.654 38.8455 0.256262495868 0.257393710744
TA.H57A.z -75.3905 44.4624 0.245353012048 0.243569578313
TA.233A.z -98.8998 32.0179 0.24790402459 0.245713336066
TA.Y42A.z -91.7871 33.8364 0.247395234783 0.247600973913
TA.O54A.z -80.3778 40.1821 0.24637577551 0.244604765306
TA.226A.z -104.101 32.0618 0.251419923077 0.250868269231
TA.330A.z -101.175 31.4063 0.245996463636 0.244004827273
TA.W34A.z -97.7733 35.2352 0.245327825688 0.244027321101
TA.121A.z -107.785 32.5324 0.256492627119 0.256154618644
TA.733A.z -99.2939 28.7192 0.249224798387 0.249723016129
TA.K09A.z -117.725 42.6996 0.257868489362 0.259307946809
TA.V21A.z -107.638 35.8054 0.254843972477 0.254852733945
TA.TUL1.z -95.7919 35.9104 0.246297647619 0.245594333333
TA.M59A.z -75.4321 41.5413 0.24662766 0.24696103
TA.P16A.z -111.66 39.6092 0.252943811475 0.254403360656
TA.116A.z -111.704 32.5618 0.25383703 0.25518864
TA.G26A.z -102.599 45.2937 0.246070966387 0.244609781513
TA.545A.z -90.4894 30.0441 0.250512181818 0.249589868687
TA.I61A.z -72.2087 43.9323 0.248598612245 0.247246918367
TA.V54A.z -81.9478 35.7771 0.243547473282 0.243541145038
TA.F08A.z -118.777 45.7971 0.253539431193 0.251846926606
TA.K35A.z -95.2328 42.7218 0.242443142857 0.242052657143
TA.R31A.z -99.5271 38.2888 0.245626247619 0.24553647619
TA.W15A.z -112.267 35.1787 0.257513422018 0.259183972477
TA.428A.z -102.685 30.7263 0.247327922414 0.247034431034
TA.M54A.z -79.6647 41.5079 0.243664730769 0.242412913462
TA.BLA.z -80.4205 37.2113 0.245471966667 0.245009725
TA.D05A.z -121.989 47.1881 0.252057247059 0.251364341176
TA.154A.z -83.1066 32.6131 0.245247125 0.244232348214
TA.N25A.z -104.087 40.8132 0.248165371681 0.247453150442
TA.I28A.z -101.169 43.9996 0.24375262069 0.24221062931
TA.R18A.z -109.894 38.3862 0.251525118182 0.250074472727
TA.D14A.z -113.506 47.0816 0.248468328859 0.247414248322
TA.E36A.z -93.2557 46.5177 0.241206259615 0.239788259615
TA.I59A.z -73.8744 43.7957 0.248360097087 0.24745531068
TA.345A.z -90.0309 31.308 0.24979147541 0.249293557377
TA.E47A.z -83.2777 46.4547 0.24211379798 0.242982
TA.G15A.z -112.489 45.166 0.251109291139 0.250553734177
TA.542A.z -92.5513 30.1247 0.249615657143 0.249006361905
TA.127A.z -103.357 32.6764 0.249424972727 0.248533645455
TA.F44A.z -86.4226 45.9737 0.244162807229 0.243525807229
TA.C31A.z -97.7336 47.7927 0.241169766355 0.240639476636
TA.Y40A.z -93.2798 34.0124 0.24899988785 0.248192560748
TA.IBP.z -116.093 32.6611 0.25993 0.255852
TA.IBP.z -116.093 32.6612 0.257590636364 0.256881454545
TA.X20A.z -108.498 34.5421 0.254508675676 0.25518954955
TA.M43A.z -88.9581 41.4365 0.242510678161 0.242158758621
TA.G32A.z -97.4994 45.2555 0.242297955752 0.241840477876
TA.E55A.z -76.0572 46.4538 0.241538305882 0.241690411765
TA.OXF.z -89.4092 34.5118 0.246193063492 0.244899015873
TA.456A.z -82.0223 30.7248 0.247210916667 0.246445222222
TA.V53A.z -82.8124 35.6694 0.245669601942 0.245766650485
TA.U49A.z -85.7796 36.5129 0.246932039216 0.24523622549
TA.H59A.z -73.6905 44.6455 0.248480884211 0.248235778947
TA.Y17A.z -110.844 33.6953 0.257322846154 0.256023375
TA.D24A.z -104.327 47.1152 0.247402745283 0.246609443396
TA.MUR.z -117.195 33.6 0.248857770833 0.248332083333
TA.P33A.z -97.6946 39.4363 0.24473553211 0.24624566055
TA.N48A.z -85.0271 40.8591 0.24395095098 0.24329845098
TA.LBNH.z -71.9259 44.2401 0.242770847059 0.242649035294
TA.K37A.z -93.6388 42.7669 0.242365811966 0.241317820513
TA.G08A.z -118.96 45.2904 0.252856070175 0.252454640351
TA.M19A.z -109.157 41.5047 0.247974765766 0.246063594595
TA.F20A.z -108.149 45.8006 0.247223748031 0.245817425197
TA.D37A.z -92.4262 47.1581 0.241610794643 0.241470080357
TA.I58A.z -74.9733 43.6901 0.247332402062 0.247128835052
TA.ACSO.z -82.982 40.2319 0.245979601504 0.245832804511
TA.W24A.z -105.408 35.2106 0.251706166667 0.252531546296
TA.X46A.z -88.5844 34.5564 0.245362685393 0.244237932584
TA.F58A.z -73.8145 45.8663 0.244668490566 0.243229735849
TA.CCM.z -91.2446 38.0557 0.245194870968 0.242453935484
TA.758A.z -81.1996 28.9621 0.245055578947 0.244935934211
TA.P50A.z -83.7988 39.6086 0.243396054054 0.242742612613
TA.U16A.z -111.13 36.1428 0.254678448 0.254666336
TA.I12A.z -115.133 43.7945 0.255053542373 0.255605194915
TA.SBC.z -119.715 34.4408 0.252709609756 0.252378926829
TA.A11A.z -116.363 48.958 0.250062404255 0.251867255319
TA.C25A.z -103.256 47.7124 0.244796457944 0.244533280374
TA.Y30A.z -100.898 33.8766 0.248978316832 0.248647732673
TA.G33A.z -96.4383 45.1946 0.241922869159 0.242115345794
TA.P42A.z -90.3443 39.5853 0.24439309 0.243449
TA.D61A.z -70.1868 47.2022 0.24722827 0.24684333
TA.M60A.z -74.625 41.3265 0.247141783505 0.245832618557
TA.D41A.z -88.5657 47.0605 0.243237860465 0.242010534884
TA.M07A.z -119.171 41.3884 0.258876414894 0.25847
TA.A27A.z -101.241 48.9533 0.248904909836 0.246609729508
TA.M10A.z -116.54 41.522 0.255536841667 0.257043491667
TA.AMTX.z -101.681 34.8837 0.247586649123 0.247765596491
TA.J14A.z -113.518 43.3234 0.255637944954 0.256555899083
TA.R25A.z -104.283 38.1474 0.251462618182 0.251003209091
TA.I04A.z -122.411 43.7941 0.252776373134 0.252374701493
TA.B27A.z -101.26 48.4044 0.244878440367 0.244056889908
TA.A22A.z -105.915 48.9926 0.245078558824 0.244913745098
TA.K20A.z -108.342 42.6579 0.248588927273 0.247822627273
TA.U43A.z -90.4057 36.3693 0.244892842697 0.243764516854
TA.SCI2.z -118.547 32.9799 0.253009916667 0.251748416667
TA.G60A.z -72.3337 45.0977 0.248341907216 0.248164680412
TA.D33A.z -95.8448 47.1404 0.239728835165 0.241106516484
TA.I25A.z -103.732 44.0196 0.246755632479 0.246480700855
TA.859A.z -80.8984 28.0592 0.246451284314 0.245292852941
TA.V44A.z -89.8954 35.8282 0.24287404 0.24295275
TA.X23A.z -106.188 34.581 0.253609412844 0.25269459633
TA.120A.z -108.633 32.5466 0.255068634783 0.254903895652
TA.J58A.z -75.2852 43.3603 0.246688455446 0.246181346535
TA.O31A.z -99.3261 40.1521 0.245408276423 0.244355569106
TA.J54A.z -78.6392 43.2728 0.246099642857 0.244841583333
TA.DWPF.z -81.4327 28.1103 0.243476785714 0.243945795918
TA.142A.z -91.9457 32.5488 0.249419091667 0.249618175
TA.S45A.z -88.5804 37.6774 0.244782060345 0.244677310345
TA.Y25A.z -104.693 33.9229 0.250833607477 0.250738084112
TA.ABTX.z -99.6431 32.6238 0.246340299363 0.245509566879
TA.T15A.z -112.382 37.0183 0.253189406504 0.252894178862
TA.T48A.z -86.3943 37.1094 0.245640218391 0.244577402299
TA.F23A.z -105.406 45.7212 0.24425845 0.24423805
TA.P10A.z -116.464 39.6202 0.254117322314 0.25411585124
TA.E58A.z -73.2771 46.3721 0.245933412371 0.244284659794
TA.151A.z -85.3267 32.5269 0.24412117284 0.245207765432
TA.J23A.z -105.552 43.4036 0.248062577982 0.246974165138
TA.T60A.z -76.7349 37.1397 0.244146588785 0.244517794393
TA.D58A.z -72.8826 47.0954 0.244695711111 0.244501288889
TA.R27A.z -102.798 38.2859 0.249000720721 0.24866027027
TA.ERPA.z -79.9891 42.1175 0.244254457944 0.244071579439
TA.C16A.z -111.746 47.8012 0.249044868421 0.24845395614
TA.BGNE.z -98.1502 41.4083 0.245037093168 0.244643956522
TA.GLA.z -114.827 33.0515 0.25446345 0.254530575
TA.O32A.z -98.2764 40.261 0.245682566929 0.244412834646
TA.Z37A.z -95.6229 33.1981 0.248651219178 0.24728860274
TA.D25A.z -103.32 47.1508 0.247400715686 0.247032372549
TA.L30A.z -99.7196 41.9492 0.24482859375 0.245218947917
TA.G10A.z -117.12 45.2925 0.249741878505 0.250270065421
TA.J33A.z -96.9667 43.3185 0.243455333333 0.242505908333
TA.W39A.z -93.784 35.196 0.24616603252 0.246666821138
TA.H56A.z -76.2594 44.593 0.248364181818 0.246631215909
TA.Y23A.z -106.055 33.9315 0.253207057692 0.252968711538
TA.V43A.z -90.5443 35.7857 0.243935419355 0.243788913978
TA.638A.z -95.4481 29.4193 0.247261431373 0.246965098039
TA.DVT.z -116.101 32.6591 0.2419245 0.2449195
TA.V56A.z -80.4963 35.8097 0.24558662931 0.244484181034
TA.N52A.z -81.6876 40.8125 0.243934201835 0.243011853211
TA.S61A.z -75.6727 37.6804 0.244493474747 0.244896161616
TA.D50A.z -79.8412 47.1668 0.243132323077 0.243367323077
TA.LAO.z -106.223 46.6885 0.25183369697 0.251535212121
TA.450A.z -86.5863 30.8038 0.245233635294 0.245180894118
TA.F55A.z -76.351 45.8338 0.242671309524 0.242580714286
TA.N41A.z -90.8552 40.7077 0.242652886598 0.241685268041
TA.G11A.z -116.268 45.3997 0.249185089286 0.248693517857
TA.M53A.z -80.675 41.4393 0.244796846847 0.243680558559
TA.252A.z -84.7357 31.9962 0.246359252525 0.244444212121
TA.I20A.z -108.128 43.9496 0.248735696296 0.246779459259
TA.X35A.z -96.9731 34.3995 0.246564265487 0.245954389381
TA.833A.z -99.3939 28.3236 0.2484528 0.248370083333
TA.I49A.z -82.8246 43.94 0.243211971429 0.242814742857
TA.P36A.z -95.206 39.6204 0.2442014 0.243963033333
TA.T14A.z -113.084 37.0615 0.253580188525 0.255146934426
TA.129A.z -101.866 32.6309 0.247489907407 0.245425222222
TA.O55A.z -79.3041 40.2076 0.246050694118 0.243819305882
TA.LRL.z -117.682 35.4795 0.247333888889 0.245927361111
TA.334A.z -98.2379 31.3325 0.24594190625 0.244441140625
TA.W21A.z -107.648 35.117 0.254392587156 0.255451651376
TA.Z50A.z -85.9226 33.254 0.243860554054 0.245239108108
TA.Z21A.z -107.671 33.3086 0.254824035714 0.25449947619
TA.V23A.z -106.183 35.7452 0.252481126126 0.251792522523
TA.D29A.z -99.5957 47.0605 0.244397386555 0.243824563025
TA.W38A.z -94.5184 35.0704 0.246032017391 0.245527226087
TA.F13A.z -114.332 45.7893 0.251502714286 0.25036825974
TA.Y47A.z -87.8494 33.9025 0.244104563636 0.243384636364
TA.V40A.z -92.8232 35.8044 0.244699627273 0.244803345455
TA.Q40A.z -92.0748 38.9946 0.24194645283 0.241844943396
TA.E05A.z -121.761 46.5605 0.249502123077 0.250004876923
TA.M50A.z -83.0428 41.4035 0.2444796 0.242883027273
TA.W16A.z -111.532 35.0951 0.255769 0.257434466667
TA.F14A.z -113.37 45.8122 0.250833376712 0.250584123288
TA.D28A.z -100.569 47.1929 0.244450856 0.243859544
TA.Y27A.z -103.163 33.8839 0.251269673267 0.25042939604
TA.J27A.z -102.007 43.2526 0.246200669811 0.246060971698
TA.556A.z -82.4057 30.0015 0.246954321429 0.2470745
TA.J37A.z -93.5527 43.3103 0.242671806723 0.24191110084
TA.231A.z -100.316 31.9353 0.2452264375 0.243753625
TA.145A.z -89.9287 32.6035 0.247841991453 0.247123401709
TA.627A.z -103.389 29.4528 0.25082302521 0.250533714286
TA.C11A.z -116.256 47.8397 0.249065806818 0.249060340909
TA.W33A.z -98.4686 35.1518 0.245340432432 0.244796153153
TA.E60A.z -71.4469 46.3689 0.248366958763 0.246746721649
TA.G17A.z -110.74 45.3212 0.250770712871 0.251471534653
TA.439A.z -94.766 30.7937 0.249752323529 0.249182186275
TA.K24A.z -104.815 42.7225 0.248188429752 0.247929446281
TA.CIA.z -118.415 33.4019 0.24879375 0.2491195
TA.Y45A.z -89.5431 33.8656 0.244739366337 0.243488772277
TA.H16A.z -111.248 44.7038 0.25212238835 0.252759980583
TA.C24A.z -104.425 47.5302 0.246946027523 0.247240082569
TA.Y39A.z -94.0936 33.938 0.24664854955 0.246446990991
TA.S41A.z -91.7458 37.5877 0.243709171429 0.24162792381
TA.F52A.z -79.3227 45.7951 0.242829478261 0.242752782609
TA.MNTX.z -105.382 31.6985 0.2610568 0.2566684
TA.Q39A.z -92.9759 39.0455 0.242099147059 0.240943029412
TA.GMR.z -115.66 34.7846 0.255218833333 0.255293238095
TA.F06A.z -120.782 45.7664 0.256108756098 0.257407914634
TA.V48A.z -86.8219 35.74 0.245422072072 0.243696396396
TA.K23A.z -105.625 42.7546 0.24649566055 0.246343779817
TA.E20A.z -108.13 46.5038 0.247190663636 0.246858336364
TA.H32A.z -97.4363 44.5041 0.2414082 0.241141781818
TA.K21A.z -107.251 42.6332 0.246869359223 0.246647456311
TA.M35A.z -95.6945 41.4665 0.243365681416 0.243298814159
TA.A18A.z -109.846 48.9198 0.248909540816 0.247540653061
TA.W49A.z -86.2645 35.1194 0.2444464 0.2447563
TA.329A.z -101.981 31.487 0.245688869159 0.245093523364
TA.J02A.z -123.575 43.3654 0.252536557377 0.252311098361
TA.N12A.z -115.039 40.8522 0.255107895652 0.255185626087
TA.K32A.z -97.9723 42.6597 0.245525557692 0.245373038462
TA.436A.z -96.796 30.7702 0.249353095652 0.250130721739
TA.636A.z -97.057 29.481 0.247536761905 0.248884819048
TA.O36A.z -94.9645 40.1315 0.245140486239 0.244564321101
TA.138A.z -95.0887 32.6604 0.251566552632 0.25008545614
TA.P31A.z -99.3783 39.5211 0.245039850467 0.244901205607
TA.X58A.z -79.3388 34.5548 0.244488244186 0.243949383721
TA.Y52A.z -84.0626 33.864 0.244441193878 0.243698622449
TA.339A.z -94.556 31.3331 0.249056085714 0.249164352381
TA.X38A.z -94.8288 34.6692 0.249133443396 0.247819235849
TA.S25A.z -104.435 37.6606 0.25092314 0.25174836
TA.I30A.z -99.4262 43.9143 0.246533424242 0.247021222222
TA.R20A.z -108.379 38.1888 0.253471954955 0.253598873874
TA.W43A.z -90.7061 35.0877 0.243940445783 0.244540686747
TA.G20A.z -108.214 45.2202 0.248406341667 0.247193733333
TA.F04A.z -122.419 45.9325 0.251873530864 0.251853037037
TA.H08A.z -118.67 44.5191 0.254397369748 0.255169705882
TA.L42A.z -89.667 42.004 0.243710584158 0.242699445545
TA.115A.z -112.228 32.7006 0.25206777 0.25521934
TA.N51A.z -82.3748 40.9183 0.243310220588 0.242625029412
TA.SWS.z -115.8 32.9451 0.248456844444 0.250546111111
TA.M15A.z -112.448 41.4632 0.250741036496 0.249597372263
TA.C14A.z -113.747 47.7687 0.248663272152 0.248089677215
TA.B31A.z -97.6495 48.4236 0.240917764706 0.241465519608
TA.O47A.z -86.1742 40.2361 0.245212906977 0.244429837209
TA.L32A.z -98.008 42.0045 0.24586837037 0.244504240741
TA.L46A.z -86.2955 42.0127 0.242074265306 0.24163822449
TA.114A.z -112.883 32.7513 0.256296092593 0.256837703704
TA.527A.z -103.612 30.1456 0.25046487156 0.251285972477
TA.D10A.z -117.276 47.0547 0.250820138889 0.25004637037
TA.U61A.z -76.4464 36.3319 0.245060579439 0.244617672897
TA.E12A.z -115.571 46.4151 0.250062793478 0.248597771739
TA.G34A.z -95.638 45.2419 0.241314945455 0.240957081818
TA.Y24A.z -105.436 33.9257 0.25016723301 0.250077825243
TA.C23A.z -105.184 47.8026 0.246304596154 0.246047461538
TA.M64A.z -71.2102 41.5509 0.246112202381 0.245236833333
TA.D27A.z -101.525 47.1081 0.243394353982 0.243665681416
TA.Z28A.z -102.387 33.2884 0.246550102564 0.244004948718
TA.E40A.z -89.8991 46.4446 0.243726411765 0.242629082353
TA.I40A.z -90.6177 43.8916 0.244118270833 0.244099625
TA.I39A.z -91.5231 43.8543 0.243241107527 0.242441731183
TA.232A.z -99.6469 31.888 0.249391232143 0.246701133929
TA.M28A.z -101.371 41.3956 0.246580009174 0.245086678899
TA.S52A.z -83.0784 37.6791 0.244781560345 0.244146896552
TA.Z34A.z -97.9158 33.3712 0.246167270588 0.245803635294
TA.347A.z -88.5412 31.4017 0.246172320388 0.246971135922
TA.X54A.z -82.3743 34.5474 0.245867379032 0.245463387097
TA.W60A.z -77.7133 35.0528 0.245746990385 0.245852673077
TA.530A.z -101.338 30.1489 0.247369113043 0.24823933913
TA.M56A.z -78.1826 41.4837 0.24531676699 0.243239407767
TA.I64A.z -69.6347 43.9197 0.244996853933 0.244716494382
TA.O48A.z -85.1553 40.2571 0.242376914286 0.242684228571
TA.S34A.z -97.1111 37.7009 0.243503533898 0.242794110169
TA.J30A.z -99.4922 43.3248 0.245812212598 0.245628472441
TA.O17A.z -110.738 40.1948 0.251456607843 0.250678078431
TA.I36A.z -94.0143 44.0191 0.242440729508 0.242214491803
TA.L58A.z -75.8502 42.0447 0.246429180952 0.245314028571
TA.I19A.z -108.994 44.0363 0.247195671875 0.247074617188
TA.K26A.z -103.178 42.7016 0.249203230088 0.247957778761
TA.533A.z -99.0351 30.0718 0.24570297541 0.245783188525
TA.R06C.z -119.451 38.5226 0.256740797872 0.256402680851
TA.U48A.z -86.5402 36.5107 0.244999268817 0.244174322581
TA.246A.z -89.1286 32.0143 0.24645375 0.245824955357
TA.X18A.z -109.95 34.5293 0.255407508621 0.257333534483
TA.217A.z -110.816 31.7748 0.25540078 0.25435375
TA.K60A.z -73.8886 42.6168 0.247442141414 0.248575222222
TA.656A.z -82.5348 29.3689 0.246072980583 0.247042339806
TA.C10A.z -117.308 47.8192 0.247603883495 0.246925660194
TA.J41A.z -90.0137 43.3655 0.243684735043 0.243176478632
TA.E63A.z -68.422 46.422 0.244046032967 0.244534978022
TA.S33A.z -98.0016 37.5936 0.24740208547 0.24648574359
TA.F35A.z -94.5734 45.858 0.240803790909 0.240027572727
TA.V12A.z -114.851 35.7266 0.257450327273 0.256465890909
TA.O06A.z -119.827 40.165 0.257005265823 0.258222113924
TA.T47A.z -87.1055 36.9881 0.245924626374 0.244869
TA.F10A.z -117.228 45.9734 0.248147857143 0.247761428571
TA.M30A.z -99.8723 41.5371 0.244460923077 0.245030394231
TA.P27A.z -102.578 39.5559 0.24832590625 0.247236427083
TA.Q33A.z -97.8327 38.9982 0.246466420561 0.245547439252
TA.N33A.z -97.4506 40.7384 0.242330028846 0.241868961538
TA.K61A.z -73.2676 42.6695 0.246344927835 0.24797942268
TA.Q38A.z -93.6182 38.9609 0.243065254902 0.242180941176
TA.M31A.z -98.9766 41.344 0.2420786 0.242920327273
TA.P35A.z -96.0188 39.5286 0.24290818 0.24355341
TA.M44A.z -88.0432 41.3882 0.241023155556 0.2411623
TA.156A.z -81.495 32.6542 0.245876396396 0.244915414414
TA.Z14A.z -112.946 33.3627 0.257632945455 0.255526681818
TA.SCIA.z -93.2153 41.9069 0.24105197619 0.241404
TA.D18A.z -109.802 47.1961 0.250500294643 0.25036225
TA.125A.z -104.657 32.6588 0.247504135135 0.248734162162
TA.P57A.z -78.0126 39.4835 0.245323733945 0.244947669725
TA.X27A.z -103.097 34.6469 0.25142087037 0.251530194444
TA.X52A.z -83.8938 34.6032 0.245610815534 0.244296757282
TA.K34A.z -96.0957 42.6865 0.242140971154 0.241214519231
TA.I60A.z -73.2916 43.844 0.245956762376 0.245730316832
TA.L37A.z -93.7546 42.1246 0.242096432692 0.240681240385
TA.W37B.z -95.4316 35.139 0.248506923077 0.247761630769
TA.Z59A.z -79.278 33.2414 0.229599 0.243009
TA.Q46A.z -87.3575 39.0231 0.244691439024 0.24297304878
TA.433A.z -99.091 30.7544 0.247326382812 0.245866320312
TA.P58A.z -77.3005 39.4891 0.244642897959 0.244481163265
TA.E39A.z -90.5557 46.3777 0.241353868421 0.240314381579
TA.R22A.z -106.756 38.2289 0.253279616667 0.2532449
TA.K33A.z -97.0012 42.6052 0.244942788462 0.244291394231
TA.Q15A.z -112.379 38.9995 0.255590009901 0.257043405941
TA.B22A.z -105.996 48.3008 0.246320505263 0.245845094737
TA.M46A.z -86.3524 41.4079 0.246706865854 0.245370463415
TA.Y43A.z -90.9285 33.9121 0.246051364486 0.244967747664
TA.V03C.z -121.236 36.0214 0.251862030303 0.251253712121
TA.A21A.z -106.925 48.9912 0.24823334375 0.247360947917
TA.341A.z -93.1681 31.3334 0.247736469565 0.248089556522
TA.L09A.z -117.667 42.0192 0.254912909091 0.256385454545
TA.K17A.z -110.92 42.7507 0.24991937234 0.246612138298
TA.254A.z -83.2905 31.9457 0.246273350877 0.245999491228
TA.J47A.z -84.8214 43.2382 0.245412196078 0.244158833333
TA.O08A.z -118.155 40.2903 0.258783962963 0.256870641975
TA.Q52A.z -82.2669 38.9622 0.245212973333 0.245603286667
TA.ISA.z -118.474 35.6628 0.251037684211 0.250416894737
TA.M52A.z -81.357 41.5405 0.244288709091 0.243450754545
TA.W41A.z -92.2478 35.1736 0.247103928571 0.246104464286
TA.WCI.z -86.2939 38.2289 0.244666226667 0.243908813333
TA.I09A.z -117.741 43.9733 0.253919226087 0.254258773913
TA.C36A.z -92.8378 47.758 0.244451261682 0.244428037383
TA.320A.z -108.528 31.3369 0.253475964602 0.253391522124
TA.128A.z -102.485 32.6213 0.246763066038 0.24538245283
TA.Q58A.z -77.682 38.9413 0.248515421053 0.247183078947
TA.AAM.z -83.6567 42.3012 0.244275679612 0.244935427184
TA.BFS.z -117.659 34.2388 0.252308078947 0.254691578947
TA.M39A.z -92.1725 41.4786 0.240924090909 0.241396163636
TA.H02A.z -124 44.6764 0.252246347222 0.252628263889
TA.Q19A.z -109.263 38.9553 0.250153119266 0.249336522936
TA.M61A.z -73.7673 41.3104 0.244866181818 0.244010373737
TA.F60A.z -71.9514 45.9688 0.246140072165 0.24531043299
TA.T38A.z -94.293 37.0354 0.241619627451 0.240786627451
TA.T13A.z -113.907 37.0195 0.256480964602 0.258257628319
TA.216A.z -111.457 32.0022 0.254402166667 0.254144627451
TA.T50A.z -84.8384 37.0204 0.246041504587 0.244958862385
TA.L24A.z -104.933 42.0432 0.2478472 0.246112863636
TA.V50A.z -85.1 35.6713 0.243690783505 0.242907453608
TA.NHSC.z -80.1778 33.1067 0.242132851852 0.241940851852
TA.ISCO.z -105.613 39.7997 0.244238125 0.2431315625
TA.E43A.z -86.9954 46.3758 0.244232963303 0.243810743119
TA.E59A.z -72.5108 46.4803 0.244179068182 0.243467715909
TA.P08A.z -118.08 39.6946 0.261797105882 0.261261058824
TA.V51A.z -84.3511 35.8033 0.24374585 0.24312607
TA.U12A.z -114.539 36.4321 0.257164672897 0.257294037383
TA.218A.z -110.046 31.9737 0.254790495327 0.254873242991
TA.G21A.z -107.207 45.225 0.249038636364 0.247949123967
TA.T37A.z -94.9176 37.123 0.248095647619 0.246651657143
TA.K38A.z -92.7709 42.6472 0.243683938053 0.24298400885
TA.X36A.z -96.352 34.5704 0.246373531532 0.247044288288
TA.Y21A.z -107.674 34.0087 0.254429898148 0.254683416667
TA.S12A.z -114.849 37.6083 0.258281256637 0.257084097345
TA.Q49A.z -84.8956 39.005 0.244526955357 0.243396991071
TA.I35A.z -94.9829 43.8565 0.243036076923 0.241698709402
TA.T40A.z -92.5193 37.1504 0.243264726415 0.24277954717
TA.U28A.z -102.224 36.3793 0.250591808989 0.249056078652
TA.D36A.z -93.1645 47.1765 0.243481585586 0.242368324324
TA.Y15A.z -112.333 33.9535 0.258042701923 0.258071163462
TA.V33A.z -98.2862 35.8209 0.246919267327 0.246384752475
TA.PDM.z -114.142 34.3034 0.249019930233 0.24927055814
TA.W50A.z -85.3119 35.2002 0.245019072165 0.244757938144
TA.R14A.z -113.021 38.2987 0.256261 0.256140368421
TA.Q04C.z -121.377 38.839 0.255523742424 0.256090060606
TA.F38A.z -91.8775 45.9588 0.2429689 0.242892344444
TA.E15A.z -112.641 46.4246 0.251000535948 0.251386464052
TA.S26A.z -103.471 37.6216 0.24755800885 0.247584070796
TA.Q36A.z -95.4609 38.9612 0.243103169811 0.24317204717
TA.S57A.z -78.9536 37.7605 0.248635084211 0.247727157895
TA.Y48A.z -87.1696 33.9131 0.244078098765 0.243136641975
TA.C21A.z -107.096 47.8264 0.249111781818 0.247371363636
TA.S38A.z -93.9078 37.6304 0.243195513274 0.242113584071
TA.Z58A.z -79.8129 33.3349 0.241759058824 0.241714117647
TA.R33A.z -97.9842 38.3081 0.247221034188 0.246183692308
TA.H09A.z -117.664 44.6653 0.252870233645 0.254140906542
TA.E14A.z -113.493 46.4162 0.250968657343 0.251284496503
TA.T41A.z -91.7636 37.0436 0.246146982906 0.245002042735
TA.F17A.z -110.659 45.9054 0.251338867257 0.250602469027
TA.D08A.z -118.921 47.0573 0.252101088496 0.252382079646
TA.331A.z -100.427 31.3085 0.245688707547 0.244386075472
TA.Q20A.z -108.296 38.9541 0.253554504274 0.253146
TA.EDW2.z -117.994 34.8811 0.249408386364 0.248684340909
TA.G24A.z -104.416 45.328 0.24777025 0.24669871
TA.R09A.z -117.072 38.2397 0.252061554348 0.25139876087
TA.T33A.z -98.2444 37.0824 0.247802982143 0.247278133929
TA.Z38A.z -94.9851 33.2599 0.248246732394 0.247246521127
TA.N59A.z -75.7703 40.9168 0.243930822222 0.2439164
TA.Q31A.z -99.395 39.0048 0.246740203704 0.246219268519
TA.H35A.z -94.8311 44.6985 0.242951064815 0.243249907407
TA.N31A.z -98.9544 40.8235 0.245441564516 0.244946112903
TA.Y46A.z -88.8577 33.8828 0.243634894737 0.242428359649
TA.F57A.z -74.6928 45.8122 0.245376340206 0.244502649485
TA.K13A.z -114.084 42.6493 0.258283696429 0.259927285714
TA.U18A.z -109.87 36.4199 0.253448191304 0.253161
TA.I51A.z -81.0231 43.8036 0.243329212121 0.242525414141
TA.F12A.z -115.255 45.7565 0.251727798742 0.249882937107
TA.255A.z -82.4758 31.9263 0.247162712963 0.246405953704
TA.W45A.z -89.186 35.1568 0.24400045045 0.243299837838
TA.D55A.z -75.4732 47.019 0.242485244186 0.241234581395
TA.U17A.z -110.662 36.5996 0.253200219512 0.254145308943
TA.Z49A.z -86.5311 33.1942 0.242213581081 0.242387
TA.K05A.z -120.893 42.7258 0.256616318841 0.257170927536
TA.H05A.z -121.227 44.6473 0.254701323944 0.253102535211
TA.E52A.z -78.6569 46.2851 0.240312176471 0.240746735294
TA.MSTX.z -102.772 33.9696 0.251093614865 0.249837168919
TA.N20A.z -108.263 40.8338 0.25190268254 0.251146039683
TA.G14A.z -113.46 45.2432 0.252879437086 0.251387827815
TA.L27A.z -102.315 42.0837 0.246405181818 0.245473881818
TA.F61A.z -70.9921 45.9743 0.247008413793 0.246229494253
TA.I48A.z -83.7022 44.1873 0.24304675 0.242533
TA.243A.z -91.4827 31.8803 0.250049425 0.249756408333
TA.626A.z -104.133 29.554 0.250929543103 0.25086462069
TA.M09A.z -117.45 41.423 0.255648452632 0.257250421053
TA.E08A.z -119.06 46.4911 0.254854315315 0.255032198198
TA.Q55A.z -80.0812 38.9952 0.247118567568 0.250266153153
TA.V28A.z -102.224 35.7505 0.251149388889 0.250264527778
TA.U21A.z -107.658 36.4277 0.252470635417 0.252516895833
TA.O38A.z -93.4731 40.1215 0.244059982301 0.243069451327
TA.K18A.z -110.042 42.6372 0.247837505882 0.246024705882
TA.438A.z -95.4741 30.75 0.249526716981 0.249367066038
TA.U36A.z -95.7325 36.3927 0.244369319588 0.245706969072
TA.Y38A.z -94.7311 33.9278 0.245889585586 0.245917054054
TA.G07A.z -119.669 45.2664 0.253317291667 0.252997677083
TA.U57A.z -79.3364 36.4319 0.24635450495 0.243905247525
TA.V58A.z -79.115 35.794 0.245952067416 0.245409460674
TA.F11A.z -116.155 45.8883 0.24833552 0.24767545
TA.O45A.z -87.7244 40.2489 0.241688032258 0.241506526882
TA.C32A.z -96.5281 47.8255 0.238797358696 0.238298206522
TA.U19A.z -109.208 36.2925 0.253312546875 0.251956984375
TA.H31A.z -98.4772 44.4795 0.2416428 0.241689333333
TA.238A.z -95.1203 32.0034 0.247609633663 0.250538306931
TA.337A.z -95.8854 31.3159 0.247708603448 0.248392353448
TA.E23A.z -105.306 46.4978 0.245939701923 0.245805875
TA.J60A.z -73.4212 43.2438 0.247428757576 0.247964656566
TA.541A.z -93.1875 30.0596 0.248146685185 0.247536092593
TA.H64A.z -69.2203 44.6412 0.252148818182 0.250633795455
TA.S15A.z -112.363 37.6761 0.251431284404 0.252135697248
TA.H60A.z -72.6986 44.5606 0.248991193878 0.248928857143
TA.Q14A.z -113.277 38.9882 0.25772325 0.258319104167
TA.M48A.z -84.7171 41.4846 0.240935168142 0.240755530973
TA.S21A.z -107.792 37.662 0.253128504425 0.252624522124
TA.F16A.z -111.626 45.7843 0.252987342857 0.25259712381
TA.W57A.z -79.9928 35.1529 0.243801070707 0.243447969697
TA.I55A.z -77.6817 44.2161 0.246293160494 0.245086481481
TA.Y57A.z -80.3915 34.017 0.245162471154 0.245091067308
TA.W44A.z -89.8161 35.1395 0.243192305556 0.243698916667
TA.R37A.z -94.8294 38.3133 0.245200464646 0.243837444444
TA.L25A.z -103.966 42.1548 0.248807357143 0.246628303571
TA.V30A.z -100.689 35.7623 0.250939925926 0.24905112963
TA.R41A.z -91.3795 38.2976 0.243278416667 0.243427821429
TA.R34A.z -97.247 38.3008 0.243399944444 0.242213592593
TA.G35A.z -94.4855 45.2199 0.241815990196 0.242063382353
TA.G22A.z -106.292 45.2189 0.246109170213 0.245512170213
TA.F28A.z -100.8 45.8485 0.243625612245 0.242644173469
TA.X33A.z -98.5006 34.541 0.245766965217 0.245745286957
TA.P60A.z -75.6358 39.8113 0.245946540816 0.244913418367
TA.M29A.z -100.689 41.4441 0.246762877358 0.24758545283
TA.ELFS.z -120.728 40.6183 0.254036949153 0.254745728814
TA.U22A.z -106.855 36.3773 0.252582055046 0.253281944954
TA.Q51A.z -83.3456 39.026 0.246253633333 0.244756633333
TA.K59A.z -74.8525 42.775 0.246604010101 0.246090636364
TA.W22A.z -106.867 35.0719 0.252737839286 0.253394946429
TA.U39A.z -93.4805 36.3823 0.244114245455 0.243632472727
TA.S39A.z -93.3226 37.691 0.242389150442 0.242363654867
TA.529A.z -102.22 30.1246 0.249066171171 0.249861873874
TA.G53A.z -78.6237 45.1222 0.240354171053 0.240041789474
TA.BC3.z -115.454 33.6552 0.25655152381 0.256138619048
TA.M37A.z -94.0575 41.4028 0.242555540541 0.242007477477
TA.S18A.z -109.995 37.6903 0.253800115044 0.252748477876
TA.S60A.z -76.6535 37.7055 0.246338155963 0.245823981651
TA.S35A.z -96.319 37.6821 0.244330570093 0.243737850467
TA.J35A.z -95.2078 43.3655 0.242605733333 0.240717819048
TA.E56A.z -75.0341 46.5436 0.244495211111 0.242681122222
TA.Q43A.z -89.6991 38.941 0.2448631875 0.244442098214
TA.432A.z -99.7937 30.8755 0.249399394495 0.247365045872
TA.E28A.z -100.693 46.5748 0.24522581982 0.244298081081
TA.A31A.z -97.1888 48.932 0.244849708738 0.244643553398
TA.A04A.z -122.707 48.7197 0.258782973333 0.257951346667
TA.O27A.z -102.479 40.19 0.249846254902 0.248954519608
TA.N13A.z -114.204 40.8556 0.257071347826 0.257141547826
TA.O22A.z -106.547 40.1618 0.251049601695 0.251515194915
TA.E54A.z -77.1869 46.4339 0.241062136364 0.241519848485
TA.L59A.z -75.0426 42.1902 0.246249207547 0.246614226415
TA.U05C.z -120.12 36.3356 0.251432865385 0.248758076923
TA.V19A.z -109.046 35.7147 0.252429791667 0.252381241667
TA.J32A.z -97.8476 43.3719 0.241912558559 0.241775540541
TA.Y28A.z -102.248 33.9086 0.250159192308 0.249030605769
TA.X19A.z -109.29 34.4275 0.254197926829 0.255051756098
TA.X16A.z -111.441 34.4178 0.25762981982 0.258894765766
TA.M18A.z -110.067 41.4272 0.247866217391 0.244522597826
TA.S22A.z -106.829 37.7461 0.251086555556 0.252409094017
TA.A13A.z -114.413 48.933 0.2493113 0.247365357143
TA.Q03C.z -122.015 38.6333 0.25314984058 0.253759289855
TA.257A.z -81.0261 31.9746 0.247717752294 0.247428568807
TA.E35A.z -94.4043 46.5572 0.242654826446 0.241761528926
TA.F37A.z -92.6264 45.7243 0.244420113636 0.243670681818
TA.Q45A.z -88.1565 38.8948 0.243585108434 0.241667337349
TA.P49A.z -84.7164 39.5342 0.243878754545 0.243564427273
TA.W26A.z -103.766 35.0891 0.250715579832 0.249197092437
TA.Y35A.z -97.0374 33.9059 0.246356970588 0.244913421569
TA.E09A.z -118.146 46.5139 0.251850413793 0.251180672414
TA.HELL.z -119.023 36.6801 0.253105181818 0.252436318182
TA.F05A.z -121.459 45.8839 0.25393680303 0.254075348485
TA.N50A.z -83.1486 40.7711 0.243052210526 0.241787421053
TA.Y20A.z -108.377 33.9085 0.255283821429 0.256263553571
TA.L23A.z -105.701 42.1143 0.248216867925 0.247741613208
TA.V25A.z -104.616 35.8383 0.251365793103 0.250329310345
TA.137A.z -95.7559 32.5973 0.248935 0.247601302521
TA.J16A.z -111.612 43.2741 0.254380330189 0.252811745283
TA.G30A.z -99.1446 45.1293 0.248083396552 0.247783482759
TA.P01C.z -123.338 39.469 0.251542142857 0.251541589286
TA.A09A.z -118.585 48.9752 0.252028663158 0.253489621053
TA.E44A.z -85.9214 46.6199 0.244225633929 0.244412348214
TA.346A.z -89.4649 31.3876 0.24532012931 0.245986982759
TA.H28A.z -101.021 44.6751 0.24395337037 0.243473935185
TA.P38A.z -93.5321 39.6248 0.241631161905 0.241637580952
TA.N06A.z -119.835 40.7484 0.255446108696 0.255124380435
TA.X37A.z -95.3713 34.5892 0.246351125 0.246791964286
TA.T24A.z -105.052 37.0738 0.249005101695 0.251136915254
TA.RRX.z -116.997 34.8753 0.24725544 0.24848426
TA.632A.z -99.7863 29.5071 0.2464913125 0.246941258929
TA.G47A.z -83.8551 45.173 0.243403181818 0.243387060606
TA.446A.z -89.3645 30.7912 0.24914862069 0.249264775862
TA.K49A.z -83.4556 42.7835 0.244021252632 0.243340042105
TA.E37A.z -92.4 46.5658 0.242540419048 0.241450028571
TA.L15A.z -112.386 42.0041 0.250916280374 0.249892700935
TA.834A.z -98.5519 28.1251 0.248500788991 0.248830963303
TA.427A.z -103.402 30.8498 0.249888436364 0.249886981818
TA.240A.z -93.7626 32.0387 0.24997805 0.249110258333
TA.W53A.z -83.163 35.1696 0.245510916667 0.244558888889
TA.W23A.z -106.15 35.1605 0.251753706422 0.251624146789
TA.J22A.z -106.479 43.4126 0.247025614173 0.246542740157
TA.R15A.z -112.277 38.2108 0.253171 0.254602293578
TA.R28A.z -101.811 38.3423 0.247914807018 0.246665710526
TA.V34A.z -97.5176 35.8345 0.246783821429 0.245125339286
TA.112A.z -114.58 32.5356 0.252006122449 0.251656408163
TA.U11A.z -115.383 36.423 0.258950355932 0.257602127119
TA.P48A.z -85.4258 39.4605 0.245424786408 0.244530067961
TA.F22A.z -106.257 45.7794 0.248279089109 0.247406881188
TA.D54A.z -76.657 47.152 0.242286486111 0.242295763889
TA.R54A.z -80.9904 38.1909 0.246979431818 0.247839863636
TA.L29A.z -100.478 42.0641 0.249019907407 0.247929740741
TA.U51A.z -84.0165 36.3786 0.246367747126 0.244724827586
TA.S29A.z -101.118 37.6199 0.246192568807 0.245894266055
TA.R11A.z -115.585 38.3489 0.25817460177 0.257433495575
TA.I27A.z -102.052 44.069 0.244394991071 0.243218455357
TA.N43A.z -89.1735 40.9394 0.242232518072 0.242489698795
TA.D16A.z -111.549 47.0308 0.246835531532 0.246997378378
TA.Q54A.z -80.8338 38.9836 0.247874933884 0.251737289256
TA.144A.z -90.4226 32.6304 0.24652388785 0.24642671028
TA.V14A.z -113.105 35.6339 0.256586577586 0.257246758621
TA.X48A.z -87.0452 34.4517 0.243726709302 0.24313527907
TA.F30A.z -99.025 45.8356 0.246914229508 0.245293778689
TA.H15A.z -112.644 44.6173 0.256706235294 0.256923980392
TA.N58A.z -76.7158 40.8396 0.243205946809 0.243336053191
TA.P07A.z -118.889 39.5399 0.256567488372 0.2563205
TA.SUSD.z -98.9556 44.4429 0.245569756757 0.24564618018
TA.R35A.z -96.1988 38.3231 0.243672336538 0.243439913462
TA.R12A.z -114.608 38.3281 0.256962966387 0.256463983193
TA.K22A.z -106.524 42.6507 0.247509112 0.246608496
TA.O12A.z -114.745 40.2679 0.255886706767 0.255836255639
TA.Z48A.z -87.5556 33.3764 0.243539764706 0.24293072549
TA.D35A.z -94.0529 47.081 0.241099910891 0.240421643564
TA.W28A.z -102.206 35.2574 0.250637728155 0.250335786408
TA.P18A.z -110.246 39.6279 0.251653383838 0.250264414141
TA.534A.z -98.4753 30.0284 0.249367206349 0.248436595238
TA.C20A.z -108.004 47.7133 0.250332982609 0.248370113043
TA.BBR.z -116.921 34.2623 0.256029375 0.25584035
TA.Q60A.z -75.8429 39.0016 0.242938195876 0.242982041237
TA.Z15A.z -112.158 33.2893 0.25525821875 0.25396371875
TA.X49A.z -86.326 34.5126 0.245287146067 0.246009955056
TA.R07C.z -119.047 38.089 0.257767372881 0.257879644068
TA.U53A.z -82.5765 36.3644 0.2443865 0.2441275
TA.L10A.z -116.471 42.0773 0.256324033058 0.256459578512
TA.I45A.z -86.2348 44.0361 0.24620651 0.24471024
TA.V60A.z -77.2629 35.765 0.24557640566 0.244971160377
TA.U45A.z -88.7635 36.3481 0.244833544444 0.244437466667
TA.I14A.z -113.452 43.9286 0.258619641509 0.260138396226
TA.Z27A.z -103.215 33.315 0.248756230769 0.245075051282
TA.K36A.z -94.4507 42.6381 0.242211401786 0.241303223214
TA.CNNC.z -77.8901 35.2393 0.24557889011 0.246363868132
TA.B29A.z -99.3535 48.4649 0.242848840336 0.242658201681
TA.M41A.z -90.5422 41.375 0.244678669725 0.243487807339
TA.G63A.z -69.6186 45.1147 0.248610360465 0.247109488372
TA.Q59A.z -76.6548 38.8644 0.245876811881 0.245100227723
TA.H22A.z -106.352 44.5943 0.244768058252 0.245124019417
TA.TIN.z -118.23 37.0542 0.248605456522 0.249327717391
TA.L53A.z -80.2598 41.9539 0.242504940171 0.241811153846
TA.S20A.z -108.36 37.83 0.255047666667 0.255003826667
TA.Z32A.z -99.4783 33.3066 0.24585395 0.245357866667
TA.357A.z -81.4855 31.4239 0.245315971154 0.244509971154
TA.J39A.z -91.7062 43.3354 0.241926803738 0.241061934579
TA.M42A.z -89.7581 41.4546 0.245152714286 0.243507622449
TA.Q10A.z -116.4 38.8247 0.256390009259 0.256353851852
TA.T42A.z -91.0927 37.0301 0.245400662162 0.244138689189
TA.E38A.z -91.5542 46.6058 0.242990989474 0.241559852632
TA.P45A.z -87.7439 39.5277 0.242425321429 0.240530928571
TA.351A.z -85.6036 31.2753 0.246846217949 0.244569141026
TA.U31A.z -99.8508 36.3695 0.247534886598 0.24683343299
TA.K48A.z -84.1197 42.8032 0.242735545455 0.241935424242
TA.735A.z -97.8081 28.8553 0.250094043478 0.249815869565
TA.A33A.z -95.3904 48.9371 0.243985257426 0.245047168317
TA.W56A.z -80.5828 35.135 0.243014346457 0.243015314961
TA.F18A.z -109.716 45.9046 0.250398773913 0.250004478261
TA.C40A.z -89.1514 47.9154 0.246915659574 0.244734829787
TA.W37A.z -95.4269 35.138 0.245857033333 0.246321266667
TA.158A.z -80.1935 32.7364 0.247223431034 0.248926025862
TA.R47A.z -86.527 38.2957 0.245950823529 0.245067329412
TA.A26A.z -102.038 48.8973 0.245535965812 0.245003478632
TA.Z16A.z -111.427 33.341 0.255056885417 0.255857166667
TA.G45A.z -85.6571 45.0404 0.24602427551 0.24573372449
TA.Q28A.z -101.831 39.0623 0.246860915888 0.24654064486
TA.O23A.z -105.918 40.2109 0.252542982906 0.251555068376
TA.O41A.z -90.882 40.1156 0.243783297297 0.242307207207
TA.W40A.z -93.0693 35.1923 0.247284886179 0.245359682927
TA.646A.z -89.8245 29.5832 0.249491678161 0.248256275862
TA.K02A.z -123.49 42.7667 0.255502696429 0.256058625
TA.EGMT.z -109.755 48.024 0.247189285714 0.246911314286
TA.Q35A.z -96.0368 38.8586 0.243648122642 0.243062339623
TA.BRSD.z -98.9563 44.443 0.246642363636 0.246457545455
TA.C13A.z -114.574 47.6795 0.248810424837 0.248155287582
TA.E42A.z -87.914 46.4301 0.245922045977 0.244003563218
TA.256A.z -81.8878 31.9799 0.244363048077 0.244002336538
TA.Z20A.z -108.592 33.1132 0.254716576087 0.254832913043
TA.W46A.z -88.3783 35.1333 0.243743098901 0.241609703297
TA.P46A.z -87.2067 39.6178 0.242419811111 0.241131377778
TA.U24A.z -105.278 36.4093 0.251861895652 0.252517678261
TA.E18A.z -109.914 46.5663 0.251236975207 0.250143115702
TA.I16A.z -111.487 43.8756 0.252961169643 0.252693223214
TA.J34A.z -95.9579 43.2844 0.244765764151 0.243067386792
TA.M49A.z -83.9752 41.4745 0.242747169643 0.241855098214
TA.H06A.z -120.335 44.7344 0.257566204301 0.258055548387
TA.P54A.z -80.4796 39.602 0.244117258065 0.242075129032
TA.NEE2.z -114.619 34.7676 0.24816826087 0.248044956522
TA.N45A.z -87.5118 40.8479 0.242871860215 0.241944322581
TA.E27A.z -101.564 46.4293 0.245150341667 0.243965258333
TA.T36A.z -95.8789 37.0605 0.244314533333 0.242958077778
TA.P34A.z -96.8268 39.5471 0.24358272381 0.243599952381
TA.N54A.z -79.9892 40.9617 0.244532134615 0.243819875
TA.L62A.z -72.6617 42.0328 0.244912793814 0.244446051546
TA.BEL.z -115.998 34.0006 0.255995272727 0.257354045455
TA.M36A.z -94.8021 41.4537 0.242721459459 0.242991855856
TA.V38A.z -94.4077 35.8626 0.245805347368 0.245441031579
TA.U47A.z -87.2892 36.4413 0.244473070588 0.244210047059
TA.L61A.z -73.5543 42.1934 0.244947797872 0.247574
TA.Q07A.z -118.808 38.9383 0.259917325843 0.259031550562
TA.226B.z -104.165 32.0778 0.249315410714 0.247703410714
TA.M57A.z -77.128 41.3372 0.247445252747 0.245396582418
TA.U52A.z -83.3671 36.3929 0.246192488889 0.2472006
TA.R19A.z -109.261 38.2916 0.2519512 0.250861452632
TA.N11A.z -115.736 40.8167 0.257091410256 0.256638905983
TA.P29A.z -100.932 39.6021 0.247585737864 0.246742854369
TA.G62A.z -70.5319 45.2186 0.247054862069 0.246950310345
TA.230A.z -101.112 31.8878 0.244542267857 0.243965285714
TA.X55A.z -81.6336 34.4701 0.244074734694 0.24311255102
TA.U56A.z -80.3829 36.3472 0.244735839286 0.243716589286
TA.M25A.z -104.055 41.4347 0.246765526316 0.245789245614
TA.T45A.z -88.6447 37.0196 0.243641735632 0.243368333333
TA.E57A.z -74.1471 46.4117 0.246243592105 0.244821881579
TA.DEC.z -118.334 34.2535 0.253985184211 0.255292631579
TA.W31A.z -99.9435 35.1864 0.247991117647 0.248045970588
TA.N22A.z -106.454 40.8023 0.250286955128 0.250385455128
TA.130A.z -100.965 32.5961 0.244724148148 0.244790703704
TA.L40A.z -91.2218 42.0628 0.243386633588 0.242761648855
TA.R49A.z -85.1714 38.2916 0.242845183486 0.243533348624
TA.J17A.z -110.712 43.3629 0.256210742857 0.246634657143
TA.L43A.z -88.7423 42.1833 0.243204802198 0.242255395604
TA.N16A.z -111.437 40.8869 0.250524556604 0.250119179245
TA.245A.z -89.8958 32.0322 0.248998792793 0.247530459459
TA.B08A.z -119.333 48.3584 0.254862343137 0.254136715686
TA.I46A.z -85.4472 43.9411 0.243451628571 0.242824533333
TA.V18A.z -109.933 35.7113 0.254422559322 0.254497805085
TA.T26A.z -103.593 37.1747 0.24888568 0.24653598
TA.544A.z -91.1612 30.11 0.249256019417 0.248829436893
TA.L04A.z -121.891 42.175 0.254620741379 0.25464637931
TA.H65A.z -68.2469 44.6961 0.248083467391 0.247485641304
TA.X39A.z -94.1138 34.5105 0.246709881818 0.2466921
TA.S36A.z -95.5923 37.724 0.245481972727 0.244157727273
TA.R24A.z -105.107 38.2315 0.250403991453 0.25029525641
TA.S46A.z -87.7153 37.6849 0.246492735632 0.245667057471
TA.325A.z -104.971 31.3711 0.25276307619 0.250935961905
TA.429A.z -101.894 30.6248 0.244469481132 0.244922641509
TA.X51A.z -84.8574 34.5658 0.2453348 0.245358714286
TA.A24A.z -104.002 48.9239 0.248046178947 0.247306263158
TA.U33A.z -98.1135 36.4327 0.244512980392 0.244292578431
TA.T23A.z -106.037 37.0361 0.250562073394 0.250896238532
TA.K08A.z -118.486 42.7308 0.255574 0.257363521277
TA.N24A.z -104.882 40.8271 0.248171045045 0.247889792793
TA.PFO.z -116.459 33.6117 0.251206456522 0.251586434783
TA.E45A.z -85.1774 46.3563 0.244972076923 0.244669989011
TA.S56A.z -79.5662 37.6771 0.245882196078 0.244582372549
TA.W41B.z -92.2479 35.1736 0.245367020408 0.245360265306
TA.T44A.z -89.5896 37.086 0.244296422222 0.242883355556
TA.Q57A.z -78.4107 39.0353 0.246438535088 0.244804289474
TA.E16A.z -111.676 46.5336 0.252470418182 0.252139863636
TA.V61A.z -76.5776 35.7912 0.244475891089 0.244726871287
TA.119A.z -109.303 32.7663 0.254877243243 0.255510522523
TA.P30A.z -100.247 39.5442 0.246093508929 0.246323866071
TA.153A.z -83.8316 32.6499 0.24305146 0.24291109
TA.N26A.z -103.222 40.8289 0.247076666667 0.246009895238
TA.225A.z -104.823 32.1101 0.250635570093 0.250092411215
TA.P15A.z -112.279 39.5708 0.256381911504 0.257395353982
TA.Y14A.z -113.005 33.9383 0.256450663717 0.255401884956
TA.G39A.z -91.1698 45.2867 0.245002531915 0.244024542553
TA.034A.z -98.6833 27.0647 0.250572168142 0.250961522124
TA.E51A.z -79.4924 46.5333 0.245170706897 0.243679413793
TA.H39A.z -91.2833 44.6797 0.244822010989 0.243417549451
TA.336A.z -96.8443 31.387 0.248489601626 0.247016902439
TA.B30A.z -98.3286 48.4505 0.243897276786 0.243614866071
TA.W61A.z -76.9909 35.1773 0.24344146729 0.24308635514
TA.W27A.z -103.063 35.0637 0.252696825243 0.252608067961
TA.J31A.z -98.7396 43.2915 0.240599125 0.240490576923
TA.P40A.z -92.0483 39.5299 0.24331207619 0.242679257143
TA.I17A.z -110.576 43.92 0.250896929204 0.249534336283
TA.N61A.z -74.2969 40.7519 0.244999946237 0.243789494624
TA.W48A.z -86.9333 35.1386 0.2430240375 0.24298725
TA.O40A.z -91.874 40.1212 0.243511047619 0.242641828571
TA.Q30A.z -100.221 38.9772 0.245995735294 0.245582568627
TA.E62A.z -69.5227 46.6201 0.244819531646 0.244623088608
TA.249A.z -87.1225 31.9752 0.247528662651 0.245659277108
TA.Z52A.z -84.4176 33.1893 0.247371551282 0.246316820513
TA.GRA.z -117.366 36.9961 0.254472111111 0.252363555556
TA.V39A.z -93.645 35.8389 0.24429915534 0.244101873786
TA.Q41A.z -91.2317 38.9539 0.241567597826 0.242701076087
TA.SHO.z -116.275 35.8996 0.249440295455 0.250365659091
TA.543A.z -91.8557 30.0856 0.250893576923 0.250146192308
TA.L38A.z -92.9597 42.141 0.244639324324 0.242562693694
TA.J07A.z -119.311 43.3736 0.256122931034 0.257106
TA.X28A.z -102.197 34.5185 0.250576447619 0.248663761905
TA.035Z.z -98.0683 26.463 0.246991728 0.246612928
TA.E11A.z -116.209 46.3559 0.24700996875 0.246741322917
TA.F27A.z -102.02 45.8727 0.243967044643 0.243765794643
TA.D03A.z -123.771 47.1161 0.250617972973 0.249719013514
TA.H63A.z -70.0353 44.6616 0.249957406593 0.248512714286
TA.E48A.z -82.1653 46.4809 0.241072221053 0.24147
TA.Y26A.z -103.825 33.9232 0.250520486239 0.249434816514
TA.G09A.z -117.78 45.2781 0.253447514286 0.253104942857
TA.V31A.z -99.8425 35.7739 0.247343387755 0.245771714286
TA.W35A.z -96.8745 35.1527 0.244187625 0.243182730769
TA.Z25A.z -104.717 33.2797 0.248923794521 0.247505369863
TA.333A.z -98.9841 31.3249 0.246132008264 0.244614942149
TA.U58A.z -78.5493 36.3944 0.244649391753 0.243388195876
TA.X30A.z -100.874 34.4461 0.247994361111 0.248287444444
TA.Y44A.z -90.2112 33.9618 0.245548239583 0.244299958333
TA.349A.z -87.1924 31.3504 0.246047239437 0.244101225352
TA.X22A.z -107.01 34.5058 0.251966792793 0.25181172973
TA.V46A.z -88.1177 35.8007 0.244253651163 0.242740139535
TA.J38A.z -92.4755 43.319 0.24223786087 0.241378634783
TA.M66A.z -70.1353 41.259 0.242172970588 0.241518838235
TA.537A.z -96.3155 30.0799 0.248872745455 0.249090409091
TA.U25A.z -104.408 36.3998 0.250890154545 0.250717645455
TA.457A.z -81.5563 30.6199 0.24525219802 0.245962712871
TA.342A.z -92.3249 31.3747 0.250250551724 0.249414327586
TA.Q09A.z -117.182 38.834 0.254235432099 0.254406740741
TA.H26A.z -102.774 44.6168 0.244446709091 0.243791654545
TA.SPMN.z -92.8037 45.2246 0.244876814286 0.2448999
TA.D30A.z -98.7576 47.1082 0.243495691667 0.243017808333
TA.D48A.z -81.8072 47.1743 0.241532953271 0.24234128972
TA.Z46A.z -88.9414 33.1933 0.242644784946 0.24149083871
TA.447A.z -88.6542 30.7952 0.247093214953 0.247353691589
TA.M45A.z -87.2504 41.3881 0.24205221875 0.241710270833
TA.WVT.z -87.83 36.1297 0.245969978261 0.24608273913
TA.Z54A.z -82.8417 33.2362 0.247414629032 0.246538806452
TA.G41A.z -89.1816 45.2118 0.244518912088 0.243266626374
TA.T57A.z -79.2538 36.9983 0.24519421875 0.242901416667
TA.Y31A.z -100.261 33.9629 0.246168948454 0.246727814433
TA.J09A.z -117.754 43.3471 0.256446247788 0.256739274336
TA.M40A.z -91.5121 41.406 0.242845662921 0.241934325843
TA.U44A.z -89.6863 36.5047 0.243861 0.244294989011
TA.D21A.z -106.994 47.0658 0.249112 0.248567125
TA.K41A.z -90.3046 42.6071 0.242178042735 0.241279358974
TA.R43A.z -89.9308 38.276 0.244096655914 0.244300075269
TA.Q08A.z -117.932 38.8606 0.258531166667 0.259226845238
TA.N27A.z -102.537 40.8063 0.24840353211 0.246807247706
TA.Y12C.z -114.524 33.7503 0.251850596774 0.250894217742
TA.P12A.z -114.908 39.4731 0.256178666667 0.256761349206
TA.D07A.z -119.973 47.1936 0.251975827957 0.251799032258
TA.O20A.z -108.242 40.1348 0.250816296875 0.250719125
TA.L57A.z -76.8492 42.0005 0.248397642857 0.246275622449
TA.H45A.z -86.044 44.6232 0.246446793814 0.244915298969
TA.H40A.z -90.3905 44.622 0.244198525773 0.243098195876
TA.R42A.z -90.7944 38.2804 0.243350521277 0.243508808511
TA.V47A.z -87.5205 35.8278 0.244927741176 0.244225988235
TA.K16A.z -111.588 42.8321 0.251952801802 0.248920945946
TA.O13A.z -113.981 40.1314 0.257339179487 0.257706854701
TA.AGMN.z -95.8619 48.2977 0.24636873494 0.246340831325
TA.I18A.z -109.817 43.7013 0.250141108108 0.249482864865
TA.H37A.z -92.9181 44.5812 0.245165822581 0.245016467742
TA.Y34A.z -97.7573 33.9574 0.247217707965 0.246074318584
TA.X56A.z -81.0319 34.4923 0.244672284553 0.243600113821
TA.D04A.z -122.803 47.1109 0.2541466 0.252277282353
TA.Z18A.z -110.036 33.0851 0.25681826087 0.25887623913
TA.S30A.z -100.464 37.6402 0.244829066038 0.245031490566
TA.O25A.z -104.12 40.1129 0.248863186916 0.248284037383
TA.E25A.z -103.401 46.5009 0.246128425 0.244980141667
TA.736A.z -97.0673 28.955 0.248889673267 0.248854227723
TA.CWC.z -118.08 36.4399 0.253346363636 0.250543954545
TA.N49A.z -84.1825 40.922 0.24193315 0.2422514
TA.E30A.z -98.9098 46.5021 0.246732130841 0.246218738318
TA.I42A.z -88.9134 43.8908 0.243978150538 0.243267086022
TA.O57A.z -77.6354 40.2104 0.244224038095 0.243626980952
TA.Z39A.z -94.1822 33.2418 0.248271740741 0.249045611111
TA.528A.z -102.788 30.1615 0.250237234234 0.250298423423
TA.Z51A.z -85.1747 33.3167 0.245943704225 0.24590328169
TA.MLAC.z -118.836 37.6302 0.251944128205 0.25103674359
TA.244A.z -90.6856 32.0422 0.253722301887 0.253553349057
TA.L18A.z -110.036 41.9243 0.247831566038 0.245372320755
TA.M55A.z -78.7649 41.4686 0.244280202532 0.242478126582
TA.U50A.z -84.8431 36.4156 0.246803850575 0.244764643678
TA.T46A.z -87.8941 37.0417 0.245593402174 0.245093826087
TA.P19A.z -108.981 39.6333 0.249162908397 0.248464221374
TA.P39B.z -92.7541 39.4876 0.242433704545 0.241523238636
TA.Y33A.z -98.6256 34.0081 0.248236054054 0.246980648649
TA.D12A.z -115.353 47.0528 0.249328385246 0.248638459016
TA.SFIN.z -87.0967 40.379 0.243218902913 0.242801019417
TA.O53A.z -81.2129 40.2493 0.244505703297 0.24030978022
TA.K57A.z -76.5163 42.7313 0.245454722222 0.245047796296
TA.U20A.z -108.52 36.3758 0.254990190909 0.254184245455
TA.S58A.z -78.0511 37.6126 0.24701977451 0.246265147059
TA.S44A.z -89.2551 37.6936 0.246847538462 0.247370136752
TA.C07A.z -120.061 47.6902 0.251259157895 0.251149431579
TA.251A.z -85.409 32.0929 0.246960644737 0.244183197368
TA.J13A.z -114.174 43.3979 0.25666068323 0.258148590062
TA.T58A.z -78.5338 36.9454 0.243875018868 0.243054971698
TA.A20A.z -107.926 48.8799 0.247585346939 0.246179755102
TA.Z47A.z -88.0696 33.199 0.2438824125 0.243004575
TA.M34A.z -96.583 41.5025 0.244544612613 0.242951225225
TA.N21A.z -107.52 40.76 0.252566938053 0.251736973451
TA.K39A.z -91.8878 42.705 0.242222700855 0.241109606838
TA.426A.z -104.029 30.6689 0.250929175439 0.250803868421
TA.W51A.z -84.7599 35.1606 0.243329642857 0.242673040816
TA.O59A.z -76.1859 40.3114 0.24600972043 0.244511150538
TA.G55A.z -76.7187 45.2532 0.244097682927 0.24354652439
TA.P06A.z -119.898 39.6785 0.25640317284 0.255860777778
TA.X34A.z -97.8326 34.601 0.247383219298 0.246226473684
TA.G27A.z -101.931 45.3791 0.245056204918 0.244884188525
TA.R45A.z -88.2812 38.2926 0.243818831325 0.242700084337
TA.F31A.z -98.2525 45.8598 0.240707333333 0.240148333333
TA.C38A.z -91.2732 47.7171 0.24414093 0.24244144
TA.H52A.z -79.8888 44.6422 0.245107478873 0.243142577465
TA.U14A.z -113.18 36.4182 0.254886783333 0.25605245
TA.H41A.z -89.6534 44.6164 0.243631648936 0.24274162766
TA.P43A.z -89.5213 39.6409 0.242920870968 0.242113806452
TA.958A.z -81.7543 27.5855 0.248261415584 0.24616025974
TA.X29A.z -101.701 34.4452 0.249446588235 0.249594598039
TA.140A.z -93.574 32.6408 0.247848432432 0.247896846847
TA.R59A.z -77.1164 38.2005 0.248761556604 0.247319084906
TA.V29A.z -101.521 35.8734 0.251275576923 0.249883278846
TA.S11A.z -115.747 37.6444 0.257518756303 0.257097680672
TA.V59A.z -78.2394 35.7649 0.24623364486 0.245154065421
TA.F21A.z -107.123 45.8231 0.248528785714 0.247779373016
TA.A16A.z -111.597 48.9482 0.247004491525 0.247320542373
TA.O39A.z -92.5438 40.2544 0.243378840708 0.241965336283
TA.131A.z -100.389 32.6737 0.247739324561 0.246150815789
TA.A23A.z -104.879 48.9592 0.246849391753 0.247317618557
TA.M05C.z -121.146 41.3593 0.254365362069 0.2576155
TA.O34A.z -96.6936 40.1831 0.243594981818 0.242969772727
TA.832A.z -99.9743 28.2844 0.247672478992 0.248434579832
TA.E06A.z -120.979 46.5433 0.251333206186 0.252265886598
TA.738A.z -95.6481 28.8404 0.248354614754 0.248140606557
TA.328A.z -102.81 31.3818 0.245496259259 0.244902703704
TA.W20A.z -108.5 35.1259 0.254234796296 0.254404092593
TA.N47A.z -85.6942 40.8801 0.239902684211 0.239076063158
TA.C05A.z -121.689 47.6947 0.254914716418 0.252553268657
TA.HRV.z -71.5583 42.5064 0.246687096774 0.246002483871
TA.F09A.z -117.909 45.7087 0.252096183673 0.250938153061
TA.S09A.z -117.225 37.7243 0.255268395833 0.2556588125
TA.W25A.z -104.461 35.2177 0.250711032 0.25000112
TA.318A.z -109.991 31.439 0.253611991228 0.252965052632
TA.V11A.z -115.43 35.8384 0.256111214953 0.256136214953
TA.H10A.z -116.747 44.589 0.250356727273 0.250932718182
TA.637A.z -96.3324 29.439 0.248186576087 0.248178880435
TA.J55A.z -77.8167 43.2657 0.246333942529 0.244547045977
TA.I31A.z -98.5352 44.0297 0.241900848485 0.242589272727
TA.J57A.z -75.9968 43.4099 0.244985351064 0.24380293617
TA.SCZ2.z -119.635 33.9954 0.252054928571 0.252115904762
TA.247A.z -88.6102 32.053 0.246058453704 0.246188351852
TA.U27A.z -102.825 36.4213 0.245902967033 0.245344384615
TA.425A.z -104.986 30.7862 0.248903964286 0.24949075
TA.S06C.z -119.849 37.8817 0.25553090625 0.255669734375
TA.I22A.z -106.484 43.8924 0.247726522124 0.24654560177
TA.H17A.z -110.576 44.3951 0.250919590164 0.255107516393
TA.Z56A.z -81.3687 33.3253 0.24765072973 0.244959472973
TA.Z35A.z -97.253 33.3308 0.248377839506 0.247144567901
TA.227A.z -103.292 32.012 0.247789184211 0.24774504386
TA.V37A.z -95.141 35.883 0.243750434783 0.243323152174
TA.G12A.z -115.326 45.1285 0.251752424242 0.252078989899
TA.O11A.z -115.657 40.1313 0.255292344538 0.25581294958
TA.H04A.z -122.186 44.6837 0.252751 0.251538455556
TA.VES.z -119.085 35.8409 0.250492208333 0.250305270833
TA.S05C.z -120.33 37.346 0.254731126984 0.256274857143
TA.N35A.z -95.6425 40.8612 0.244369477876 0.244183132743
TA.T19A.z -109.025 36.8299 0.254521854545 0.254538381818
TA.U42A.z -91.2383 36.3514 0.247130901786 0.246535392857
TA.L39A.z -92.0007 42.1234 0.243268301587 0.241268079365
TA.S27A.z -102.898 37.6837 0.248345378378 0.247383099099
TA.J25A.z -103.803 43.3901 0.24658712605 0.246126689076
TA.658A.z -81.2578 29.422 0.2493045 0.248329259615
TA.V41A.z -92.1554 35.7851 0.245236603604 0.245737846847
TA.S59A.z -77.2942 37.762 0.246301535354 0.246627151515
TA.Z26A.z -103.98 33.2716 0.250132089286 0.247995696429
TA.M58A.z -76.4603 41.3721 0.244758333333 0.243463588235
TA.J52A.z -80.4764 43.2407 0.245974098039 0.244365509804
TA.557A.z -81.7291 30.016 0.246196090909 0.245638363636
TA.V26A.z -103.786 35.7964 0.252950554545 0.252218763636
TA.G25A.z -103.417 45.1935 0.243534475 0.242795325
TA.F32A.z -97.1264 45.8705 0.242215969388 0.241336469388
TA.L34A.z -96.3762 41.9666 0.242512 0.241633375
TA.W17A.z -110.713 35.0789 0.256928358974 0.257714820513
TA.338A.z -95.3106 31.3567 0.249553296296 0.250324398148
TA.K31A.z -98.7546 42.6229 0.242255882979 0.241803138298
TA.U35A.z -96.7318 36.3709 0.242768808081 0.242447010101
TA.I06A.z -120.211 43.9437 0.258971988889 0.257628977778
TA.GLMI.z -84.6175 44.8245 0.244287715596 0.244096715596
TA.OGNE.z -102.033 40.9451 0.249180921875 0.248957703125
TA.I43A.z -88.146 43.8844 0.2442488 0.243615670588
TA.431A.z -100.608 30.6824 0.246876009259 0.247434055556
TA.326A.z -103.979 31.3165 0.251469790909 0.251090236364
TA.Q12A.z -114.83 39.04 0.255724463415 0.255104113821
TA.S24A.z -105.213 37.6407 0.252721666667 0.252904990196
TA.D31A.z -97.7226 47.0481 0.242992918367 0.241474153061
TA.O50A.z -83.6199 40.1468 0.243939859813 0.243132962617
TA.O61A.z -74.553 40.0934 0.247046309278 0.245599793814
TA.H61A.z -71.9271 44.5339 0.24800679798 0.247341464646
TA.J21A.z -107.446 43.3459 0.247105150794 0.245686333333
TA.Q24A.z -105.149 38.9641 0.251329901639 0.250643811475
TA.P59A.z -76.4327 39.6101 0.246420928571 0.245651061224
TA.G38A.z -91.8549 45.1693 0.243365304878 0.243179121951
TA.344A.z -90.7318 31.4527 0.250413308411 0.249727738318
TA.F15A.z -112.493 45.8409 0.25188026875 0.25075554375
TA.BW06.z -109.558 42.7667 0.24783925 0.2475199
TA.J18A.z -110.02 43.2112 0.250426658824 0.249240717647
TA.M06C.z -120.477 41.2047 0.255936545455 0.2574876
TA.E13A.z -114.188 46.4423 0.249546953947 0.2488585
TA.U46A.z -88.1773 36.359 0.246374663158 0.245545178947
TA.O37A.z -94.1461 40.1664 0.242568561905 0.241233847619
TA.E64A.z -67.8285 46.4184 0.244833032258 0.24538655914
TA.F45A.z -85.5156 45.6837 0.24445110625 0.24421643125
TA.L54A.z -79.3162 42.2345 0.243230063291 0.241787
TA.532A.z -99.9049 30.1278 0.247437646465 0.246547313131
TA.N38A.z -93.235 40.7931 0.244279361905 0.243123809524
TA.Y55A.z -81.8581 33.9375 0.246696927928 0.245158396396
TA.MVCO.z -108.499 37.2103 0.244806 0.2455756
TA.H11A.z -116.013 44.7035 0.25010027027 0.250084117117
TA.G40A.z -90.2006 45.2684 0.242934771739 0.241783021739
TA.H55A.z -77.183 44.5505 0.246605890244 0.245396036585
TA.E21A.z -107.076 46.5408 0.247578479339 0.24724853719
TA.I11A.z -115.958 43.9121 0.254078350427 0.253640247863
TA.G31A.z -98.2083 45.2254 0.240362396396 0.239474576577
TA.348A.z -87.9023 31.4129 0.249128691589 0.24894188785
TA.552A.z -85.2938 30.1327 0.247245816092 0.247231908046
TA.K54A.z -78.6908 42.6097 0.24423939759 0.244070180723
TA.757A.z -82.0685 28.9413 0.246128481481 0.245575111111
TA.Z44A.z -90.4322 33.2773 0.243859908163 0.243365887755
TA.C09A.z -118.274 47.8006 0.250972339286 0.249877178571
TA.K51A.z -81.5082 42.7223 0.2444 0.243344927835
TA.P37A.z -94.3491 39.5882 0.242254326531 0.241375642857
TA.I32A.z -97.4643 44.0271 0.242543574074 0.24143962963
TA.X17A.z -110.806 34.3371 0.257274610526 0.259846652632
TA.634A.z -98.3515 29.3815 0.251133333333 0.25004742735
TA.Z30A.z -101.128 33.2861 0.245146291139 0.24388143038
TA.143A.z -91.4036 32.7032 0.249510587786 0.249799679389
TA.M24A.z -104.825 41.4676 0.250616142857 0.2493908
TA.936A.z -97.3091 27.4208 0.249233322314 0.249209652893
TA.J12A.z -115.098 43.25 0.260482520325 0.260558593496
TA.K55A.z -78.0696 42.7278 0.245699482353 0.245076752941
TA.Q32A.z -98.5596 38.9908 0.246494146552 0.24605412931
TA.G58A.z -74.054 45.1492 0.246586470588 0.246114323529
TA.G57A.z -74.9855 45.1036 0.245781466019 0.245439174757
TA.O30A.z -100.057 40.1791 0.24686322449 0.245799204082
TA.N28A.z -101.541 40.6873 0.246078834951 0.245668699029
TA.R51A.z -83.5834 38.3001 0.247340971698 0.246768490566
TA.OSI.z -118.724 34.6145 0.248205046512 0.248591627907
TA.535A.z -97.5711 30.029 0.250940777778 0.250071418803
TA.Y22D.z -106.921 34.0739 0.253069596639 0.252790932773
TA.L14A.z -113.24 42.0343 0.252729981982 0.252477792793
TA.I47A.z -84.5096 44.0193 0.245613371134 0.244861340206
TA.350A.z -86.3353 31.4207 0.244457011905 0.243425654762
TA.T17A.z -110.804 36.9969 0.252814663636 0.253909127273
TA.B09A.z -118.149 48.4226 0.249828981818 0.249758390909
TA.R23A.z -105.826 38.1907 0.251376579439 0.251331971963
TA.I52A.z -80.177 44.068 0.243977688073 0.242708018349
TA.NATX.z -94.661 31.7598 0.249315991935 0.248506314516
TA.Y53A.z -83.5836 33.8554 0.245718673077 0.245730990385
TA.U32A.z -99.0014 36.3795 0.247614952381 0.246365628571
TA.Q29A.z -100.979 38.8905 0.244494559633 0.244089862385
TA.E07A.z -119.855 46.5585 0.255122681034 0.255677232759
TA.O04C.z -121.086 40.32 0.254706676471 0.25606
TA.O18A.z -110.008 40.2655 0.249382018692 0.247689028037
TA.V24A.z -105.272 35.7259 0.253692801887 0.253278235849
TA.G28A.z -100.916 45.0749 0.244906184466 0.244169776699
TA.113A.z -113.767 32.7683 0.255375639344 0.25366442623
TA.434A.z -98.269 30.8142 0.248212570312 0.246484890625
TA.H03A.z -123.292 44.6765 0.251064773333 0.25112428
TA.V49A.z -85.903 35.7663 0.2455706 0.245088895238
TA.L20A.z -108.34 42.0073 0.249993581197 0.248556666667
TA.X53A.z -83.3013 34.5031 0.245530723577 0.244841097561
TA.U44B.z -89.3507 36.3391 0.245051853659 0.245719560976
TA.J45A.z -86.3889 43.4354 0.245401704762 0.24344892381
TA.S23A.z -106.002 37.7059 0.252817721311 0.253617270492
TA.S19A.z -109.137 37.7459 0.254206009524 0.253503028571
TA.P32A.z -98.6011 39.6223 0.244465145161 0.244106177419
TA.Z33A.z -98.7648 33.2865 0.246948813084 0.246234785047
TA.239A.z -94.4707 32.0179 0.250645127451 0.249678372549
TA.E29A.z -99.642 46.5682 0.244088157895 0.243268201754
TA.M38A.z -93.1965 41.4175 0.245422285714 0.243888517857
TA.I34A.z -95.86 44.0392 0.243813692308 0.242456641026
TA.X21A.z -107.786 34.4457 0.255283280374 0.25491971028
TA.K62A.z -72.2345 42.6651 0.244750704762 0.245834457143
TA.Y58A.z -79.6665 33.9057 0.24550108642 0.245927493827
TA.W54A.z -82.1859 35.0857 0.245332764228 0.244016373984
TA.P61A.z -74.7919 39.6734 0.247836073684 0.247275221053
TA.P55A.z -79.8265 39.5078 0.247354 0.246210218391
TA.M17A.z -110.666 41.4729 0.250096688889 0.246508022222
TA.O01C.z -123.82 40.1398 0.250987102941 0.250157661765
TA.A29A.z -99.2321 48.9228 0.24427065812 0.243408846154
TA.X14A.z -112.891 34.4692 0.259668910891 0.25941949505
TA.C37A.z -92.1853 47.7283 0.243133425926 0.242300074074
TA.F26A.z -102.67 45.8512 0.245731691057 0.245449593496
TA.Y54A.z -82.688 33.8621 0.247614176471 0.246121823529
TA.M01C.z -124.122 41.8473 0.253166212121 0.252668772727
TA.M02C.z -122.854 41.392 0.251083507692 0.252416984615
TA.X40A.z -92.8342 34.4873 0.24659046789 0.246610211009
TA.K47A.z -84.9993 42.6704 0.243789118182 0.242958818182
TA.355A.z -82.8518 31.3438 0.24356409 0.24355627
TA.E03A.z -123.563 46.5459 0.254673116279 0.252952104651
TA.H25A.z -103.598 44.6215 0.244974126126 0.244197153153
TA.A14A.z -113.422 48.9725 0.244606056075 0.245205672897
TA.V04C.z -120.87 35.636 0.253382395833 0.252352666667
TA.M23A.z -105.722 41.468 0.248637846154 0.247790721154
TA.O09A.z -117.19 40.1697 0.25791489011 0.256963824176
TA.P28A.z -101.755 39.5732 0.246675411215 0.245308953271
TA.139A.z -94.3927 32.6795 0.250592408163 0.249977530612
TA.353A.z -84.2172 31.3474 0.24678920202 0.246091727273
TA.R40A.z -92.2684 38.2909 0.243080695652 0.243747069565
TA.V15A.z -112.173 35.8191 0.256336371681 0.256584867257
TA.Z41A.z -92.803 33.2577 0.248529057692 0.249362961538
TA.O16A.z -111.502 40.2067 0.252741487179 0.252931299145
TA.L61B.z -72.6802 42.4498 0.244661118812 0.244443039604
TA.343A.z -91.6169 31.2839 0.248582608696 0.248350226087
TA.E10A.z -117.11 46.485 0.247008048544 0.246420184466
TA.E24A.z -104.307 46.5608 0.245264959596 0.24509369697
TA.E19A.z -108.786 46.4611 0.248613875 0.247704285714
TA.U59A.z -77.7925 36.3526 0.243900896907 0.243318958763
TA.D51A.z -79.3733 47.0904 0.243313271429 0.242498414286
TA.X25A.z -104.662 34.5271 0.251219330357 0.249527848214
TA.G65A.z -67.5632 45.2002 0.244398261364 0.244113477273
TA.O43A.z -89.313 40.2856 0.24617983908 0.244090034483
TA.MPP.z -119.814 34.8885 0.251792777778 0.251496703704
TA.250A.z -86.2677 31.9778 0.243475202381 0.243427666667
TA.536A.z -97.0652 30.0756 0.250822017857 0.250665
TA.437A.z -96.1386 30.8292 0.248881482143 0.2494605625
TA.P24A.z -104.908 39.5144 0.252687109091 0.251889463636
TA.T28A.z -102.114 37.1204 0.248750831683 0.24786960396
TA.237A.z -95.8084 32.0015 0.247242844828 0.247665991379
TA.R39A.z -93.0383 38.3138 0.243873685185 0.242843851852
TA.531A.z -100.546 30.1645 0.246549256637 0.247510061947
TA.633A.z -99.1766 29.4591 0.248558434426 0.248104540984
TA.O29A.z -100.798 40.1253 0.248010037383 0.247343579439
TA.N30A.z -100.1 40.7957 0.24614638835 0.245963873786
TA.U38A.z -94.3857 36.4394 0.246774330097 0.245416213592
TA.H18A.z -109.664 44.6769 0.248269061856 0.247455907216
TA.430A.z -101.236 30.7866 0.245037432432 0.245294684685
TA.835A.z -97.8297 28.287 0.25000256 0.249304344
TA.X32A.z -99.2854 34.4214 0.245634094828 0.245105465517
TA.S47A.z -86.8779 37.5946 0.242466758621 0.242381241379
TA.G04A.z -122.478 45.2059 0.252886771084 0.251498457831
TA.K14A.z -113.176 42.5452 0.25282207947 0.253165768212
TA.U60A.z -77.1596 36.4718 0.244257009901 0.243744663366
TA.K01A.z -124.469 42.8088 0.249094064516 0.249284370968
TA.109C.z -117.105 32.8889 0.254934304348 0.253042630435
TA.D49A.z -81.3562 47.2726 0.242548662338 0.242016285714
TA.T29A.z -101.294 37.1565 0.246298085714 0.245837295238
TA.O52A.z -81.8361 40.1158 0.243500896552 0.241336551724
TA.R17A.z -110.711 38.4187 0.254679585586 0.253424009009
TA.H46A.z -85.2034 44.5397 0.245162686869 0.244976828283
TA.L07A.z -119.34 42.0187 0.258959867347 0.258540642857
TA.KSCO.z -102.627 39.0112 0.247318202899 0.246482550725
TA.U54A.z -81.8204 36.5209 0.244835087302 0.244738793651
TA.O42A.z -90.0812 40.1956 0.243926020833 0.242832416667
TA.G03A.z -123.281 45.3153 0.247385046875 0.24725575
TA.H47A.z -84.2062 44.5994 0.245030881188 0.243772376238
TA.SUTB.z -121.786 39.2291 0.255243418182 0.254937872727
TA.126A.z -104.02 32.6462 0.24595327619 0.246258914286
TA.C39A.z -90.1289 47.8171 0.24429670339 0.243070084746
TA.R46A.z -87.5114 38.2124 0.244925258065 0.243924634409
TA.S10A.z -116.595 37.923 0.25655965 0.256833633333
TA.858A.z -81.3616 28.2126 0.244216604938 0.24406382716
TA.TPNV.z -116.249 36.9488 0.250726411765 0.250362470588
TA.N57A.z -77.5509 40.7556 0.245049978723 0.244378095745
TA.R44A.z -89.0809 38.2475 0.243257622807 0.243003114035
TA.D34A.z -95.1952 47.0851 0.240024663265 0.239408295918
TA.X42A.z -91.6262 34.5532 0.247454353659 0.24693597561
TA.S31A.z -99.4845 37.6193 0.245491490909 0.246488509091
TA.HATC.z -121.461 40.8161 0.251300912281 0.250866280702
TA.MPM.z -117.489 36.058 0.254038439024 0.250597853659
TA.Q18A.z -110.133 39.1025 0.254811390476 0.252588628571
TA.L13A.z -113.944 42.0886 0.255692163793 0.256651068966
TA.N08A.z -118.134 40.7811 0.258216337349 0.256560012048
TA.G59A.z -73.1809 45.0807 0.251164659091 0.251254170455
TA.G64A.z -68.7558 45.2527 0.248867 0.248520944444
TA.ECSD.z -96.6141 43.7337 0.244880546875 0.24415765625
TA.Y59A.z -78.8737 33.9897 0.246916686747 0.248207481928
TA.T56A.z -80.0311 37.0288 0.245355813953 0.244475689922
TA.335A.z -97.4271 31.2819 0.249474191667 0.248999458333
TA.C08A.z -119.045 47.7849 0.252529010204 0.251443
TA.T12A.z -114.715 36.7256 0.2570984 0.257347990909
TA.Y60A.z -78.2163 34.0046 0.244893670732 0.244941365854
TA.I10A.z -116.803 44.086 0.254506118182 0.254281081818
TA.L49A.z -83.7672 42.1088 0.24457162766 0.244517968085
TA.L26A.z -103.079 42.0367 0.24749935 0.245568091667
TA.M16A.z -111.63 41.3146 0.252041564815 0.249052527778
TA.M20A.z -108.187 41.4906 0.249551217391 0.248737478261
TA.D19A.z -108.88 47.1646 0.247896234234 0.248370927928
TA.K15A.z -112.531 42.6852 0.253670964602 0.251640336283
TA.B34A.z -94.6501 48.486 0.242929967033 0.242264351648
TA.M63A.z -72.0464 41.4038 0.24495084375 0.2447076875
TA.B35A.z -93.7261 48.3603 0.244130252427 0.24251768932
TA.R21A.z -107.55 38.3685 0.25258570339 0.252467288136
TA.J61A.z -72.5535 43.3462 0.247390456311 0.247607893204
TA.219A.z -109.259 31.9989 0.251127158879 0.250675962617
TA.P26A.z -103.346 39.5602 0.249347894737 0.248276122807
TA.R08A.z -118.106 38.3489 0.256083304348 0.255456880435
TA.Z57A.z -80.7039 33.297 0.247291545455 0.246573927273
TA.T05C.z -120.674 36.8953 0.255699104167 0.253619875
TA.H23A.z -105.401 44.562 0.246667201754 0.245958061404
TA.T30A.z -100.527 37.0526 0.2477661 0.2465594
TA.U10A.z -116.33 36.4193 0.253506166667 0.253231578431
TA.G05A.z -121.317 45.2422 0.256219897436 0.254234038462
TA.HEC.z -116.335 34.8294 0.2539171875 0.25444496875
TA.Y51A.z -85.064 33.8993 0.243165485149 0.242597910891
TA.J29A.z -100.325 43.4061 0.244411893617 0.244098021277
TA.540A.z -93.9796 30.2093 0.251139034483 0.249060091954
TA.X59A.z -78.6023 34.572 0.243317494737 0.244329873684
TA.S32A.z -98.9363 37.7001 0.245515573913 0.245109617391
TA.T25A.z -104.411 37.1388 0.248104330882 0.248951286765
TA.737A.z -96.4402 28.7639 0.247855882979 0.246783457447
TA.R61A.z -75.339 38.3303 0.245446125 0.245406010417
TA.Q16A.z -111.172 38.9176 0.255945576271 0.255281042373
TA.D23A.z -105.207 47.173 0.24735472 0.24512731
TA.X57A.z -80.094 34.4643 0.244113877049 0.243093377049
TA.H66A.z -67.3115 44.7859 0.246424989247 0.246060258065
TA.N14A.z -113.187 40.8513 0.256204882883 0.256084495495
TA.L22A.z -106.434 42.031 0.248038422078 0.247575493506
TA.J46A.z -85.6466 43.3478 0.244992876289 0.242824030928
TA.934A.z -98.5192 27.6018 0.2507863 0.2489105
TA.P53A.z -81.3896 39.4868 0.246787075758 0.243471007576
TA.D11A.z -116.335 47.0477 0.245920075269 0.245541924731
TA.B19A.z -108.944 48.4551 0.247450973913 0.245651965217
TA.B14A.z -113.273 48.3609 0.249178711712 0.248425945946
TA.P56A.z -78.8386 39.5044 0.246450576923 0.246454067308
TA.035A.z -98.1023 26.9379 0.249473862385 0.249319311927
TA.655A.z -83.2552 29.5107 0.248618464286 0.247964702381
TA.061Z.z -80.907 25.8657 0.248753224719 0.248531078652
TA.S08C.z -118.171 37.4993 0.256329683333 0.2573263
TA.ANMO.z -106.457 34.9459 0.257424045455 0.258533363636
TA.H21A.z -107.042 44.6277 0.245616708955 0.244413798507
TA.R58A.z -78.0034 38.2989 0.249316029703 0.24792109901
TA.K50A.z -82.6231 42.7749 0.243501568182 0.241822670455
TA.K27A.z -102.236 42.7036 0.247838926829 0.247439861789
TA.X24A.z -105.435 34.5646 0.249720226415 0.248901084906
TA.352A.z -84.9274 31.4793 0.246029634615 0.245026355769
TA.R58B.z -77.8787 37.9636 0.245121122449 0.245394755102
TA.M27A.z -102.387 41.5281 0.246812314286 0.246325857143
TA.U26A.z -103.744 36.3945 0.251050808696 0.249640234783
TA.546A.z -89.7191 30.233 0.249729376147 0.24804687156
TA.H12A.z -114.855 44.5494 0.252299375758 0.253419909091
TA.147A.z -88.2708 32.6738 0.244625898551 0.243614137681
TA.W12A.z -114.87 35.301 0.255587954955 0.25575018018
TA.U23A.z -106.192 36.3289 0.251630943396 0.252361924528
TA.E46A.z -84.3062 46.3665 0.240682297872 0.240673489362
TA.M62A.z -72.8939 41.4423 0.243438645833 0.242737302083
TA.O05C.z -120.918 39.962 0.253292455882 0.252976823529
TA.J56A.z -76.8579 43.276 0.244557092784 0.243220546392
TA.WHTX.z -97.4561 31.9913 0.2483044 0.24695452
TA.D32A.z -97.0164 47.1354 0.242597346939 0.240694744898
TA.M22A.z -106.596 41.4033 0.251232993377 0.249856304636
TA.BRAL.z -87.0506 31.1687 0.246047261364 0.244810625
TA.628A.z -102.888 29.4862 0.249670529412 0.249224445378
TA.117A.z -110.739 32.5716 0.257668990566 0.256447613208
TA.E50A.z -80.7378 46.4232 0.243485954545 0.241841772727
TA.645A.z -90.5966 29.4573 0.24694023301 0.246432067961
TA.059A.z -81.144 26.9671 0.244716755102 0.243712612245
TA.F41A.z -89.1046 45.7387 0.243819945055 0.242430131868
TA.PKME.z -69.2917 45.2644 0.2428809375 0.242668825
TA.J08A.z -118.474 43.358 0.254435348214 0.256242366071
TA.T06C.z -119.709 37.0069 0.253155786885 0.253650491803
TA.R29A.z -101.138 38.4243 0.246526788991 0.246017091743
TA.S50A.z -84.4003 37.679 0.242665196262 0.243633971963
TA.S28A.z -101.898 37.5899 0.247055420561 0.246459093458
TA.R13A.z -113.969 38.1802 0.258048053191 0.256802638298
TA.T53A.z -82.535 36.9823 0.244062612903 0.244181693548
TA.J04A.z -122.109 43.2406 0.25394690625 0.25393784375
TA.WMOK.z -98.7807 34.7379 0.245410625 0.2446120625
TA.G13A.z -114.233 45.0931 0.251377019355 0.251238135484
TA.B15A.z -112.562 48.3129 0.247591657895 0.247193710526
TA.L12A.z -115.016 42.146 0.257158947826 0.258132226087
TA.T31A.z -99.6771 37.0977 0.247170724771 0.246207614679
TA.059Z.z -81.4432 26.3373 0.24560322549 0.244983882353
TA.W13A.z -113.885 35.099 0.255932084034 0.255203983193
TA.B16A.z -111.707 48.4128 0.247581454545 0.246922045455
TA.S42A.z -90.7939 37.77 0.2450619 0.243484511111
TA.C15A.z -112.607 47.775 0.248174990909 0.247209345455
TA.W32A.z -99.2458 35.1238 0.246584380952 0.245645228571
TA.N62A.z -73.4677 40.9313 0.245786698795 0.244803192771
TA.B33A.z -95.588 48.2722 0.244011015152 0.244053984848
TA.J62A.z -71.8127 43.2262 0.246028858586 0.246481707071
TA.X45A.z -89.3931 34.4241 0.243785757009 0.243328990654
TA.J40A.z -90.7406 43.3965 0.245326072727 0.244211727273
TA.Z19A.z -109.266 33.2921 0.254793838095 0.255366114286
TA.U40A.z -92.8535 36.3563 0.244733318966 0.244556991379
TA.H13A.z -114.255 44.5642 0.253798679487 0.254739160256
TA.X60A.z -77.9768 34.5773 0.243575268817 0.244475655914
TA.Y32A.z -99.442 34.0036 0.246915544554 0.247093138614
TA.S54A.z -81.3114 37.7997 0.244939983471 0.244776421488
TA.N02C.z -123.306 40.822 0.251520119048 0.249237119048
TA.Y19A.z -109.254 33.9571 0.255658076271 0.255951118644
TA.J26A.z -103.075 43.3126 0.245779891892 0.245306459459
TA.DGMT.z -104.196 48.4702 0.245842045455 0.246769102273
TA.453A.z -84.3197 30.8541 0.247959603774 0.247524943396
TA.Y56A.z -81.3047 33.7922 0.244795009615 0.243660894231
TA.L36A.z -94.6676 42.1009 0.243233732143 0.241867714286
TA.A06A.z -121.48 49.0983 0.249739478723 0.24980737234
TA.R05C.z -120.076 38.7028 0.254704728814 0.254064
TA.B23A.z -104.991 48.4643 0.246860261682 0.247245953271
TA.R55A.z -80.1195 38.2825 0.246960638462 0.247546761538
TA.L33A.z -97.2724 42.1659 0.244049072727 0.243676409091
TA.356A.z -82.1275 31.3247 0.245440326923 0.244973009615
TA.D46A.z -84.0357 46.891 0.243013075472 0.242843018868
TA.T11A.z -115.22 37.2408 0.259079036697 0.260121504587
TA.R60A.z -76.5807 38.2684 0.246502308411 0.246398803738
TA.S37A.z -94.8279 37.7597 0.243995989691 0.243671670103
TA.F64A.z -68.3496 45.8633 0.245220505882 0.245193952941
TA.N18A.z -109.673 40.9763 0.248595673077 0.246905384615
TA.O35A.z -95.9097 40.2665 0.243083074074 0.242502805556
TA.MIAR.z -93.5765 34.5454 0.245142091549 0.244779570423
TA.O07A.z -118.877 40.1614 0.259347189189 0.25856272973
TA.E22A.z -105.949 46.4386 0.247189970588 0.246846607843
TA.K43A.z -88.332 42.7044 0.245514788235 0.244278458824
TA.Q23A.z -105.834 38.9045 0.250944591667 0.250767925
TA.N37A.z -94.2095 40.7582 0.243214478632 0.241633991453
TA.T43A.z -90.2878 37.0833 0.245980188889 0.245457166667
TA.B13A.z -114.468 48.3739 0.249493934211 0.248892243421
TA.V55A.z -81.2149 35.8518 0.244399129032 0.244163290323
TA.O49A.z -84.3353 40.188 0.241623656863 0.24259254902
TA.TUQ.z -115.924 35.4358 0.247575674419 0.248710651163
TA.G42A.z -88.4277 45.2418 0.244441375 0.242631375
TA.I21A.z -107.292 43.8122 0.247610484615 0.246740046154
TA.K28A.z -101.367 42.7136 0.246597686957 0.245787973913
TA.FMP.z -118.294 33.7126 0.253668444444 0.250784361111
TA.I05A.z -121.268 44.1626 0.255607710843 0.255630855422
TA.062Z.z -81.0523 24.7266 0.248148086957 0.247854982609
TA.222A.z -107.101 32.1046 0.256034525862 0.256645
TA.J11A.z -115.828 43.4151 0.256150217054 0.256943310078
TA.441A.z -93.1898 30.7498 0.251556495495 0.249970594595
TA.F46A.z -84.7586 45.7737 0.243329965909 0.243164113636
TA.V17A.z -110.794 35.6218 0.251868888889 0.253250539683
TA.FUR.z -116.863 36.4672 0.245477846154 0.244763820513
TA.VBMS.z -90.5177 32.2185 0.246605 0.246722617187
TA.E17A.z -110.858 46.462 0.250571843478 0.249868443478
TA.I03A.z -123.278 43.9726 0.251277161765 0.250980676471
TA.M26A.z -103.143 41.4661 0.246886269231 0.246207625
TA.D56A.z -74.7568 47.0485 0.2450855 0.243657130435
TA.B32A.z -96.5363 48.3951 0.241247733333 0.241244626667
TA.442A.z -92.4314 30.7119 0.249758732759 0.249317810345
TA.BNLO.z -122.173 37.1311 0.251107320755 0.251480716981
TA.220A.z -108.527 31.9041 0.254393238095 0.255234285714
TA.I57A.z -75.6599 43.9377 0.243347442105 0.243588389474
TA.R26A.z -103.447 38.3009 0.2483074 0.247643054545
TA.B18A.z -109.777 48.3943 0.25049672549 0.249028294118
TA.K63A.z -71.5283 42.6888 0.2452185 0.245684385417
TA.C22A.z -105.884 47.7456 0.246973928571 0.247551704082
TA.L19A.z -109.357 42.1012 0.245402547009 0.244186290598
TA.L65A.z -70.0528 42.0295 0.24356591954 0.243621747126
TA.X50A.z -85.6486 34.4596 0.2477782 0.2472556
TA.F25A.z -103.458 45.9256 0.244760551181 0.244100377953
TA.LRAL.z -86.9978 33.0348 0.244264744444 0.242832477778
TA.O44A.z -88.4671 40.1526 0.242566029703 0.241206405941
TA.I08A.z -118.569 43.9104 0.254313473684 0.255716547368
TA.J48A.z -83.7849 43.2986 0.242100428571 0.241809744898
TA.Z55A.z -82.1359 33.2211 0.246842722222 0.244519861111
TA.T35A.z -96.5121 36.9161 0.243252193878 0.243306010204
TA.L44A.z -87.9119 42.1782 0.24372173913 0.24226301087
TA.Z45A.z -89.6913 33.3705 0.243359259615 0.242624048077
TA.CBN.z -77.3732 38.2046 0.245264923913 0.244614978261
TA.H34A.z -95.777 44.6673 0.243517186441 0.243127449153
TA.L63A.z -71.6095 41.8631 0.246811223404 0.246359329787
TA.A08A.z -119.272 48.9534 0.254569915789 0.254560705263
TA.157A.z -80.9972 32.678 0.244772567797 0.245203279661
TA.G29A.z -99.9234 45.1926 0.24179382906 0.242139495726
TA.S16A.z -111.596 37.7222 0.253245781818 0.254536790909
TA.C30A.z -98.4783 47.7026 0.243976421488 0.243590933884
TA.S13A.z -113.86 37.5808 0.259565364407 0.25903959322
TA.Q61A.z -75.3256 38.8799 0.245517161616 0.246174191919
TA.221A.z -107.778 32.0094 0.255417118644 0.255249762712
TA.I26A.z -102.86 44.0309 0.246806086207 0.245502517241
TA.O51A.z -82.6056 40.147 0.24348584 0.242709616
TA.P47A.z -86.2699 39.4869 0.242594390805 0.241567206897
TA.H19A.z -108.986 44.6704 0.248709492537 0.24641441791
TA.D47A.z -83.1038 47.0558 0.242699959596 0.242858050505
TA.E26A.z -102.462 46.4712 0.246286694215 0.245508760331
TA.X26A.z -103.81 34.5508 0.250317663551 0.25066428972
TA.I07A.z -119.504 44.082 0.256212769231 0.257592606838
TA.229A.z -101.811 31.9671 0.247404205357 0.2466226875
TA.K58A.z -75.6473 42.7633 0.247205315789 0.245690063158
TA.W30A.z -100.577 35.1818 0.247230807692 0.247495961538
TA.D52A.z -78.4117 46.9764 0.241709114286 0.241723914286
TA.H42A.z -88.5311 44.5091 0.245471614458 0.24372746988
TA.553A.z -84.4317 30.189 0.246549459184 0.246468326531
TA.A30A.z -98.3009 48.9402 0.245788589744 0.244909692308
TA.L60A.z -74.2226 41.989 0.244349464646 0.245515212121
TA.959A.z -80.8791 27.524 0.244533229167 0.24477053125
TA.H38A.z -92.282 44.6753 0.242795060606 0.24212189899
TA.B21A.z -107.017 48.4278 0.247468734694 0.245044836735
TA.F03A.z -123.559 45.9306 0.250426879121 0.249817373626
TA.K56A.z -77.3244 42.6981 0.245630782178 0.244395633663
TA.PAL.z -73.9079 41.0056 0.244742989247 0.244970645161
TA.O02C.z -122.788 40.1767 0.254097483333 0.253338316667
TA.M33A.z -97.195 41.5726 0.243742964602 0.243321424779
TA.150A.z -86.022 32.6067 0.243513583333 0.243539047619
TA.P44A.z -88.6209 39.4676 0.24531315625 0.243305072917
TA.T59A.z -77.5541 36.9716 0.243877020202 0.243662232323
TA.L48A.z -84.4329 41.9438 0.24456603 0.24395124
TA.F39A.z -90.919 45.9153 0.245511554348 0.244621554348
TA.SMM.z -119.996 35.3142 0.251520377778 0.252122177778
TA.K19A.z -108.847 42.8247 0.248398954955 0.247047936937
TA.149A.z -86.7916 32.5983 0.2458865 0.243984895349
TA.E33A.z -96.0054 46.5035 0.240552155963 0.240387614679
TA.L11A.z -115.754 42.1669 0.258234050847 0.25830220339
TA.H62A.z -71.1559 44.5743 0.246836032609 0.246544608696
TA.T32A.z -98.9247 37.1797 0.245191189189 0.244858486486
TA.C19A.z -109.049 47.7343 0.247810628571 0.246955885714
TA.N17A.z -110.834 40.9425 0.250590263636 0.248254745455
TA.455A.z -83.026 30.7422 0.248028633028 0.247248110092
TA.T55A.z -80.7843 37.117 0.244078601695 0.244190838983
TA.B07A.z -120.12 48.4607 0.251168451613 0.251320225806
TA.W29A.z -101.648 35.1212 0.249180273585 0.248981339623
TA.L55A.z -78.4368 42.1831 0.24312172619 0.243339869048
TA.D06A.z -120.844 47.1935 0.251850111111 0.252484144444
TA.V42A.z -91.39 35.806 0.242962893204 0.243206262136
TA.146A.z -89.0573 32.6368 0.243193443478 0.243215278261
TA.J03A.z -122.965 43.3717 0.250169333333 0.249444470588
TA.135A.z -97.4099 32.5573 0.246943733333 0.246485983333
TA.J59A.z -74.5041 43.4647 0.248106752381 0.248919704762
TA.N10A.z -116.508 40.7186 0.256453607143 0.258720642857
TA.G43A.z -87.6861 45.2572 0.245600988235 0.243777870588
TA.Z53A.z -83.5713 33.2801 0.246498089552 0.245692014925
TA.D59A.z -71.8358 47.0073 0.246885677419 0.246011688172
TA.148A.z -87.571 32.6469 0.246478790123 0.244298679012
TA.C12B.z -115.475 47.7092 0.248541788462 0.248525028846
TA.Z24A.z -105.365 33.3298 0.249730688312 0.250293012987
TA.W47A.z -87.5946 35.2511 0.243044860759 0.241905177215
TA.E61A.z -70.489 46.4312 0.247242133333 0.246600811111
TA.N32A.z -98.2955 40.7639 0.247874362205 0.247343330709
TA.I24A.z -104.626 43.8594 0.248707495238 0.249087933333
TA.C27A.z -101.503 47.7139 0.245867018349 0.245472944954
TA.D53A.z -77.7001 47.0795 0.242408380282 0.242722098592
TA.452A.z -85.183 30.8492 0.249549590361 0.248622349398
TA.G61A.z -71.5273 45.2827 0.246684979167 0.24654678125
TA.T49A.z -85.5334 37.105 0.244589243243 0.244966630631
TA.J06A.z -120.153 43.2515 0.258175738636 0.259008420455
TA.F34A.z -95.2581 45.7954 0.24283457265 0.242688837607
TA.L64A.z -70.8391 41.9359 0.245977787879 0.24660179798
TA.N34A.z -96.5005 40.8378 0.244902803419 0.244246316239
TA.D13A.z -114.459 47.0943 0.24928482069 0.248832882759
TA.248A.z -87.7393 32.094 0.247609018182 0.246395418182
TA.Q44A.z -89.017 38.9032 0.244131560748 0.24317728972
TA.J10A.z -116.767 43.4275 0.257040767857 0.256895758929
TA.H48A.z -83.3249 44.7006 0.244474340206 0.244340742268
TA.M12A.z -114.915 41.4157 0.254763 0.255703631579
TA.155A.z -82.4665 32.6219 0.246706145455 0.246194445455
TA.S51A.z -83.5935 37.6392 0.244523839623 0.24418759434
TA.S43A.z -90.0754 37.5716 0.244803084906 0.245248113208
TA.R30A.z -100.277 38.2844 0.245761980198 0.245943079208
TA.W59A.z -78.443 35.1673 0.244613040404 0.245983333333
TA.Z23A.z -106.232 33.2621 0.249327484375 0.24939584375
TA.C35A.z -93.9763 47.7007 0.241397305263 0.240439589474
TA.S55A.z -80.5013 37.7724 0.246661809917 0.24593153719
TA.M51A.z -82.1831 41.3321 0.243881170213 0.242237730496
TA.W42A.z -91.5224 35.2732 0.24454177907 0.243590523256
TA.A28A.z -100.267 48.9096 0.245491479675 0.244512162602
TA.657A.z -81.8665 29.5852 0.248415653846 0.247781884615
TA.G06A.z -120.635 45.2357 0.255447601852 0.254310953704
TA.F49A.z -82.0423 45.7627 0.242083557692 0.242210134615
TA.152A.z -84.7188 32.6686 0.245792391753 0.246598257732
TA.340A.z -93.8896 31.4167 0.250521271186 0.250850389831
TA.H27A.z -102.077 44.6329 0.246976229358 0.244902862385
TA.Z22A.z -106.964 33.2555 0.252646367816 0.251794034483
TA.B10A.z -117.225 48.2995 0.248442294118 0.247496627451
TA.A19A.z -108.743 48.9286 0.247618473214 0.246835991071
TA.RCT.z -119.244 36.3052 0.249997282051 0.250295025641
TA.V20A.z -108.466 35.7992 0.253057427273 0.252792363636
TA.G18A.z -109.563 45.3171 0.248091279279 0.248202963964
TA.V32A.z -99.0437 35.7202 0.247061081818 0.245966309091
TA.LGU.z -119.066 34.1082 0.255788454545 0.251593818182
TA.U55A.z -81.0472 36.5023 0.246846895161 0.245568169355
TA.327A.z -103.492 31.3691 0.251117621622 0.251484117117
TA.O03C.z -122.032 39.9971 0.250718054545 0.249616836364
TA.J63A.z -71.0781 43.2792 0.245381823529 0.245069752941
TA.L41A.z -90.4977 42.0751 0.24351854918 0.241991221311
TA.MCWV.z -79.8456 39.6581 0.241744703704 0.240974234568
TA.319A.z -109.281 31.3757 0.251440444444 0.251722373737
TA.Q34A.z -96.9408 38.9214 0.24293290566 0.24247945283
TA.GOGA.z -83.4666 33.4112 0.244037861386 0.242855405941
TA.Q13A.z -114.02 38.9551 0.255495108911 0.255607445545
TA.O33A.z -97.5845 40.0755 0.243889239669 0.243706884298
TA.T24B.z -105.382 37.0624 0.245903355556 0.246541377778
TA.Q56A.z -79.1871 39.041 0.2465734 0.24688101
TA.F29A.z -99.8273 45.8336 0.243648854839 0.242701314516
TA.539A.z -94.7236 30.1084 0.248463032609 0.247381326087
TA.T34A.z -97.1883 37.0222 0.242696602041 0.244822979592
TA.LONY.z -74.5829 44.6197 0.24359220202 0.242395292929
TA.Q53A.z -81.5251 38.8586 0.245966274194 0.249167451613
TA.H24A.z -104.552 44.7473 0.249317938053 0.24968940708
TA.N42A.z -90.0345 40.829 0.244571325301 0.243959373494
TA.I13A.z -114.117 43.9146 0.256018923077 0.257189051282
TA.P21A.z -107.449 39.524 0.252449775 0.252359641667
TA.T27A.z -102.721 37.0614 0.248622519231 0.246158230769
TA.444A.z -90.7463 30.7153 0.251357554545 0.251406927273
TA.I02A.z -123.83 44.0035 0.253773970588 0.254276911765
TA.P20A.z -108.391 39.4998 0.252614715517 0.252670043103
TA.R04C.z -120.936 38.2571 0.255596835821 0.254381119403
TA.S14A.z -113.168 37.7601 0.255993 0.256411861111
TA.Y22A.z -106.965 33.937 0.252777909091 0.252066434343
TA.O24A.z -105.073 40.1227 0.249829157407 0.249140166667
TA.D09A.z -118.309 47.0615 0.254641792079 0.252461485149
TA.Q47A.z -86.4261 38.9362 0.244991152941 0.243936929412
TA.734A.z -98.5576 28.8473 0.249575422018 0.249260779817
TA.W14A.z -113.083 35.2127 0.255289156863 0.257379401961
TA.O28A.z -101.773 40.1262 0.246414614679 0.245782577982
TA.CBKS.z -99.7374 38.814 0.248232246753 0.247662909091
TA.Y18A.z -110.034 33.7776 0.257402583333 0.254821309524
TA.C06A.z -120.894 47.923 0.250075938272 0.24991208642
TA.Y37A.z -95.621 33.9789 0.245517447917 0.244177479167
TA.X15A.z -112.237 34.4866 0.254632693069 0.255798148515
TA.P39A.z -92.7549 39.4877 0.2389555 0.240706722222
TA.555A.z -82.9666 30.1212 0.247610614458 0.24692746988
TA.K12A.z -114.903 42.636 0.259279678261 0.261443478261
TA.N44A.z -88.1333 40.7953 0.240620011765 0.240566305882
TA.957A.z -82.2357 27.6702 0.246409380282 0.245541070423
TA.U41A.z -91.9203 36.344 0.246157020619 0.246323680412
TA.J24A.z -104.661 43.3305 0.24743275 0.247224991667
TA.R16A.z -111.483 38.2843 0.252934955357 0.254612133929
TA.P09A.z -117.14 39.5516 0.256016574713 0.25527737931
TA.Z36A.z -96.4344 33.2702 0.2492566125 0.2472794375
TA.I62A.z -71.3359 43.8743 0.249538680412 0.248722412371
TA.123A.z -106.262 32.6349 0.25658687 0.25649471
TA.BINY.z -75.9861 42.1993 0.24640555102 0.245169377551
TA.Z40A.z -93.3995 33.2584 0.247811207921 0.247378514851
TA.SSPA.z -77.8876 40.6358 0.243774804124 0.244139701031
TA.C17A.z -110.763 47.6327 0.248226301724 0.247710568966
TA.435B.z -97.585 30.7827 0.251826672566 0.250774371681
TA.F43A.z -87.1694 45.8313 0.241862623529 0.241533717647
TA.D20A.z -108.136 47.0911 0.247625636364 0.246962390909
TA.MDND.z -99.6029 47.8481 0.246811171429 0.246953628571
TA.T21A.z -107.534 36.9914 0.25321846988 0.253596879518
TA.SDCO.z -105.501 37.7456 0.252679576923 0.251791769231
TA.O19A.z -109.124 40.2982 0.251960286885 0.250965409836
TA.F63A.z -69.1029 45.703 0.246261550562 0.245496101124
TA.J43A.z -88.4185 43.3808 0.244248174419 0.242825139535
TA.H07A.z -119.565 44.5913 0.256845040816 0.257570040816
TA.K29A.z -100.318 42.7612 0.245134070796 0.244687584071
TA.RLMT.z -109.267 45.1221 0.24986452381 0.250525785714
TA.F51A.z -79.915 45.9284 0.243033728395 0.243770925926
TA.332A.z -99.7423 31.3829 0.247798897196 0.245903299065
TA.M21A.z -107.364 41.6067 0.250433605769 0.248931807692
TA.N60A.z -75.1 40.8704 0.244359438776 0.244387591837
TA.U29A.z -101.27 36.4519 0.250108122449 0.248505836735
TA.S04C.z -121.328 37.5049 0.255716218182 0.255441945455
TA.242A.z -92.1521 32.0617 0.25025395082 0.250382360656
TA.V36A.z -95.9425 35.7863 0.242426734694 0.240925704082
TA.223A.z -106.428 32.0062 0.256793990476 0.255622361905
TA.N46A.z -86.7352 40.8949 0.244463183908 0.243839425287
TA.H20A.z -107.999 44.4868 0.245597117647 0.244693323529
TA.U30A.z -100.651 36.5304 0.24887787619 0.24699787619
TA.G54A.z -78.0898 45.3979 0.241282976744 0.241497488372
TA.M14A.z -113.347 41.503 0.25491993578 0.25564487156
TA.Q42A.z -90.5331 38.912 0.243193273585 0.243349650943
TA.L21A.z -107.369 41.9641 0.250553127451 0.248994696078
TA.V35A.z -96.8378 35.7626 0.244958842975 0.24482722314
TA.F36A.z -93.5241 45.8618 0.242748298246 0.242537105263
TA.D63A.z -68.1066 47.037 0.244325927835 0.244656876289
TA.L17A.z -110.873 42.0995 0.2509823625 0.2505587
TA.E32A.z -97.0701 46.5927 0.240676053571 0.24078525
TA.060A.z -80.3618 27.0361 0.24782354902 0.247412735294
TA.F40A.z -90.1217 45.919 0.245176148936 0.243736968085
TA.C33A.z -95.7725 47.7586 0.242145323529 0.241029686275
TA.G46A.z -84.8621 45.3176 0.243123067416 0.242769292135
TA.V22A.z -106.909 35.9138 0.25376077193 0.254227280702
TA.454A.z -83.6302 30.7145 0.246462783505 0.246260670103
TA.K30A.z -99.6131 42.6742 0.245439788618 0.244951902439
TA.K10A.z -116.87 42.7779 0.256881275862 0.257345051724
TA.440A.z -93.9587 30.7456 0.250807795455 0.248680920455
TA.I63A.z -70.5809 44.0505 0.247809510638 0.247167680851
TA.MONP2.z -116.422 32.892 0.252596142857 0.251142542857
TA.KSU1.z -96.6094 39.1009 0.249276481481 0.247523833333
TA.L31A.z -98.8387 42.176 0.24416134188 0.243945444444
TA.449A.z -87.2151 30.7596 0.248967654762 0.250086678571
TA.X44A.z -90.1462 34.4998 0.246932677083 0.245058604167
TA.V52A.z -83.5959 35.8417 0.245503393939 0.24496859596
TA.W58A.z -79.2333 35.0208 0.244491544554 0.245725881188
TA.N15A.z -112.52 40.8903 0.253843402985 0.253973298507
TA.C28A.z -100.387 47.7157 0.241661853448 0.241713905172
TA.TZTN.z -83.549 36.5439 0.245261122642 0.245085028302
TA.H29A.z -100.213 44.6261 0.243961491071 0.244538875
TA.H43A.z -87.7704 44.4697 0.2434834875 0.2426078
TA.443A.z -91.7809 30.7642 0.248329157895 0.248193087719
TA.A17A.z -110.699 48.9448 0.249567921569 0.247871843137
TA.E53A.z -77.6638 46.3784 0.241150013889 0.241194125
TA.451A.z -85.7467 30.616 0.251120395349 0.249138313953
TA.B25A.z -103.161 48.2716 0.247822413462 0.247512826923
TA.W36A.z -96.2264 35.1393 0.245389545455 0.245105666667
TA.H53A.z -78.5832 44.5736 0.243516906667 0.24282808
TA.122A.z -107.001 32.6995 0.255557705357 0.256516267857
TA.H58A.z -74.1798 44.4176 0.246391673469 0.245365061224
TA.C04A.z -122.972 47.7172 0.252265131579 0.25062125
TA.N36A.z -94.9604 40.8156 0.243282194444 0.242083037037
TA.P23A.z -105.839 39.3741 0.251541848739 0.250283571429
TA.V57A.z -79.7758 35.8875 0.246753552083 0.245158895833
TA.L08A.z -118.344 42.1901 0.256662755319 0.257277893617
TA.ARV.z -118.83 35.1269 0.252247375 0.251686775
TA.N19A.z -109.177 40.8936 0.251530886598 0.249349010309
TA.L50A.z -82.8095 42.043 0.245194309278 0.244480618557
TA.236A.z -96.531 31.9997 0.248709596154 0.248010038462
TA.U13A.z -113.965 36.4151 0.256624885965 0.257636201754
TA.J49A.z -83.1389 43.36 0.243961233645 0.242205345794
TA.B04A.z -123.504 48.0575 0.254581881579 0.253846934211
TA.538A.z -95.49 30.2219 0.247939702703 0.246605621622
TA.B11A.z -116.367 48.4366 0.250842181818 0.249752511364
TA.Y29A.z -101.671 33.8602 0.248433233645 0.247873121495
TA.K25A.z -103.87 42.612 0.248493708333 0.24742805
TA.F33A.z -96.2929 45.8398 0.241702892857 0.241312982143
TA.HAST.z -121.551 36.3887 0.252860320755 0.252101471698
TA.253A.z -84.1294 32.0612 0.246936805825 0.24498538835
TA.234A.z -98.1368 32.004 0.245697389831 0.244192008475
TA.N29A.z -100.626 40.8189 0.244849009709 0.244286786408
TA.O58A.z -76.9228 40.1231 0.242656516484 0.24277689011
TA.M65A.z -70.6466 41.562 0.244160690141 0.245000253521
TA.F24A.z -104.445 45.8452 0.245658585859 0.245884292929
TA.X47A.z -87.8571 34.5178 0.244903682927 0.242650158537
TA.Y13A.z -113.829 33.8142 0.254416917526 0.252809391753
TA.V13A.z -113.984 35.8522 0.256562111111 0.257152768519
TA.S40A.z -92.5014 37.5988 0.243314288462 0.242793115385
TA.G36A.z -93.7509 45.2344 0.24449207619 0.244495104762
TA.Q21A.z -107.574 38.8347 0.2529754 0.253912448
TA.GSC.z -116.806 35.3018 0.250460264706 0.2511135
TA.P22A.z -106.759 39.5952 0.250562088 0.250033288
TA.X31A.z -99.9793 34.6309 0.2474094 0.247516054545
TA.554A.z -83.6836 30.0841 0.245835831169 0.245568038961
TA.224A.z -105.523 32.076 0.252456095652 0.25255586087
TA.L02A.z -123.602 42.156 0.252547964912 0.253542684211
TA.B26A.z -102.234 48.3762 0.245462377193 0.243872421053
TA.N09A.z -117.524 40.852 0.257892455556 0.257469588889
TA.E31A.z -97.8879 46.5583 0.240727591398 0.240895634409
TA.Y36A.z -96.2848 33.8996 0.246067356436 0.246148178218
TA.J19A.z -109.053 43.2649 0.248226481203 0.246758045113
TA.141A.z -92.9049 32.6046 0.248289439655 0.247792853448
TA.R52A.z -82.6443 38.3366 0.245647663551 0.245028570093
TA.T18A.z -109.874 37.1364 0.255246803419 0.253935358974
TA.D60A.z -70.9237 46.9139 0.246193829787 0.244978521277
TA.F59A.z -72.7833 45.8513 0.246623682243 0.245465317757
TA.L28A.z -101.52 42.0073 0.247400848214 0.2459015625
TA.Y16A.z -111.478 33.8798 0.254652989796 0.254180867347
TA.A12A.z -115.653 48.9339 0.248435430556 0.248908333333
TA.A07A.z -120.384 49.048 0.250707084112 0.250690420561
TA.L16A.z -111.432 42.0149 0.248569685185 0.247945212963
TA.L56A.z -77.5591 42.1365 0.245765418367 0.244813255102
TA.U34A.z -97.5354 36.4365 0.243909160714 0.245209330357
TA.P14A.z -113.069 39.5906 0.258835979798 0.259947808081
TA.I33A.z -96.7989 44.0475 0.243971625 0.24285025
TA.D15A.z -112.52 47.0418 0.249414895706 0.248643699387
TA.X13A.z -113.83 34.5935 0.25497387 0.25471046
TA.A05A.z -122.085 48.9983 0.250568091837 0.250065622449
TA.P41A.z -91.0619 39.675 0.244032796117 0.242472300971
TA.R48A.z -85.8714 38.4001 0.244150627907 0.244602267442
TA.S53A.z -82.1264 37.6815 0.244473214876 0.24430322314
TA.K06A.z -120.251 42.7991 0.258441615385 0.258860876923
TA.L47A.z -85.2021 41.9756 0.243398684932 0.242005123288
TA.O56A.z -78.5663 40.2683 0.243839653465 0.24356039604
TA.I41A.z -89.8697 44.0592 0.244982407407 0.245422972222
TA.N07B.z -118.971 40.7797 0.259219073171 0.257995926829
TA.T16A.z -111.506 36.9839 0.254158390909 0.253960718182
TA.136A.z -96.5297 32.4746 0.248589105263 0.247066842105
TA.R32A.z -98.7111 38.4225 0.244291798246 0.242830789474
TA.JFWS.z -90.2481 42.9142 0.243020974026 0.243344883117
TA.RSSD.z -104.036 44.1212 0.246887292683 0.24673545122
TA.E34A.z -95.1691 46.5136 0.242828787611 0.241940964602
TA.C03A.z -124.566 47.9475 0.250676329412 0.250006223529
TA.M03C.z -122.122 41.2742 0.25149715625 0.253676640625
TA.O21A.z -107.47 40.2149 0.252462784 0.252500888
TA.R56A.z -79.4031 38.4071 0.245295524752 0.244946693069
TA.W52A.z -83.9277 35.0935 0.243607411215 0.243119
TA.445A.z -90.338 30.7303 0.249397064815 0.249089805556
TA.A25A.z -103.113 48.9388 0.246866137931 0.246777224138
TA.H36A.z -93.9281 44.5775 0.241629254386 0.242036657895
TA.N56A.z -78.2953 40.9171 0.245200323529 0.244740813725
TA.G16A.z -111.805 45.2285 0.253633411215 0.253622747664
TA.X41A.z -92.5137 34.4949 0.245500643478 0.245345913043
TA.V62A.z -75.957 35.5612 0.244545469388 0.244203714286
TA.G23A.z -105.391 45.2012 0.243130424242 0.243186868687
TA.631A.z -100.576 29.4123 0.246469416667 0.245775833333
TA.Z42A.z -91.9474 33.2739 0.246949582524 0.247249495146
TA.P17A.z -110.74 39.473 0.252858424779 0.252246867257
TA.A32A.z -96.4935 48.9172 0.243920010753 0.242439322581
TA.B20A.z -108.021 48.4389 0.247578790476 0.244958028571
TA.D26A.z -102.436 47.0301 0.244734213115 0.243624754098
TA.P05C.z -120.608 39.3028 0.254135857143 0.254059035714
TA.P51A.z -83.0601 39.4818 0.244238562044 0.243395430657
TA.A10A.z -117.559 48.9813 0.24951913 0.25052709
TA.I15A.z -112.485 43.9997 0.258207872727 0.259717145455
TA.T51A.z -83.9454 36.9655 0.244241981651 0.243285220183
TA.O26A.z -103.313 40.2422 0.248209529915 0.24748642735
TA.K40A.z -91.1383 42.6999 0.24408 0.242290808696
TA.P11A.z -115.754 39.553 0.254701825397 0.254865769841
TA.214A.z -112.812 31.9559 0.2528825 0.253091607143
TA.B12A.z -115.589 48.4694 0.248293669014 0.246815816901
TA.I53A.z -79.5912 43.8238 0.248000013333 0.246264813333
TA.X43A.z -90.8812 34.518 0.248220913978 0.246011526882
TA.124A.z -105.454 32.7001 0.252554327103 0.252726
TA.T54A.z -81.5762 37.0608 0.242914938053 0.243304061947
TA.732A.z -99.9707 28.7292 0.248622009009 0.248529027027
TA.T22A.z -106.903 37.0138 0.252931419753 0.253599148148
TA.Q37A.z -94.4522 38.8763 0.243167503817 0.242341145038
TA.F19A.z -108.944 45.8538 0.247921289474 0.246825491228
TA.C26A.z -102.096 47.8259 0.24490709 0.24408584
TA.J15A.z -112.433 43.3998 0.256447306122 0.256784734694
TA.I23A.z -105.463 43.9605 0.248707881356 0.247772847458
TA.Q48A.z -85.7311 38.9295 0.24381732381 0.243104590476
TA.Z43A.z -91.2441 33.21 0.244650860215 0.244978193548
TA.Y41A.z -92.6113 33.8807 0.245893327731 0.246908445378
TA.N23A.z -105.944 40.8947 0.252058163793 0.251805724138
TA.133A.z -98.9162 32.6083 0.248274391304 0.247717191304
TA.I38A.z -92.3306 44.0405 0.244973767241 0.244695405172
TA.W19A.z -109.388 35.1118 0.252080326316 0.252360736842
TA.J05A.z -121.236 43.2843 0.256375412698 0.256973746032
TA.V05C.z -119.903 35.8667 0.250721983051 0.250255423729
TA.S17A.z -110.802 37.6354 0.250939926606 0.251298146789
TA.J42A.z -89.1234 43.3179 0.242964988235 0.242021917647
TA.Z29A.z -101.706 33.2595 0.245681529412 0.245413735294
TA.M08A.z -118.379 41.4483 0.258682097826 0.259046597826
TA.KMSC.z -81.3333 35.142 0.241915496183 0.241080068702
TA.O60A.z -75.405 40.3177 0.244874989899 0.24345130303
TA.K11A.z -116.032 42.7713 0.257182081081 0.257295315315
TA.Y50A.z -85.7347 33.8911 0.245192879518 0.24497546988
TA.Z13A.z -113.657 33.1999 0.257347764706 0.25222827451
TA.228A.z -102.592 32.118 0.248018663636 0.248029709091
TA.060Z.z -80.556 26.4062 0.248570136364 0.247392159091
TA.134A.z -98.0795 32.5729 0.246706410714 0.245792839286
TA.N63A.z -72.5206 40.9878 0.244082340659 0.243964868132
TA.448A.z -87.8608 30.9309 0.247267991935 0.247911137097
TA.P13A.z -114.016 39.455 0.257648653061 0.259293959184
TA.S49A.z -85.2875 37.7849 0.245354365217 0.245875565217
TA.B17A.z -110.799 48.2921 0.24910692 0.24719734
TA.058A.z -81.8049 27.0569 0.245150428571 0.244556265306
TA.T39A.z -93.3774 37.0241 0.242968028302 0.242972433962
TA.N40A.z -91.5837 40.8841 0.242538679612 0.241953679612
TA.T52A.z -82.9852 37.1076 0.244197429907 0.243636542056
TA.R57A.z -78.5232 38.297 0.246592009709 0.24584723301
TA.N53A.z -80.8377 40.8065 0.244900725664 0.243532778761
TA.P25A.z -104.168 39.5125 0.250757518519 0.250013611111
TA.I29A.z -100.303 44.0215 0.244532933333 0.244937114286
TA.F42A.z -88.1347 45.7587 0.243150967742 0.242126516129
TA.K52A.z -80.7139 42.7805 0.244050765306 0.243284877551
TA.Q22A.z -106.91 38.8627 0.250727675439 0.251353342105
TA.HDIL.z -89.294 40.5559 0.24212714 0.24171409
TA.526A.z -104.09 30.0609 0.249138491228 0.249159035088
TA.857A.z -82.2291 28.267 0.246047903226 0.246425709677
TA.V45A.z -88.9591 35.7403 0.245219544554 0.245672881188
TA.U37A.z -95.1161 36.406 0.246417795699 0.244445365591
TA.E41A.z -88.9636 46.4643 0.245330311111 0.244063622222
TA.C34A.z -94.9106 47.6501 0.241393063158 0.239249978947
