TA.324A.z -105.483 31.4425 0.254182438596 0.253338526316
TA.118A.z -109.97 32.6399 0.256985403361 0.257060336134
TA.O10A.z -116.5 40.2917 0.261111313559 0.260295415254
TA.Z17A.z -110.472 33.2969 0.262106682692 0.260455365385
TA.TIGA.z -83.5898 31.4389 0.246571080357 0.245837598214
TA.M11A.z -115.791 41.4311 0.26086011811 0.26020788189
TA.H14A.z -113.367 44.6165 0.259957087719 0.260175140351
TA.F48A.z -82.6185 45.8278 0.244206025641 0.244212418803
TA.L05A.z -120.834 42.0472 0.265431069444 0.265074291667
TA.Q50A.z -83.979 38.8436 0.244582474576 0.244441661017
TA.U15A.z -112.291 36.428 0.257933420561 0.257883345794
TA.B28A.z -100.362 48.4492 0.243530556452 0.243943475806
TA.B05A.z -122.096 48.2641 0.251191976471 0.250761505882
TA.M47A.z -85.6214 41.3594 0.245013702703 0.243724594595
TA.R50A.z -84.3274 38.2816 0.245420639344 0.245503155738
TA.W18A.z -109.736 35.1181 0.257482110169 0.259335898305
TA.M04C.z -121.839 41.7826 0.257662045455 0.260274484848
TA.635A.z -97.7736 29.3877 0.250169155738 0.251692139344
TA.A15A.z -112.733 48.9777 0.248556529412 0.248195042017
TA.EYMN.z -91.4953 47.9462 0.244366058824 0.24418277451
TA.Q26A.z -103.52 38.9234 0.250477245614 0.249981666667
TA.K04A.z -121.731 42.6133 0.261556171429 0.261505057143
TA.J28A.z -101.236 43.4239 0.248367643478 0.248536826087
TA.E04A.z -122.72 46.5934 0.257902392405 0.25756543038
TA.F07A.z -119.928 45.8951 0.256475353448 0.255842793103
TA.S48A.z -86.0569 37.6574 0.244598791209 0.244619725275
TA.D57A.z -73.8878 47.0172 0.244273925 0.243559175
TA.D62A.z -69.0501 47.0819 0.246061826087 0.245616206522
TA.X50B.z -85.6499 34.4611 0.246447571429 0.246357514286
TA.R10A.z -116.302 38.2886 0.260907766917 0.261611947368
TA.F62A.z -69.9664 45.8968 0.248299405063 0.247572037975
TA.LAVA.z -120.74 38.7552 0.254084608108 0.254649567568
TA.U04C.z -120.783 36.3627 0.25786233871 0.256335193548
TA.N39A.z -92.5023 40.8776 0.243920700787 0.243016527559
TA.O15A.z -112.469 40.2807 0.258146425373 0.259105858209
TA.K07A.z -119.247 42.6912 0.261565596154 0.262165711538
TA.P52A.z -82.1325 39.6337 0.243210789809 0.242516076433
TA.R38A.z -93.9056 38.1868 0.244137017391 0.243038391304
TA.R53A.z -81.9522 38.3307 0.246741820896 0.247356910448
TA.Z31A.z -100.144 33.3183 0.2462575625 0.2456861
TA.K42A.z -89.3457 42.7792 0.242977581633 0.242579438776
TA.H33A.z -96.7434 44.6812 0.245812611111 0.245072047619
TA.241A.z -92.9188 32.0227 0.249490485294 0.249617573529
TA.N55A.z -78.9862 40.7808 0.24453521875 0.244073989583
TA.B06A.z -121.484 48.5183 0.256490297297 0.255919603604
TA.Q25A.z -104.247 38.9145 0.254026495868 0.253340206612
TA.J36A.z -94.3395 43.3292 0.243535279661 0.242443677966
TA.D22A.z -106.18 47.1498 0.250074189189 0.248679288288
TA.L35A.z -95.5448 42.1123 0.24758755 0.247211541667
TA.I37A.z -93.4003 44.0148 0.242543008333 0.2429421
TA.K46A.z -85.7834 42.6864 0.244307433628 0.24394819469
TA.933A.z -99.2746 27.6133 0.252089717742 0.251409346774
TA.D17A.z -110.687 47.1523 0.251059826446 0.250923099174
TA.Y49A.z -86.4119 33.8577 0.244450728155 0.244972165049
TA.M13A.z -114.165 41.3602 0.25988984127 0.261583166667
TA.R36A.z -95.504 38.3237 0.246941043478 0.245257982609
TA.IRM.z -115.145 34.1574 0.255074511628 0.252855046512
TA.JCT.z -99.8022 30.4794 0.246164504065 0.245786
TA.V27A.z -102.836 35.7569 0.252702078431 0.251385529412
TA.J20A.z -108.084 43.3531 0.249872713115 0.249525885246
TA.SNCC.z -119.524 33.2479 0.241846 0.2431866
TA.Q11A.z -115.654 38.8455 0.261303115108 0.261124302158
TA.H57A.z -75.3905 44.4624 0.247593022222 0.245614544444
TA.233A.z -98.8998 32.0179 0.247070590551 0.246225503937
TA.Y42A.z -91.7871 33.8364 0.249249092437 0.248418168067
TA.O54A.z -80.3778 40.1821 0.24548988189 0.241746094488
TA.226A.z -104.101 32.0618 0.254025038462 0.253806903846
TA.330A.z -101.175 31.4063 0.247184179487 0.24526082906
TA.W34A.z -97.7733 35.2352 0.243956865079 0.243416865079
TA.121A.z -107.785 32.5324 0.258938950413 0.25835838843
TA.733A.z -99.2939 28.7192 0.252708103175 0.251901325397
TA.K09A.z -117.725 42.6996 0.261690903846 0.261823519231
TA.V21A.z -107.638 35.8054 0.258249234783 0.25804313913
TA.TUL1.z -95.7919 35.9104 0.247100554688 0.246150898437
TA.M59A.z -75.4321 41.5413 0.245130394737 0.24418754386
TA.P16A.z -111.66 39.6092 0.257443153846 0.259401315385
TA.116A.z -111.704 32.5618 0.259778726496 0.260139367521
TA.G26A.z -102.599 45.2937 0.246538196429 0.246018160714
TA.545A.z -90.4894 30.0441 0.252508956897 0.251460801724
TA.I61A.z -72.2087 43.9323 0.249544282828 0.249045313131
TA.V54A.z -81.9478 35.7771 0.244504137405 0.244201877863
TA.F08A.z -118.777 45.7971 0.256248504854 0.255462252427
TA.K35A.z -95.2328 42.7218 0.246757033333 0.2451139
TA.R31A.z -99.5271 38.2888 0.247545138889 0.247558148148
TA.W15A.z -112.267 35.1787 0.261277780702 0.261342605263
TA.428A.z -102.685 30.7263 0.253207383333 0.253001183333
TA.M54A.z -79.6647 41.5079 0.246314622807 0.246064815789
TA.BLA.z -80.4205 37.2113 0.24676656391 0.247027654135
TA.D05A.z -121.989 47.1881 0.254338360825 0.254391597938
TA.154A.z -83.1066 32.6131 0.246552577236 0.245127650407
TA.N25A.z -104.087 40.8132 0.25172588 0.250521528
TA.I28A.z -101.169 43.9996 0.245462508197 0.245475352459
TA.R18A.z -109.894 38.3862 0.252556438017 0.252438694215
TA.D14A.z -113.506 47.0816 0.253998394444 0.253137016667
TA.E36A.z -93.2557 46.5177 0.242610019231 0.241953461538
TA.I59A.z -73.8744 43.7957 0.249837632653 0.24911055102
TA.345A.z -90.0309 31.308 0.249180751938 0.249578775194
TA.E47A.z -83.2777 46.4547 0.244335371429 0.244330438095
TA.G15A.z -112.489 45.166 0.256049023121 0.255864982659
TA.542A.z -92.5513 30.1247 0.25126446281 0.250127090909
TA.127A.z -103.357 32.6764 0.250667211864 0.249388177966
TA.F44A.z -86.4226 45.9737 0.244351052083 0.243244197917
TA.C31A.z -97.7336 47.7927 0.243655171171 0.24288354955
TA.Y40A.z -93.2798 34.0124 0.248379552846 0.248932219512
TA.IBP.z -116.093 32.6611 0.250765333333 0.250311333333
TA.IBP.z -116.093 32.6612 0.252859391304 0.252363043478
TA.X20A.z -108.498 34.5421 0.259659277311 0.26006887395
TA.M43A.z -88.9581 41.4365 0.244537714286 0.244031204082
TA.G32A.z -97.4994 45.2555 0.245350417391 0.244650086957
TA.E55A.z -76.0572 46.4538 0.243023058824 0.242519558824
TA.OXF.z -89.4092 34.5118 0.245563646154 0.244969523077
TA.456A.z -82.0223 30.7248 0.247738389381 0.247708513274
TA.V53A.z -82.8124 35.6694 0.246630512821 0.24626391453
TA.U49A.z -85.7796 36.5129 0.245534742268 0.245046237113
TA.H59A.z -73.6905 44.6455 0.248077115385 0.248058115385
TA.Y17A.z -110.844 33.6953 0.259697685484 0.258586443548
TA.D24A.z -104.327 47.1152 0.250260238532 0.249857
TA.MUR.z -117.195 33.6 0.25185306 0.2512648
TA.P33A.z -97.6946 39.4363 0.248694784615 0.248130507692
TA.N48A.z -85.0271 40.8591 0.244220927928 0.242422792793
TA.LBNH.z -71.9259 44.2401 0.248212712766 0.247826478723
TA.K37A.z -93.6388 42.7669 0.242673339286 0.241189464286
TA.G08A.z -118.96 45.2904 0.25921075 0.258490827586
TA.M19A.z -109.157 41.5047 0.251313880342 0.250138888889
TA.F20A.z -108.149 45.8006 0.246856436508 0.246704793651
TA.D37A.z -92.4262 47.1581 0.244368026786 0.24367
TA.I58A.z -74.9733 43.6901 0.24958650495 0.248661029703
TA.ACSO.z -82.982 40.2319 0.247384139073 0.246260443709
TA.W24A.z -105.408 35.2106 0.256197469565 0.25564046087
TA.X46A.z -88.5844 34.5564 0.241715542553 0.241934531915
TA.F58A.z -73.8145 45.8663 0.245783684685 0.244814846847
TA.CCM.z -91.2446 38.0557 0.244520097222 0.244625583333
TA.758A.z -81.1996 28.9621 0.246579576087 0.246114456522
TA.P50A.z -83.7988 39.6086 0.244664546875 0.244913617188
TA.U16A.z -111.13 36.1428 0.256529125 0.257016304687
TA.I12A.z -115.133 43.7945 0.262577492063 0.261913920635
TA.SBC.z -119.715 34.4408 0.253729 0.252980847826
TA.A11A.z -116.363 48.958 0.253897257143 0.256179171429
TA.C25A.z -103.256 47.7124 0.247623637168 0.246929964602
TA.Y30A.z -100.898 33.8766 0.249478169811 0.249483792453
TA.G33A.z -96.4383 45.1946 0.243547611111 0.243110638889
TA.P42A.z -90.3443 39.5853 0.243120900901 0.24320436036
TA.D61A.z -70.1868 47.2022 0.246496836538 0.246350346154
TA.M60A.z -74.625 41.3265 0.245965582524 0.244797475728
TA.D41A.z -88.5657 47.0605 0.248111542373 0.247936271186
TA.M07A.z -119.171 41.3884 0.261711505155 0.26165614433
TA.A27A.z -101.241 48.9533 0.245880664 0.24503552
TA.M10A.z -116.54 41.522 0.262161260163 0.262261479675
TA.AMTX.z -101.681 34.8837 0.253561096774 0.253143096774
TA.J14A.z -113.518 43.3234 0.263295782609 0.2637652
TA.R25A.z -104.283 38.1474 0.254438679245 0.253615443396
TA.I04A.z -122.411 43.7941 0.257730457143 0.257623814286
TA.B27A.z -101.26 48.4044 0.245438320755 0.245470028302
TA.A22A.z -105.915 48.9926 0.248828528846 0.247692826923
TA.K20A.z -108.342 42.6579 0.25121079661 0.250815661017
TA.U43A.z -90.4057 36.3693 0.245812373737 0.246211676768
TA.SCI2.z -118.547 32.9799 0.255108418605 0.254976116279
TA.G60A.z -72.3337 45.0977 0.250002152381 0.249608438095
TA.D33A.z -95.8448 47.1404 0.242971640777 0.241945067961
TA.I25A.z -103.732 44.0196 0.249375380952 0.249568230159
TA.859A.z -80.8984 28.0592 0.247196287129 0.246189138614
TA.V44A.z -89.8954 35.8282 0.247113588235 0.246631731092
TA.X23A.z -106.188 34.581 0.25648605042 0.255725168067
TA.120A.z -108.633 32.5466 0.259010770492 0.258477008197
TA.J58A.z -75.2852 43.3603 0.248854757009 0.248049140187
TA.O31A.z -99.3261 40.1521 0.248097956835 0.246362517986
TA.J54A.z -78.6392 43.2728 0.247447031915 0.246296606383
TA.DWPF.z -81.4327 28.1103 0.246160519608 0.246608833333
TA.142A.z -91.9457 32.5488 0.248754134921 0.250054238095
TA.S45A.z -88.5804 37.6774 0.244175263566 0.24406975969
TA.Y25A.z -104.693 33.9229 0.253197035398 0.252867389381
TA.ABTX.z -99.6431 32.6238 0.246219315152 0.246225151515
TA.T15A.z -112.382 37.0183 0.25478979845 0.255082775194
TA.T48A.z -86.3943 37.1094 0.244750561224 0.24486605102
TA.F23A.z -105.406 45.7212 0.2475885 0.246650820755
TA.P10A.z -116.464 39.6202 0.260724349206 0.2598775
TA.E58A.z -73.2771 46.3721 0.245078178947 0.243201494737
TA.151A.z -85.3267 32.5269 0.245881226804 0.246667814433
TA.J23A.z -105.552 43.4036 0.251031776923 0.250016769231
TA.T60A.z -76.7349 37.1397 0.245686963964 0.244781432432
TA.D58A.z -72.8826 47.0954 0.245983514286 0.245540666667
TA.R27A.z -102.798 38.2859 0.249727508929 0.249540357143
TA.ERPA.z -79.9891 42.1175 0.245130083333 0.245366009259
TA.C16A.z -111.746 47.8012 0.248741410853 0.248001682171
TA.BGNE.z -98.1502 41.4083 0.244166474576 0.244573570621
TA.GLA.z -114.827 33.0515 0.260137214286 0.25942302381
TA.O32A.z -98.2764 40.261 0.248418162963 0.247121444444
TA.Z37A.z -95.6229 33.1981 0.250395288889 0.249440855556
TA.D25A.z -103.32 47.1508 0.24591295283 0.246039066038
TA.L30A.z -99.7196 41.9492 0.244694989583 0.245345489583
TA.G10A.z -117.12 45.2925 0.251820313043 0.2526738
TA.J33A.z -96.9667 43.3185 0.243853429752 0.242375322314
TA.W39A.z -93.784 35.196 0.249281923664 0.248586320611
TA.H56A.z -76.2594 44.593 0.246408301205 0.245890385542
TA.Y23A.z -106.055 33.9315 0.254540112069 0.255054431034
TA.V43A.z -90.5443 35.7857 0.245539980392 0.245611529412
TA.638A.z -95.4481 29.4193 0.252485836364 0.251350618182
TA.DVT.z -116.101 32.6591 0.235588333333 0.236206
TA.V56A.z -80.4963 35.8097 0.246105928058 0.245141359712
TA.N52A.z -81.6876 40.8125 0.24484062931 0.244110896552
TA.S61A.z -75.6727 37.6804 0.245891237624 0.245509485149
TA.D50A.z -79.8412 47.1668 0.246034608696 0.246697333333
TA.LAO.z -106.223 46.6885 0.256193676471 0.254850735294
TA.450A.z -86.5863 30.8038 0.247001861702 0.24679112766
TA.F55A.z -76.351 45.8338 0.244002211765 0.243573388235
TA.N41A.z -90.8552 40.7077 0.245086308411 0.243886317757
TA.G11A.z -116.268 45.3997 0.253390031746 0.253121952381
TA.M53A.z -80.675 41.4393 0.245642395161 0.245293145161
TA.252A.z -84.7357 31.9962 0.245887752212 0.24566679646
TA.I20A.z -108.128 43.9496 0.2486245 0.248009084615
TA.X35A.z -96.9731 34.3995 0.247650551724 0.247190905172
TA.833A.z -99.3939 28.3236 0.25300238843 0.25278131405
TA.I49A.z -82.8246 43.94 0.243546769231 0.243369247863
TA.P36A.z -95.206 39.6204 0.245311423729 0.244845661017
TA.T14A.z -113.084 37.0615 0.26004304065 0.260144276423
TA.129A.z -101.866 32.6309 0.251532056604 0.250370424528
TA.O55A.z -79.3041 40.2076 0.2447016 0.2442442
TA.LRL.z -117.682 35.4795 0.251806432432 0.251218621622
TA.334A.z -98.2379 31.3325 0.245307474576 0.244723855932
TA.W21A.z -107.648 35.117 0.257796661157 0.258005066116
TA.Z50A.z -85.9226 33.254 0.24636905814 0.246470627907
TA.Z21A.z -107.671 33.3086 0.256430595506 0.255879314607
TA.V23A.z -106.183 35.7452 0.254803752066 0.25584668595
TA.D29A.z -99.5957 47.0605 0.242830355932 0.242870881356
TA.W38A.z -94.5184 35.0704 0.249368644628 0.249414652893
TA.F13A.z -114.332 45.7893 0.254503106509 0.253895633136
TA.Y47A.z -87.8494 33.9025 0.244274096491 0.244488868421
TA.V40A.z -92.8232 35.8044 0.247184352941 0.24689587395
TA.Q40A.z -92.0748 38.9946 0.2433034 0.243234683333
TA.E05A.z -121.761 46.5605 0.257541397436 0.25843774359
TA.M50A.z -83.0428 41.4035 0.24551454386 0.244577333333
TA.W16A.z -111.532 35.0951 0.258914953271 0.25916171028
TA.F14A.z -113.37 45.8122 0.254201057471 0.254365028736
TA.D28A.z -100.569 47.1929 0.243976272 0.243634824
TA.Y27A.z -103.163 33.8839 0.254911588235 0.253807754902
TA.J27A.z -102.007 43.2526 0.247752888889 0.247740555556
TA.556A.z -82.4057 30.0015 0.248830137931 0.249113022989
TA.J37A.z -93.5527 43.3103 0.242937661017 0.241793449153
TA.231A.z -100.316 31.9353 0.246567531532 0.244586108108
TA.145A.z -89.9287 32.6035 0.248668908397 0.248602496183
TA.627A.z -103.389 29.4528 0.254012361345 0.253871773109
TA.C11A.z -116.256 47.8397 0.251371681818 0.250849672727
TA.W33A.z -98.4686 35.1518 0.244186717742 0.243899346774
TA.E60A.z -71.4469 46.3689 0.246305793814 0.245314938144
TA.G17A.z -110.74 45.3212 0.255955359649 0.255666289474
TA.439A.z -94.766 30.7937 0.25031762069 0.249672422414
TA.K24A.z -104.815 42.7225 0.250059429688 0.248941078125
TA.CIA.z -118.415 33.4019 0.25342445098 0.253768470588
TA.Y45A.z -89.5431 33.8656 0.245596648649 0.245254
TA.H16A.z -111.248 44.7038 0.258889961538 0.259773076923
TA.C24A.z -104.425 47.5302 0.249658596491 0.24994754386
TA.Y39A.z -94.0936 33.938 0.248956092593 0.249010083333
TA.S41A.z -91.7458 37.5877 0.244623938053 0.243544353982
TA.F52A.z -79.3227 45.7951 0.246068679487 0.245540948718
TA.MNTX.z -105.382 31.6985 0.2530025 0.25158975
TA.Q39A.z -92.9759 39.0455 0.242332391304 0.241804826087
TA.GMR.z -115.66 34.7846 0.25808852381 0.258690571429
TA.F06A.z -120.782 45.7664 0.259528735632 0.260199321839
TA.V48A.z -86.8219 35.74 0.24490892562 0.244978553719
TA.K23A.z -105.625 42.7546 0.249224848739 0.248947798319
TA.E20A.z -108.13 46.5038 0.248514320755 0.248520726415
TA.H32A.z -97.4363 44.5041 0.243971619835 0.243075545455
TA.K21A.z -107.251 42.6332 0.248668864865 0.248465171171
TA.M35A.z -95.6945 41.4665 0.244760766129 0.245083217742
TA.A18A.z -109.846 48.9198 0.249502169811 0.2488285
TA.W49A.z -86.2645 35.1194 0.245308264706 0.244994
TA.329A.z -101.981 31.487 0.246256546218 0.245740697479
TA.J02A.z -123.575 43.3654 0.260474893939 0.260582848485
TA.N12A.z -115.039 40.8522 0.260011280992 0.260151917355
TA.K32A.z -97.9723 42.6597 0.246113964912 0.245657254386
TA.436A.z -96.796 30.7702 0.250879697674 0.251224829457
TA.636A.z -97.057 29.481 0.249077780488 0.249963235772
TA.O36A.z -94.9645 40.1315 0.244160846847 0.244400963964
TA.138A.z -95.0887 32.6604 0.251847740157 0.250737110236
TA.P31A.z -99.3783 39.5211 0.249837384615 0.247861470085
TA.X58A.z -79.3388 34.5548 0.245619316327 0.24518422449
TA.Y52A.z -84.0626 33.864 0.245259710526 0.245325473684
TA.339A.z -94.556 31.3331 0.250164689655 0.250229534483
TA.X38A.z -94.8288 34.6692 0.248786849558 0.24825
TA.S25A.z -104.435 37.6606 0.252764265487 0.25299679646
TA.I30A.z -99.4262 43.9143 0.248486245098 0.248339843137
TA.R20A.z -108.379 38.1888 0.257445233333 0.257554591667
TA.W43A.z -90.7061 35.0877 0.243570368421 0.243743789474
TA.G20A.z -108.214 45.2202 0.250164150794 0.24912218254
TA.F04A.z -122.419 45.9325 0.25951049505 0.258914633663
TA.H08A.z -118.67 44.5191 0.260577396552 0.259991362069
TA.L42A.z -89.667 42.004 0.244044358491 0.243356103774
TA.115A.z -112.228 32.7006 0.255429729508 0.256222622951
TA.N51A.z -82.3748 40.9183 0.246449313869 0.245187379562
TA.SWS.z -115.8 32.9451 0.257202833333 0.257035642857
TA.M15A.z -112.448 41.4632 0.253742322581 0.253466083871
TA.C14A.z -113.747 47.7687 0.251193070652 0.251007597826
TA.B31A.z -97.6495 48.4236 0.241704776786 0.241053276786
TA.O47A.z -86.1742 40.2361 0.244667336842 0.2437288
TA.L32A.z -98.008 42.0045 0.244377191304 0.244182947826
TA.L46A.z -86.2955 42.0127 0.241761184466 0.241650087379
TA.114A.z -112.883 32.7513 0.258087436364 0.258500090909
TA.527A.z -103.612 30.1456 0.253420278689 0.25390352459
TA.D10A.z -117.276 47.0547 0.250198588235 0.249398865546
TA.U61A.z -76.4464 36.3319 0.247009297297 0.246520720721
TA.E12A.z -115.571 46.4151 0.255324 0.252877797872
TA.G34A.z -95.638 45.2419 0.243427378378 0.243175117117
TA.Y24A.z -105.436 33.9257 0.253562115044 0.253612522124
TA.C23A.z -105.184 47.8026 0.249921809091 0.250714936364
TA.M64A.z -71.2102 41.5509 0.246897377778 0.246068966667
TA.D27A.z -101.525 47.1081 0.245449037037 0.244842444444
TA.Z28A.z -102.387 33.2884 0.248071753247 0.246629714286
TA.E40A.z -89.8991 46.4446 0.242115835294 0.242239011765
TA.I40A.z -90.6177 43.8916 0.244670820755 0.243642584906
TA.I39A.z -91.5231 43.8543 0.242504392523 0.242161831776
TA.232A.z -99.6469 31.888 0.246133975 0.245375225
TA.M28A.z -101.371 41.3956 0.244487864407 0.244706033898
TA.S52A.z -83.0784 37.6791 0.246705403361 0.245488831933
TA.Z34A.z -97.9158 33.3712 0.247328917526 0.246646835052
TA.347A.z -88.5412 31.4017 0.249713444444 0.249665492063
TA.X54A.z -82.3743 34.5474 0.2448175 0.243975492063
TA.W60A.z -77.7133 35.0528 0.247276572816 0.246861252427
TA.530A.z -101.338 30.1489 0.249489643478 0.24954226087
TA.M56A.z -78.1826 41.4837 0.245582596154 0.244772067308
TA.I64A.z -69.6347 43.9197 0.244793655914 0.245065451613
TA.O48A.z -85.1553 40.2571 0.245414758621 0.244464672414
TA.S34A.z -97.1111 37.7009 0.243462296875 0.243352109375
TA.J30A.z -99.4922 43.3248 0.246320471545 0.245991650407
TA.O17A.z -110.738 40.1948 0.2561833125 0.256461089286
TA.I36A.z -94.0143 44.0191 0.242515991667 0.241929766667
TA.L58A.z -75.8502 42.0447 0.248243099099 0.247867792793
TA.I19A.z -108.994 44.0363 0.250847942623 0.249173672131
TA.K26A.z -103.178 42.7016 0.250680707317 0.249953211382
TA.533A.z -99.0351 30.0718 0.246539483607 0.247051155738
TA.R06C.z -119.451 38.5226 0.260122628866 0.259862082474
TA.U48A.z -86.5402 36.5107 0.244644428571 0.244532406593
TA.246A.z -89.1286 32.0143 0.249054178862 0.248061910569
TA.X18A.z -109.95 34.5293 0.260493465517 0.260934767241
TA.217A.z -110.816 31.7748 0.259133376147 0.258537513761
TA.K60A.z -73.8886 42.6168 0.249378183673 0.25010794898
TA.656A.z -82.5348 29.3689 0.248208953271 0.248504981308
TA.C10A.z -117.308 47.8192 0.253403162393 0.252363974359
TA.J41A.z -90.0137 43.3655 0.244393008621 0.244212793103
TA.E63A.z -68.422 46.422 0.246128428571 0.246219
TA.S33A.z -98.0016 37.5936 0.246373583333 0.24572635
TA.F35A.z -94.5734 45.858 0.243928140187 0.243435149533
TA.V12A.z -114.851 35.7266 0.261088640625 0.25988065625
TA.O06A.z -119.827 40.165 0.261694060606 0.262179979798
TA.T47A.z -87.1055 36.9881 0.247030129032 0.245481526882
TA.F10A.z -117.228 45.9734 0.2528959 0.2522862
TA.M30A.z -99.8723 41.5371 0.246132137615 0.245704119266
TA.P27A.z -102.578 39.5559 0.251701875 0.251208076923
TA.Q33A.z -97.8327 38.9982 0.247842776 0.246673184
TA.N33A.z -97.4506 40.7384 0.242507544 0.242615056
TA.K61A.z -73.2676 42.6695 0.246610989247 0.247494451613
TA.Q38A.z -93.6182 38.9609 0.243855474576 0.242914254237
TA.M31A.z -98.9766 41.344 0.244537976378 0.244802417323
TA.P35A.z -96.0188 39.5286 0.245138239316 0.243691358974
TA.M44A.z -88.0432 41.3882 0.243060776699 0.24257768932
TA.156A.z -81.495 32.6542 0.24735017757 0.247516626168
TA.Z14A.z -112.946 33.3627 0.2548941875 0.253657196429
TA.SCIA.z -93.2153 41.9069 0.246270787234 0.246202489362
TA.D18A.z -109.802 47.1961 0.251309724409 0.250512267717
TA.125A.z -104.657 32.6588 0.251463982301 0.252198672566
TA.P57A.z -78.0126 39.4835 0.245216601852 0.24526187037
TA.X27A.z -103.097 34.6469 0.254551513043 0.253791086957
TA.X52A.z -83.8938 34.6032 0.245101103448 0.245243844828
TA.K34A.z -96.0957 42.6865 0.245714198276 0.244783017241
TA.I60A.z -73.2916 43.844 0.250466216495 0.250015298969
TA.L37A.z -93.7546 42.1246 0.24437190991 0.242847099099
TA.W37B.z -95.4316 35.139 0.246409298701 0.246542987013
TA.Z59A.z -79.278 33.2414 0.271047 0.270623
TA.Q46A.z -87.3575 39.0231 0.245419927083 0.244589895833
TA.433A.z -99.091 30.7544 0.247006059829 0.245472811966
TA.P58A.z -77.3005 39.4891 0.245147633028 0.244848018349
TA.E39A.z -90.5557 46.3777 0.2432176 0.242798282353
TA.R22A.z -106.756 38.2289 0.255629992063 0.255642706349
TA.K33A.z -97.0012 42.6052 0.245703896552 0.244834663793
TA.Q15A.z -112.379 38.9995 0.263313469027 0.263391654867
TA.B22A.z -105.996 48.3008 0.249135438776 0.248331377551
TA.M46A.z -86.3524 41.4079 0.242902340659 0.243695241758
TA.Y43A.z -90.9285 33.9121 0.249300934426 0.247772254098
TA.V03C.z -121.236 36.0214 0.255560728571 0.255061314286
TA.A21A.z -106.925 48.9912 0.2466062 0.245060933333
TA.341A.z -93.1681 31.3334 0.251469014815 0.251240222222
TA.L09A.z -117.667 42.0192 0.26242705102 0.263102326531
TA.K17A.z -110.92 42.7507 0.254976 0.251889765306
TA.254A.z -83.2905 31.9457 0.246058967213 0.245350827869
TA.J47A.z -84.8214 43.2382 0.244877669643 0.243803553571
TA.O08A.z -118.155 40.2903 0.260273677419 0.259756268817
TA.Q52A.z -82.2669 38.9622 0.246028902597 0.245851181818
TA.ISA.z -118.474 35.6628 0.253111744681 0.250993340426
TA.M52A.z -81.357 41.5405 0.245509933884 0.244137190083
TA.W41A.z -92.2478 35.1736 0.246688705882 0.246153705882
TA.WCI.z -86.2939 38.2289 0.245921132075 0.246035157233
TA.I09A.z -117.741 43.9733 0.26217375 0.261157625
TA.C36A.z -92.8378 47.758 0.244450418182 0.243787790909
TA.320A.z -108.528 31.3369 0.25380509322 0.253887008475
TA.128A.z -102.485 32.6213 0.249792136364 0.248411445455
TA.Q58A.z -77.682 38.9413 0.245946727273 0.245200354545
TA.AAM.z -83.6567 42.3012 0.246062401709 0.245589581197
TA.BFS.z -117.659 34.2388 0.251252697674 0.251733186047
TA.M39A.z -92.1725 41.4786 0.246484319328 0.244173932773
TA.H02A.z -124 44.6764 0.253939693333 0.254418933333
TA.Q19A.z -109.263 38.9553 0.254248744 0.253938712
TA.M61A.z -73.7673 41.3104 0.24654495283 0.245534424528
TA.F60A.z -71.9514 45.9688 0.246959371134 0.246132742268
TA.T38A.z -94.293 37.0354 0.243697135593 0.244196355932
TA.T13A.z -113.907 37.0195 0.261233558559 0.261936234234
TA.216A.z -111.457 32.0022 0.257715436975 0.257410512605
TA.T50A.z -84.8384 37.0204 0.246663189189 0.245522315315
TA.L24A.z -104.933 42.0432 0.251305194915 0.250432516949
TA.V50A.z -85.1 35.6713 0.24524625 0.244805796296
TA.NHSC.z -80.1778 33.1067 0.244468322581 0.244293790323
TA.ISCO.z -105.613 39.7997 0.2528802 0.253099333333
TA.E43A.z -86.9954 46.3758 0.245238872881 0.245300915254
TA.E59A.z -72.5108 46.4803 0.246572463158 0.245488905263
TA.P08A.z -118.08 39.6946 0.262087460784 0.262231647059
TA.V51A.z -84.3511 35.8033 0.246297873786 0.247064427184
TA.U12A.z -114.539 36.4321 0.26028026087 0.260469817391
TA.218A.z -110.046 31.9737 0.257449446429 0.257872321429
TA.G21A.z -107.207 45.225 0.247106914062 0.246597929687
TA.T37A.z -94.9176 37.123 0.246170824561 0.245761473684
TA.K38A.z -92.7709 42.6472 0.244416324786 0.24264974359
TA.X36A.z -96.352 34.5704 0.245962401639 0.245932680328
TA.Y21A.z -107.674 34.0087 0.257854840336 0.257968168067
TA.S12A.z -114.849 37.6083 0.261177696 0.26088076
TA.Q49A.z -84.8956 39.005 0.243641125 0.243369366667
TA.I35A.z -94.9829 43.8565 0.246969190083 0.245886727273
TA.T40A.z -92.5193 37.1504 0.245090837398 0.244934674797
TA.U28A.z -102.224 36.3793 0.249800431373 0.249792362745
TA.D36A.z -93.1645 47.1765 0.244747777778 0.243362509259
TA.Y15A.z -112.333 33.9535 0.25856807563 0.258489462185
TA.V33A.z -98.2862 35.8209 0.246333434783 0.245560608696
TA.PDM.z -114.142 34.3034 0.25043673913 0.25058176087
TA.W50A.z -85.3119 35.2002 0.247044972477 0.246454550459
TA.R14A.z -113.021 38.2987 0.262247130435 0.26200126087
TA.Q04C.z -121.377 38.839 0.256310549296 0.258011112676
TA.F38A.z -91.8775 45.9588 0.243248911765 0.242981147059
TA.E15A.z -112.641 46.4246 0.253083826087 0.253070627329
TA.S26A.z -103.471 37.6216 0.251537235772 0.250919398374
TA.Q36A.z -95.4609 38.9612 0.246451867257 0.245058389381
TA.S57A.z -78.9536 37.7605 0.246736318584 0.246398309735
TA.Y48A.z -87.1696 33.9131 0.245338914894 0.245306542553
TA.C21A.z -107.096 47.8264 0.250035036697 0.248519899083
TA.S38A.z -93.9078 37.6304 0.243516666667 0.243633766667
TA.Z58A.z -79.8129 33.3349 0.245855822222 0.244640022222
TA.R33A.z -97.9842 38.3081 0.247001550847 0.245984161017
TA.H09A.z -117.664 44.6653 0.257127705882 0.257314403361
TA.E14A.z -113.493 46.4162 0.2545074875 0.25562145
TA.T41A.z -91.7636 37.0436 0.244744598361 0.244583286885
TA.F17A.z -110.659 45.9054 0.251670546875 0.25140315625
TA.D08A.z -118.921 47.0573 0.254782367187 0.255437132813
TA.331A.z -100.427 31.3085 0.24784082243 0.246658981308
TA.Q20A.z -108.296 38.9541 0.258099217054 0.257773837209
TA.EDW2.z -117.994 34.8811 0.253703069767 0.252568302326
TA.G24A.z -104.416 45.328 0.24806 0.24782662037
TA.R09A.z -117.072 38.2397 0.258058958333 0.25889071875
TA.T33A.z -98.2444 37.0824 0.249720455285 0.249866414634
TA.Z38A.z -94.9851 33.2599 0.252383719512 0.252058317073
TA.N59A.z -75.7703 40.9168 0.246170134615 0.245407451923
TA.Q31A.z -99.395 39.0048 0.249140198198 0.247614504505
TA.H35A.z -94.8311 44.6985 0.243872990099 0.244243435644
TA.N31A.z -98.9544 40.8235 0.244984598485 0.244164106061
TA.Y46A.z -88.8577 33.8828 0.243613217391 0.243900886957
TA.F57A.z -74.6928 45.8122 0.244211868421 0.243383280702
TA.K13A.z -114.084 42.6493 0.262930716667 0.264325791667
TA.U18A.z -109.87 36.4199 0.255012692913 0.254118251969
TA.I51A.z -81.0231 43.8036 0.243337528302 0.242917358491
TA.F12A.z -115.255 45.7565 0.254613080247 0.253660654321
TA.255A.z -82.4758 31.9263 0.246280026316 0.245179675439
TA.W45A.z -89.186 35.1568 0.245758482759 0.24572975
TA.D55A.z -75.4732 47.019 0.24398215 0.24362299
TA.U17A.z -110.662 36.5996 0.25507816129 0.255569370968
TA.Z49A.z -86.5311 33.1942 0.244126194805 0.244133831169
TA.K05A.z -120.893 42.7258 0.263531081081 0.263975472973
TA.H05A.z -121.227 44.6473 0.258615289157 0.258319024096
TA.E52A.z -78.6569 46.2851 0.243206638889 0.243085972222
TA.MSTX.z -102.772 33.9696 0.253789831081 0.253213121622
TA.N20A.z -108.263 40.8338 0.252343658915 0.252872178295
TA.G14A.z -113.46 45.2432 0.25761839375 0.257344425
TA.L27A.z -102.315 42.0837 0.248623271186 0.248390567797
TA.F61A.z -70.9921 45.9743 0.248744505263 0.248120810526
TA.I48A.z -83.7022 44.1873 0.245562183486 0.245105825688
TA.243A.z -91.4827 31.8803 0.250410446154 0.251430661538
TA.626A.z -104.133 29.554 0.252152625 0.2521111
TA.M09A.z -117.45 41.423 0.262258153846 0.262175173077
TA.E08A.z -119.06 46.4911 0.254654192 0.253505424
TA.Q55A.z -80.0812 38.9952 0.247399681481 0.250450577778
TA.V28A.z -102.224 35.7505 0.250937739496 0.250577058824
TA.U21A.z -107.658 36.4277 0.258465381443 0.258707639175
TA.O38A.z -93.4731 40.1215 0.241886854839 0.24163625
TA.K18A.z -110.042 42.6372 0.255223333333 0.253746397849
TA.438A.z -95.4741 30.75 0.250117237705 0.249442868852
TA.U36A.z -95.7325 36.3927 0.244691909091 0.243746172727
TA.Y38A.z -94.7311 33.9278 0.248508181818 0.248388427273
TA.G07A.z -119.669 45.2664 0.258051407407 0.257487990741
TA.U57A.z -79.3364 36.4319 0.247741160714 0.246369607143
TA.V58A.z -79.115 35.794 0.245013669811 0.244686103774
TA.F11A.z -116.155 45.8883 0.252929823529 0.252319672269
TA.O45A.z -87.7244 40.2489 0.243737141304 0.243902793478
TA.C32A.z -96.5281 47.8255 0.241864019802 0.240546148515
TA.U19A.z -109.208 36.2925 0.258374171875 0.258412140625
TA.H31A.z -98.4772 44.4795 0.243401523364 0.24310782243
TA.238A.z -95.1203 32.0034 0.251753292683 0.25338698374
TA.337A.z -95.8854 31.3159 0.248925085271 0.249605581395
TA.E23A.z -105.306 46.4978 0.248551141509 0.247756877358
TA.J60A.z -73.4212 43.2438 0.250879576923 0.250825730769
TA.541A.z -93.1875 30.0596 0.251316112903 0.250252596774
TA.H64A.z -69.2203 44.6412 0.248464030612 0.247248857143
TA.S15A.z -112.363 37.6761 0.256035432432 0.257207648649
TA.H60A.z -72.6986 44.5606 0.247435042105 0.248109631579
TA.Q14A.z -113.277 38.9882 0.261859849057 0.262001613208
TA.M48A.z -84.7171 41.4846 0.243622247863 0.243062905983
TA.S21A.z -107.792 37.662 0.258755535714 0.259011026786
TA.F16A.z -111.626 45.7843 0.253983726415 0.254136273585
TA.W57A.z -79.9928 35.1529 0.245650759615 0.245319682692
TA.I55A.z -77.6817 44.2161 0.244633912088 0.24448178022
TA.Y57A.z -80.3915 34.017 0.246551628319 0.24498700885
TA.W44A.z -89.8161 35.1395 0.24435289916 0.244206235294
TA.R37A.z -94.8294 38.3133 0.244603628319 0.243604769912
TA.L25A.z -103.966 42.1548 0.24894790678 0.248753516949
TA.V30A.z -100.689 35.7623 0.252025990741 0.251691037037
TA.R41A.z -91.3795 38.2976 0.24233607767 0.242735446602
TA.R34A.z -97.247 38.3008 0.241029068966 0.240347767241
TA.G35A.z -94.4855 45.2199 0.243613415929 0.243273707965
TA.G22A.z -106.292 45.2189 0.248049278846 0.246861836538
TA.F28A.z -100.8 45.8485 0.244039232323 0.243781020202
TA.X33A.z -98.5006 34.541 0.248662958678 0.247569958678
TA.P60A.z -75.6358 39.8113 0.247910074074 0.248327490741
TA.M29A.z -100.689 41.4441 0.246425716981 0.246238198113
TA.ELFS.z -120.728 40.6183 0.261607349206 0.262838539683
TA.U22A.z -106.855 36.3773 0.258598364486 0.259634766355
TA.Q51A.z -83.3456 39.026 0.2442186 0.243901483333
TA.K59A.z -74.8525 42.775 0.249281475728 0.249217330097
TA.W22A.z -106.867 35.0719 0.257003378151 0.257351067227
TA.U39A.z -93.4805 36.3823 0.244140715447 0.24541503252
TA.S39A.z -93.3226 37.691 0.245831902439 0.24563095122
TA.529A.z -102.22 30.1246 0.250492446429 0.250653232143
TA.G53A.z -78.6237 45.1222 0.242903987342 0.242248101266
TA.BC3.z -115.454 33.6552 0.2582813125 0.258752041667
TA.M37A.z -94.0575 41.4028 0.242902810345 0.243056784483
TA.S18A.z -109.995 37.6903 0.258755521368 0.257681991453
TA.S60A.z -76.6535 37.7055 0.245958126126 0.246216873874
TA.S35A.z -96.319 37.6821 0.244246737705 0.243812565574
TA.J35A.z -95.2078 43.3655 0.244743723214 0.243152160714
TA.E56A.z -75.0341 46.5436 0.24344956044 0.24279156044
TA.Q43A.z -89.6991 38.941 0.245010608333 0.244330525
TA.432A.z -99.7937 30.8755 0.248412273504 0.247196478632
TA.E28A.z -100.693 46.5748 0.24382976699 0.242544165049
TA.A31A.z -97.1888 48.932 0.245327454545 0.243808672727
TA.A04A.z -122.707 48.7197 0.257647265957 0.257245085106
TA.O27A.z -102.479 40.19 0.251369973214 0.250765803571
TA.N13A.z -114.204 40.8556 0.259559289855 0.259081876812
TA.O22A.z -106.547 40.1618 0.254673806723 0.255006386555
TA.E54A.z -77.1869 46.4339 0.243734589041 0.243839972603
TA.L59A.z -75.0426 42.1902 0.247051171429 0.246586657143
TA.U05C.z -120.12 36.3356 0.253443157895 0.251801894737
TA.V19A.z -109.046 35.7147 0.254983765625 0.254969
TA.J32A.z -97.8476 43.3719 0.244856266667 0.244378791667
TA.Y28A.z -102.248 33.9086 0.25095229703 0.249675722772
TA.X19A.z -109.29 34.4275 0.255948302326 0.25570620155
TA.X16A.z -111.441 34.4178 0.257740680672 0.258548630252
TA.M18A.z -110.067 41.4272 0.252571304348 0.251590869565
TA.S22A.z -106.829 37.7461 0.257501591667 0.257408875
TA.A13A.z -114.413 48.933 0.250826329412 0.249728870588
TA.Q03C.z -122.015 38.6333 0.257864277778 0.257945972222
TA.257A.z -81.0261 31.9746 0.250030616071 0.249637303571
TA.E35A.z -94.4043 46.5572 0.242163490741 0.241391694444
TA.F37A.z -92.6264 45.7243 0.244412194444 0.244392898148
TA.Q45A.z -88.1565 38.8948 0.245827323232 0.24499869697
TA.P49A.z -84.7164 39.5342 0.245646401786 0.245094776786
TA.W26A.z -103.766 35.0891 0.254710982759 0.25424712931
TA.Y35A.z -97.0374 33.9059 0.250012902655 0.247416212389
TA.E09A.z -118.146 46.5139 0.252292790698 0.252570348837
TA.HELL.z -119.023 36.6801 0.256439684932 0.256212287671
TA.F05A.z -121.459 45.8839 0.260556303797 0.261587835443
TA.N50A.z -83.1486 40.7711 0.24471302521 0.242974731092
TA.Y20A.z -108.377 33.9085 0.258062666667 0.258137408333
TA.L23A.z -105.701 42.1143 0.250549555556 0.250770037037
TA.V25A.z -104.616 35.8383 0.255058198276 0.254660017241
TA.137A.z -95.7559 32.5973 0.248939689394 0.247522181818
TA.J16A.z -111.612 43.2741 0.257076896226 0.256740669811
TA.G30A.z -99.1446 45.1293 0.249792086207 0.248693517241
TA.P01C.z -123.338 39.469 0.255689491525 0.255631762712
TA.A09A.z -118.585 48.9752 0.257221971154 0.257502961538
TA.E44A.z -85.9214 46.6199 0.245668451613 0.245496040323
TA.346A.z -89.4649 31.3876 0.249553541985 0.249460450382
TA.H28A.z -101.021 44.6751 0.246937122642 0.244670377358
TA.P38A.z -93.5321 39.6248 0.243844904762 0.24347431746
TA.N06A.z -119.835 40.7484 0.26233121875 0.262463729167
TA.X37A.z -95.3713 34.5892 0.247266304 0.247340168
TA.T24A.z -105.052 37.0738 0.253375515625 0.25354696875
TA.RRX.z -116.997 34.8753 0.252993803922 0.252917333333
TA.632A.z -99.7863 29.5071 0.248785161017 0.24913079661
TA.G47A.z -83.8551 45.173 0.243603429825 0.243816184211
TA.446A.z -89.3645 30.7912 0.250054700787 0.250393141732
TA.K49A.z -83.4556 42.7835 0.242776940171 0.241732538462
TA.E37A.z -92.4 46.5658 0.24577406422 0.245012165138
TA.L15A.z -112.386 42.0041 0.254902333333 0.253254571429
TA.834A.z -98.5519 28.1251 0.253459216667 0.252918558333
TA.427A.z -103.402 30.8498 0.2546311 0.254083183333
TA.240A.z -93.7626 32.0387 0.252091488 0.25136592
TA.W53A.z -83.163 35.1696 0.244815509091 0.244873618182
TA.W23A.z -106.15 35.1605 0.257653310345 0.257011224138
TA.J22A.z -106.479 43.4126 0.24926619084 0.248546801527
TA.R15A.z -112.277 38.2108 0.260693801653 0.260673239669
TA.R28A.z -101.811 38.3423 0.248635117117 0.248072
TA.V34A.z -97.5176 35.8345 0.246534162162 0.245541297297
TA.112A.z -114.58 32.5356 0.253740425926 0.253444203704
TA.U11A.z -115.383 36.423 0.260102474576 0.259771262712
TA.P48A.z -85.4258 39.4605 0.243890990909 0.242597463636
TA.F22A.z -106.257 45.7794 0.246085801887 0.245372754717
TA.D54A.z -76.657 47.152 0.246930448718 0.246678423077
TA.R54A.z -80.9904 38.1909 0.249589174825 0.250098307692
TA.L29A.z -100.478 42.0641 0.245041053571 0.244382
TA.U51A.z -84.0165 36.3786 0.248054 0.247013054348
TA.S29A.z -101.118 37.6199 0.2464251 0.246020341667
TA.R11A.z -115.585 38.3489 0.259858731707 0.260340471545
TA.I27A.z -102.052 44.069 0.245840658333 0.244973491667
TA.N43A.z -89.1735 40.9394 0.243590087912 0.243290549451
TA.D16A.z -111.549 47.0308 0.252033705357 0.2518118125
TA.Q54A.z -80.8338 38.9836 0.248632073529 0.251827448529
TA.144A.z -90.4226 32.6304 0.247425241379 0.247054715517
TA.V14A.z -113.105 35.6339 0.2601646 0.260548382609
TA.X48A.z -87.0452 34.4517 0.244010108696 0.24389076087
TA.F30A.z -99.025 45.8356 0.248056358974 0.246361649573
TA.H15A.z -112.644 44.6173 0.261052119266 0.261597550459
TA.N58A.z -76.7158 40.8396 0.246946343137 0.246274117647
TA.P07A.z -118.889 39.5399 0.261413010204 0.261578744898
TA.SUSD.z -98.9556 44.4429 0.248917464912 0.248368938596
TA.R35A.z -96.1988 38.3231 0.243831449541 0.243291743119
TA.R12A.z -114.608 38.3281 0.260393609756 0.260613878049
TA.K22A.z -106.524 42.6507 0.249176066176 0.248720852941
TA.O12A.z -114.745 40.2679 0.260241102941 0.259380117647
TA.Z48A.z -87.5556 33.3764 0.241521051724 0.242054172414
TA.D35A.z -94.0529 47.081 0.242472342857 0.241666038095
TA.W28A.z -102.206 35.2574 0.2509302 0.252224433333
TA.P18A.z -110.246 39.6279 0.255362254237 0.255376627119
TA.534A.z -98.4753 30.0284 0.249336564516 0.249117903226
TA.C20A.z -108.004 47.7133 0.249159319328 0.247706663866
TA.BBR.z -116.921 34.2623 0.258168272727 0.257228886364
TA.Q60A.z -75.8429 39.0016 0.246988039216 0.24652004902
TA.Z15A.z -112.158 33.2893 0.257795009615 0.256740932692
TA.X49A.z -86.326 34.5126 0.24518902381 0.245147035714
TA.R07C.z -119.047 38.089 0.264317175439 0.264292912281
TA.U53A.z -82.5765 36.3644 0.245468431373 0.245314921569
TA.L10A.z -116.471 42.0773 0.264339728814 0.264075584746
TA.I45A.z -86.2348 44.0361 0.246212009615 0.244562346154
TA.V60A.z -77.2629 35.765 0.246498851852 0.246270731481
TA.U45A.z -88.7635 36.3481 0.243332386364 0.243994920455
TA.I14A.z -113.452 43.9286 0.262478632075 0.262798726415
TA.Z27A.z -103.215 33.315 0.248265512821 0.246784717949
TA.K36A.z -94.4507 42.6381 0.245310008475 0.243702372881
TA.CNNC.z -77.8901 35.2393 0.246594861111 0.246593444444
TA.B29A.z -99.3535 48.4649 0.243827833333 0.242794649123
TA.M41A.z -90.5422 41.375 0.244815095238 0.243628333333
TA.G63A.z -69.6186 45.1147 0.247568470588 0.246957431373
TA.Q59A.z -76.6548 38.8644 0.245725855856 0.245500981982
TA.H22A.z -106.352 44.5943 0.248445565217 0.24838933913
TA.TIN.z -118.23 37.0542 0.253575363636 0.253113318182
TA.L53A.z -80.2598 41.9539 0.244814485507 0.244563036232
TA.S20A.z -108.36 37.83 0.256233432432 0.257287108108
TA.Z32A.z -99.4783 33.3066 0.24537915625 0.245263109375
TA.357A.z -81.4855 31.4239 0.249459863636 0.248860145455
TA.J39A.z -91.7062 43.3354 0.244056081301 0.242795056911
TA.M42A.z -89.7581 41.4546 0.246775513514 0.246275774775
TA.Q10A.z -116.4 38.8247 0.260710101563 0.260340882812
TA.T42A.z -91.0927 37.0301 0.245046133333 0.245014122222
TA.E38A.z -91.5542 46.6058 0.243722682243 0.24306217757
TA.P45A.z -87.7439 39.5277 0.242194478261 0.242634902174
TA.351A.z -85.6036 31.2753 0.247164622222 0.245763311111
TA.U31A.z -99.8508 36.3695 0.252113367521 0.250988735043
TA.K48A.z -84.1197 42.8032 0.241631945946 0.241348189189
TA.735A.z -97.8081 28.8553 0.249193159091 0.249193325758
TA.A33A.z -95.3904 48.9371 0.244425626263 0.245175343434
TA.W56A.z -80.5828 35.135 0.246377761194 0.245509589552
TA.F18A.z -109.716 45.9046 0.250840563025 0.250814588235
TA.C40A.z -89.1514 47.9154 0.245594958333 0.2445335625
TA.W37A.z -95.4269 35.138 0.249515916667 0.248157777778
TA.158A.z -80.1935 32.7364 0.248193606838 0.249187726496
TA.R47A.z -86.527 38.2957 0.244225769231 0.243037912088
TA.A26A.z -102.038 48.8973 0.246249372881 0.24584609322
TA.Z16A.z -111.427 33.341 0.258570970874 0.258439815534
TA.G45A.z -85.6571 45.0404 0.244291675926 0.244367833333
TA.Q28A.z -101.831 39.0623 0.246479162162 0.246238342342
TA.O23A.z -105.918 40.2109 0.253654915254 0.253703305085
TA.O41A.z -90.882 40.1156 0.246828595238 0.245309833333
TA.W40A.z -93.0693 35.1923 0.249736330645 0.248578427419
TA.646A.z -89.8245 29.5832 0.24928793 0.2491545
TA.K02A.z -123.49 42.7667 0.259981483333 0.259571766667
TA.EGMT.z -109.755 48.024 0.249279578947 0.248742815789
TA.Q35A.z -96.0368 38.8586 0.244715521008 0.24316010084
TA.BRSD.z -98.9563 44.443 0.247308696429 0.247428357143
TA.C13A.z -114.574 47.6795 0.250794259669 0.251322403315
TA.E42A.z -87.914 46.4301 0.244154538462 0.243953142857
TA.256A.z -81.8878 31.9799 0.247358927928 0.246288630631
TA.Z20A.z -108.592 33.1132 0.2576721375 0.2573615375
TA.W46A.z -88.3783 35.1333 0.246450122222 0.245018655556
TA.P46A.z -87.2067 39.6178 0.241384893204 0.240978669903
TA.U24A.z -105.278 36.4093 0.256520716667 0.256609391667
TA.E18A.z -109.914 46.5663 0.251054528926 0.251105396694
TA.I16A.z -111.487 43.8756 0.258455357143 0.259259698413
TA.J34A.z -95.9579 43.2844 0.243573317757 0.241939747664
TA.M49A.z -83.9752 41.4745 0.243956578947 0.243288096491
TA.H06A.z -120.335 44.7344 0.258490194444 0.258603990741
TA.P54A.z -80.4796 39.602 0.246276605042 0.243207773109
TA.NEE2.z -114.619 34.7676 0.253794568627 0.253066254902
TA.N45A.z -87.5118 40.8479 0.243267072917 0.243762375
TA.E27A.z -101.564 46.4293 0.245080772727 0.244177209091
TA.T36A.z -95.8789 37.0605 0.246173303571 0.246700767857
TA.P34A.z -96.8268 39.5471 0.245152504202 0.243968336134
TA.N54A.z -79.9892 40.9617 0.245208081818 0.245300127273
TA.L62A.z -72.6617 42.0328 0.243748666667 0.243884857143
TA.BEL.z -115.998 34.0006 0.25916072 0.25890962
TA.M36A.z -94.8021 41.4537 0.244329122807 0.245110122807
TA.V38A.z -94.4077 35.8626 0.248599712963 0.247550768519
TA.U47A.z -87.2892 36.4413 0.243735574468 0.243247053191
TA.L61A.z -73.5543 42.1934 0.24894443617 0.249920904255
TA.Q07A.z -118.808 38.9383 0.264082616162 0.263667181818
TA.226B.z -104.165 32.0778 0.252643786885 0.251724278689
TA.M57A.z -77.128 41.3372 0.246836226415 0.246231990566
TA.U52A.z -83.3671 36.3929 0.246467147059 0.246507627451
TA.R19A.z -109.261 38.2916 0.256380702703 0.255409747748
TA.N11A.z -115.736 40.8167 0.261128272727 0.259961371901
TA.P29A.z -100.932 39.6021 0.247694173913 0.246810373913
TA.G62A.z -70.5319 45.2186 0.247951393939 0.247826454545
TA.230A.z -101.112 31.8878 0.246534982759 0.24521825
TA.X55A.z -81.6336 34.4701 0.245481910891 0.244948415842
TA.U56A.z -80.3829 36.3472 0.246355210526 0.245226511278
TA.M25A.z -104.055 41.4347 0.247999248 0.247592448
TA.T45A.z -88.6447 37.0196 0.24505022449 0.244411959184
TA.E57A.z -74.1471 46.4117 0.246191303797 0.244703962025
TA.DEC.z -118.334 34.2535 0.257340906977 0.257772790698
TA.W31A.z -99.9435 35.1864 0.253249094017 0.251949760684
TA.N22A.z -106.454 40.8023 0.251893833333 0.25238125641
TA.130A.z -100.965 32.5961 0.248463477876 0.247535380531
TA.L40A.z -91.2218 42.0628 0.24318750365 0.242709744526
TA.R49A.z -85.1714 38.2916 0.246838613445 0.246619327731
TA.J17A.z -110.712 43.3629 0.255443268293 0.250531634146
TA.L43A.z -88.7423 42.1833 0.244093111111 0.243243711111
TA.N16A.z -111.437 40.8869 0.255791232 0.2555424
TA.245A.z -89.8958 32.0322 0.250120365854 0.249352642276
TA.B08A.z -119.333 48.3584 0.253488474138 0.253535508621
TA.I46A.z -85.4472 43.9411 0.245507314815 0.244580259259
TA.V18A.z -109.933 35.7113 0.256834890625 0.256178195313
TA.T26A.z -103.593 37.1747 0.250389438596 0.25038327193
TA.544A.z -91.1612 30.11 0.253346131148 0.2523645
TA.L04A.z -121.891 42.175 0.260451938462 0.261051784615
TA.H65A.z -68.2469 44.6961 0.245727730769 0.245803259615
TA.X39A.z -94.1138 34.5105 0.249065612069 0.249283939655
TA.S36A.z -95.5923 37.724 0.245474208696 0.245203104348
TA.R24A.z -105.107 38.2315 0.254930198276 0.254562913793
TA.S46A.z -87.7153 37.6849 0.246607775281 0.246205966292
TA.325A.z -104.971 31.3711 0.255917008547 0.255787418803
TA.429A.z -101.894 30.6248 0.247331594595 0.24743618018
TA.X51A.z -84.8574 34.5658 0.245761418803 0.246206376068
TA.A24A.z -104.002 48.9239 0.249541722222 0.249219046296
TA.U33A.z -98.1135 36.4327 0.248414487805 0.246447317073
TA.T23A.z -106.037 37.0361 0.256377663717 0.256303265487
TA.K08A.z -118.486 42.7308 0.261011732673 0.262551435644
TA.N24A.z -104.882 40.8271 0.252035520661 0.251535404959
TA.PFO.z -116.459 33.6117 0.247754166667 0.248697604167
TA.E45A.z -85.1774 46.3563 0.244092360825 0.244145608247
TA.S56A.z -79.5662 37.6771 0.247320709091 0.246660072727
TA.W41B.z -92.2479 35.1736 0.246133025641 0.245366418803
TA.T44A.z -89.5896 37.086 0.24568922449 0.24562305102
TA.Q57A.z -78.4107 39.0353 0.247028401639 0.245573254098
TA.E16A.z -111.676 46.5336 0.251773861789 0.251941487805
TA.V61A.z -76.5776 35.7912 0.2464643 0.245970972727
TA.119A.z -109.303 32.7663 0.25481192 0.254096944
TA.P30A.z -100.247 39.5442 0.249412533333 0.2474979
TA.153A.z -83.8316 32.6499 0.247022931624 0.247154299145
TA.N26A.z -103.222 40.8289 0.250040560345 0.249333198276
TA.225A.z -104.823 32.1101 0.253460092437 0.252835991597
TA.P15A.z -112.279 39.5708 0.258307023256 0.259243209302
TA.Y14A.z -113.005 33.9383 0.256964055556 0.256587603175
TA.G39A.z -91.1698 45.2867 0.245422846154 0.244481721154
TA.034A.z -98.6833 27.0647 0.254945556452 0.254861072581
TA.E51A.z -79.4924 46.5333 0.24407 0.244085871429
TA.H39A.z -91.2833 44.6797 0.24363167 0.24272413
TA.336A.z -96.8443 31.387 0.248276238462 0.248452107692
TA.B30A.z -98.3286 48.4505 0.243350811475 0.242878188525
TA.W61A.z -76.9909 35.1773 0.246691538462 0.246596470085
TA.W27A.z -103.063 35.0637 0.254276474576 0.254538220339
TA.J31A.z -98.7396 43.2915 0.244629852174 0.243879173913
TA.P40A.z -92.0483 39.5299 0.245307310345 0.245184965517
TA.I17A.z -110.576 43.92 0.254730376923 0.254297661538
TA.N61A.z -74.2969 40.7519 0.245304451613 0.244654870968
TA.W48A.z -86.9333 35.1386 0.2430647 0.243245577778
TA.O40A.z -91.874 40.1212 0.24694380531 0.24542160177
TA.Q30A.z -100.221 38.9772 0.249069316667 0.247660625
TA.E62A.z -69.5227 46.6201 0.245747482759 0.245939528736
TA.249A.z -87.1225 31.9752 0.246880760417 0.246163791667
TA.Z52A.z -84.4176 33.1893 0.245814915663 0.244665722892
TA.GRA.z -117.366 36.9961 0.26143008 0.25997316
TA.V39A.z -93.645 35.8389 0.245792295082 0.244742270492
TA.Q41A.z -91.2317 38.9539 0.241984230769 0.243142406593
TA.SHO.z -116.275 35.8996 0.254553909091 0.254585931818
TA.543A.z -91.8557 30.0856 0.251875912281 0.251051236842
TA.L38A.z -92.9597 42.141 0.2423891 0.240578772727
TA.J07A.z -119.311 43.3736 0.261681019417 0.261687320388
TA.X28A.z -102.197 34.5185 0.251477889908 0.251155449541
TA.035Z.z -98.0683 26.463 0.2483658 0.247979928
TA.E11A.z -116.209 46.3559 0.251900778761 0.250688362832
TA.F27A.z -102.02 45.8727 0.244433178571 0.244463589286
TA.D03A.z -123.771 47.1161 0.255660123457 0.255215876543
TA.H63A.z -70.0353 44.6616 0.249270135417 0.24853625
TA.E48A.z -82.1653 46.4809 0.246443058824 0.246456029412
TA.Y26A.z -103.825 33.9232 0.250794171429 0.250444409524
TA.G09A.z -117.78 45.2781 0.255494380165 0.255373694215
TA.V31A.z -99.8425 35.7739 0.252079179245 0.250890933962
TA.W35A.z -96.8745 35.1527 0.244267306306 0.244063072072
TA.Z25A.z -104.717 33.2797 0.247683461538 0.246933138462
TA.333A.z -98.9841 31.3249 0.246492903226 0.244677072581
TA.U58A.z -78.5493 36.3944 0.244699472727 0.2440318
TA.X30A.z -100.874 34.4461 0.25078604717 0.250408226415
TA.Y44A.z -90.2112 33.9618 0.247118299145 0.245310931624
TA.349A.z -87.1924 31.3504 0.250357925532 0.247938468085
TA.X22A.z -107.01 34.5058 0.257604176471 0.257947789916
TA.V46A.z -88.1177 35.8007 0.246928329545 0.246284602273
TA.J38A.z -92.4755 43.319 0.244550410256 0.243444239316
TA.M66A.z -70.1353 41.259 0.245330294872 0.243405820513
TA.537A.z -96.3155 30.0799 0.251869941176 0.251007672269
TA.U25A.z -104.408 36.3998 0.254007015873 0.254369579365
TA.457A.z -81.5563 30.6199 0.2517531 0.251447818182
TA.342A.z -92.3249 31.3747 0.251971651852 0.2517118
TA.Q09A.z -117.182 38.834 0.258115105263 0.258297705263
TA.H26A.z -102.774 44.6168 0.246390842975 0.245622710744
TA.SPMN.z -92.8037 45.2246 0.245895448485 0.246077272727
TA.D30A.z -98.7576 47.1082 0.243502236842 0.243507219298
TA.D48A.z -81.8072 47.1743 0.24701136036 0.246711099099
TA.Z46A.z -88.9414 33.1933 0.245171912088 0.24480910989
TA.447A.z -88.6542 30.7952 0.24955647541 0.249714663934
TA.M45A.z -87.2504 41.3881 0.24511585 0.24521113
TA.WVT.z -87.83 36.1297 0.246414704082 0.245801357143
TA.Z54A.z -82.8417 33.2362 0.246203265625 0.246106890625
TA.G41A.z -89.1816 45.2118 0.242924157895 0.242538
TA.T57A.z -79.2538 36.9983 0.247652417391 0.246573565217
TA.Y31A.z -100.261 33.9629 0.250256354545 0.249237427273
TA.J09A.z -117.754 43.3471 0.260910403226 0.260751927419
TA.M40A.z -91.5121 41.406 0.244370574468 0.243173574468
TA.U44A.z -89.6863 36.5047 0.245599632653 0.246210530612
TA.D21A.z -106.994 47.0658 0.249253640351 0.248481219298
TA.K41A.z -90.3046 42.6071 0.244473744 0.24328836
TA.R43A.z -89.9308 38.276 0.245997797872 0.246420531915
TA.Q08A.z -117.932 38.8606 0.261792565657 0.261786545455
TA.N27A.z -102.537 40.8063 0.24858076 0.248069464
TA.Y12C.z -114.524 33.7503 0.252223948529 0.251715551471
TA.P12A.z -114.908 39.4731 0.260191637097 0.25941333871
TA.D07A.z -119.973 47.1936 0.2572125 0.256537215686
TA.O20A.z -108.242 40.1348 0.255053630435 0.254758710145
TA.L57A.z -76.8492 42.0005 0.248352941176 0.247876372549
TA.H45A.z -86.044 44.6232 0.245333495238 0.24475807619
TA.H40A.z -90.3905 44.622 0.243781621359 0.242925893204
TA.R42A.z -90.7944 38.2804 0.244722712766 0.244818212766
TA.V47A.z -87.5205 35.8278 0.246965505263 0.246265905263
TA.K16A.z -111.588 42.8321 0.25783195614 0.255863833333
TA.O13A.z -113.981 40.1314 0.261650176923 0.261503253846
TA.AGMN.z -95.8619 48.2977 0.245637244681 0.246316244681
TA.I18A.z -109.817 43.7013 0.256957567797 0.256048788136
TA.H37A.z -92.9181 44.5812 0.245972974576 0.245582864407
TA.Y34A.z -97.7573 33.9574 0.249248193277 0.247947226891
TA.X56A.z -81.0319 34.4923 0.244209496 0.243646152
TA.D04A.z -122.803 47.1109 0.258164849462 0.258079473118
TA.Z18A.z -110.036 33.0851 0.259847030612 0.260392193878
TA.S30A.z -100.464 37.6402 0.247946470588 0.248450378151
TA.O25A.z -104.12 40.1129 0.253313495495 0.252268648649
TA.E25A.z -103.401 46.5009 0.245513161017 0.244677788136
TA.736A.z -97.0673 28.955 0.251193607477 0.251570429907
TA.CWC.z -118.08 36.4399 0.256761652174 0.253647217391
TA.N49A.z -84.1825 40.922 0.242750295238 0.242490104762
TA.E30A.z -98.9098 46.5021 0.246128383178 0.245536168224
TA.I42A.z -88.9134 43.8908 0.246267391753 0.245564391753
TA.O57A.z -77.6354 40.2104 0.245064613208 0.244582396226
TA.Z39A.z -94.1822 33.2418 0.24953184127 0.249465952381
TA.528A.z -102.788 30.1615 0.249598491379 0.250455
TA.Z51A.z -85.1747 33.3167 0.246490209302 0.245929244186
TA.MLAC.z -118.836 37.6302 0.256574894737 0.256134947368
TA.244A.z -90.6856 32.0422 0.250663195312 0.25010528125
TA.L18A.z -110.036 41.9243 0.251621035714 0.249460723214
TA.M55A.z -78.7649 41.4686 0.244992079545 0.244578920455
TA.U50A.z -84.8431 36.4156 0.247882876289 0.246452268041
TA.T46A.z -87.8941 37.0417 0.244866905263 0.243938221053
TA.P19A.z -108.981 39.6333 0.254083406667 0.252937746667
TA.P39B.z -92.7541 39.4876 0.242584484211 0.242579147368
TA.Y33A.z -98.6256 34.0081 0.249153322314 0.248002652893
TA.D12A.z -115.353 47.0528 0.251805544218 0.251439727891
TA.SFIN.z -87.0967 40.379 0.245326419048 0.245429933333
TA.O53A.z -81.2129 40.2493 0.244978644628 0.241941892562
TA.K57A.z -76.5163 42.7313 0.246066972727 0.245690063636
TA.U20A.z -108.52 36.3758 0.258610132743 0.257896265487
TA.S58A.z -78.0511 37.6126 0.249186044643 0.247986571429
TA.S44A.z -89.2551 37.6936 0.245893539683 0.247246555556
TA.C07A.z -120.061 47.6902 0.255368740385 0.254607942308
TA.251A.z -85.409 32.0929 0.246228388235 0.2466826
TA.J13A.z -114.174 43.3979 0.260792100592 0.262068337278
TA.T58A.z -78.5338 36.9454 0.24543272807 0.244013833333
TA.A20A.z -107.926 48.8799 0.249030010101 0.247166848485
TA.Z47A.z -88.0696 33.199 0.24530295 0.2458266625
TA.M34A.z -96.583 41.5025 0.243944922481 0.244367705426
TA.N21A.z -107.52 40.76 0.253264504274 0.253832418803
TA.K39A.z -91.8878 42.705 0.244550125984 0.243050275591
TA.426A.z -104.029 30.6689 0.253757545455 0.254170479339
TA.W51A.z -84.7599 35.1606 0.244212633663 0.244179831683
TA.O59A.z -76.1859 40.3114 0.244375857143 0.244498933333
TA.G55A.z -76.7187 45.2532 0.246476655556 0.2452265
TA.P06A.z -119.898 39.6785 0.259959969697 0.260489969697
TA.X34A.z -97.8326 34.601 0.248358536585 0.248027219512
TA.G27A.z -101.931 45.3791 0.24509066055 0.244788917431
TA.R45A.z -88.2812 38.2926 0.246457185567 0.24543771134
TA.F31A.z -98.2525 45.8598 0.24370647 0.24324668
TA.C38A.z -91.2732 47.7171 0.242995070796 0.242642858407
TA.H52A.z -79.8888 44.6422 0.245669632911 0.24502335443
TA.U14A.z -113.18 36.4182 0.259827860656 0.259765368852
TA.H41A.z -89.6534 44.6164 0.245733284211 0.244776684211
TA.P43A.z -89.5213 39.6409 0.242984345794 0.242353074766
TA.958A.z -81.7543 27.5855 0.246505571429 0.245858662338
TA.X29A.z -101.701 34.4452 0.250670791304 0.250601452174
TA.140A.z -93.574 32.6408 0.253508171875 0.252694226562
TA.R59A.z -77.1164 38.2005 0.246444607477 0.246758401869
TA.V29A.z -101.521 35.8734 0.251395769912 0.251596212389
TA.S11A.z -115.747 37.6444 0.259955203008 0.260274526316
TA.V59A.z -78.2394 35.7649 0.245582635514 0.245486672897
TA.F21A.z -107.123 45.8231 0.246950193548 0.246679758065
TA.A16A.z -111.597 48.9482 0.250551633929 0.249506133929
TA.O39A.z -92.5438 40.2544 0.24355410084 0.242574815126
TA.131A.z -100.389 32.6737 0.247549318584 0.246549707965
TA.A23A.z -104.879 48.9592 0.248141918367 0.248179387755
TA.M05C.z -121.146 41.3593 0.259773611111 0.260281291667
TA.O34A.z -96.6936 40.1831 0.245868744 0.2452336
TA.832A.z -99.9743 28.2844 0.24912382906 0.249081119658
TA.E06A.z -120.979 46.5433 0.257942700935 0.259131149533
TA.738A.z -95.6481 28.8404 0.250270907563 0.249554294118
TA.328A.z -102.81 31.3818 0.249706192661 0.248861412844
TA.W20A.z -108.5 35.1259 0.260308773109 0.260486159664
TA.N47A.z -85.6942 40.8801 0.24577734 0.24404485
TA.C05A.z -121.689 47.6947 0.2518629875 0.2518762125
TA.HRV.z -71.5583 42.5064 0.24571826 0.24579046
TA.F09A.z -117.909 45.7087 0.255675482143 0.255307642857
TA.S09A.z -117.225 37.7243 0.258194051546 0.258898463918
TA.W25A.z -104.461 35.2177 0.254136008547 0.253259264957
TA.318A.z -109.991 31.439 0.254760798319 0.254550235294
TA.V11A.z -115.43 35.8384 0.257571816 0.25712368
TA.H10A.z -116.747 44.589 0.254338571429 0.254702428571
TA.637A.z -96.3324 29.439 0.25064761 0.24967879
TA.J55A.z -77.8167 43.2657 0.247682554348 0.246801369565
TA.I31A.z -98.5352 44.0297 0.243401466019 0.24343731068
TA.J57A.z -75.9968 43.4099 0.246771323232 0.246562626263
TA.SCZ2.z -119.635 33.9954 0.256081121951 0.255204
TA.247A.z -88.6102 32.053 0.247496310924 0.247210277311
TA.U27A.z -102.825 36.4213 0.249340594059 0.248700306931
TA.425A.z -104.986 30.7862 0.251238834711 0.251472867769
TA.S06C.z -119.849 37.8817 0.260007769231 0.259729738462
TA.I22A.z -106.484 43.8924 0.250755212389 0.249726646018
TA.H17A.z -110.576 44.3951 0.253676535433 0.253794456693
TA.Z56A.z -81.3687 33.3253 0.247300229885 0.24565491954
TA.Z35A.z -97.253 33.3308 0.248996975309 0.247597777778
TA.227A.z -103.292 32.012 0.253579550459 0.252893798165
TA.V37A.z -95.141 35.883 0.245685237624 0.245002287129
TA.G12A.z -115.326 45.1285 0.253023956522 0.253587191304
TA.O11A.z -115.657 40.1313 0.263834813008 0.26226599187
TA.H04A.z -122.186 44.6837 0.258872398058 0.257875873786
TA.VES.z -119.085 35.8409 0.253621319149 0.255833361702
TA.S05C.z -120.33 37.346 0.258476746269 0.258606328358
TA.N35A.z -95.6425 40.8612 0.246012193798 0.246483635659
TA.T19A.z -109.025 36.8299 0.256058788136 0.254986457627
TA.U42A.z -91.2383 36.3514 0.245518669565 0.246125591304
TA.L39A.z -92.0007 42.1234 0.24289521374 0.241287137405
TA.S27A.z -102.898 37.6837 0.250855218487 0.250332621849
TA.J25A.z -103.803 43.3901 0.251421734375 0.251037046875
TA.658A.z -81.2578 29.422 0.245470429907 0.245255317757
TA.V41A.z -92.1554 35.7851 0.247314732759 0.246993267241
TA.S59A.z -77.2942 37.762 0.24515025 0.244826009259
TA.Z26A.z -103.98 33.2716 0.25076712766 0.248799765957
TA.M58A.z -76.4603 41.3721 0.24631227027 0.245804045045
TA.J52A.z -80.4764 43.2407 0.243446254717 0.242902103774
TA.557A.z -81.7291 30.016 0.248541361702 0.248741648936
TA.V26A.z -103.786 35.7964 0.254968055556 0.254161174603
TA.G25A.z -103.417 45.1935 0.248337110169 0.24689720339
TA.F32A.z -97.1264 45.8705 0.242618009259 0.242338509259
TA.L34A.z -96.3762 41.9666 0.245191080645 0.244464483871
TA.W17A.z -110.713 35.0789 0.258767256198 0.259578082645
TA.338A.z -95.3106 31.3567 0.250349706349 0.250751198413
TA.K31A.z -98.7546 42.6229 0.243118345794 0.243104392523
TA.U35A.z -96.7318 36.3709 0.245464281818 0.244099763636
TA.I06A.z -120.211 43.9437 0.261983633663 0.262150455446
TA.GLMI.z -84.6175 44.8245 0.246338695652 0.246144295652
TA.OGNE.z -102.033 40.9451 0.255185153846 0.254063415385
TA.I43A.z -88.146 43.8844 0.245791505495 0.245422472527
TA.431A.z -100.608 30.6824 0.247663726496 0.248266957265
TA.326A.z -103.979 31.3165 0.252675034188 0.253564264957
TA.Q12A.z -114.83 39.04 0.259130884615 0.2584409
TA.S24A.z -105.213 37.6407 0.255706833333 0.255417149123
TA.D31A.z -97.7226 47.0481 0.242279078947 0.241311798246
TA.O50A.z -83.6199 40.1468 0.245493811966 0.244862547009
TA.O61A.z -74.553 40.0934 0.24715346729 0.245635149533
TA.H61A.z -71.9271 44.5339 0.247596369565 0.247773293478
TA.J21A.z -107.446 43.3459 0.250554776923 0.249846669231
TA.Q24A.z -105.149 38.9641 0.254066097561 0.253353772358
TA.P59A.z -76.4327 39.6101 0.245059140351 0.245712157895
TA.G38A.z -91.8549 45.1693 0.244311936842 0.243228694737
TA.344A.z -90.7318 31.4527 0.249940031008 0.25067079845
TA.F15A.z -112.493 45.8409 0.25456885 0.25427625625
TA.BW06.z -109.558 42.7667 0.251721463415 0.251385634146
TA.J18A.z -110.02 43.2112 0.254890347826 0.2547895
TA.M06C.z -120.477 41.2047 0.262566415385 0.261840323077
TA.E13A.z -114.188 46.4423 0.253499477987 0.253422257862
TA.U46A.z -88.1773 36.359 0.2450369375 0.24419784375
TA.O37A.z -94.1461 40.1664 0.243581726496 0.243402461538
TA.E64A.z -67.8285 46.4184 0.24942535 0.24944641
TA.F45A.z -85.5156 45.6837 0.245094517647 0.244853717647
TA.L54A.z -79.3162 42.2345 0.246483384615 0.246125758242
TA.532A.z -99.9049 30.1278 0.247938 0.247206883929
TA.N38A.z -93.235 40.7931 0.243080762712 0.242405228814
TA.Y55A.z -81.8581 33.9375 0.246584816514 0.245428963303
TA.MVCO.z -108.499 37.2103 0.2526406 0.2526256
TA.H11A.z -116.013 44.7035 0.25479940458 0.255139648855
TA.G40A.z -90.2006 45.2684 0.243642539216 0.243154568627
TA.H55A.z -77.183 44.5505 0.243911344828 0.24333316092
TA.E21A.z -107.076 46.5408 0.248544344 0.248089792
TA.I11A.z -115.958 43.9121 0.259785116667 0.259539483333
TA.G31A.z -98.2083 45.2254 0.244478092437 0.243635823529
TA.348A.z -87.9023 31.4129 0.250304271318 0.249527100775
TA.552A.z -85.2938 30.1327 0.248958964706 0.248831129412
TA.K54A.z -78.6908 42.6097 0.244618 0.244797833333
TA.757A.z -82.0685 28.9413 0.245873619048 0.24474252381
TA.Z44A.z -90.4322 33.2773 0.248986417476 0.247804815534
TA.C09A.z -118.274 47.8006 0.251220948718 0.250791692308
TA.K51A.z -81.5082 42.7223 0.245996609524 0.245687066667
TA.P37A.z -94.3491 39.5882 0.244873 0.244670033058
TA.I32A.z -97.4643 44.0271 0.243128693694 0.24258290991
TA.X17A.z -110.806 34.3371 0.258909788462 0.260084394231
TA.634A.z -98.3515 29.3815 0.2514565 0.252792040323
TA.Z30A.z -101.128 33.2861 0.246408788235 0.245891047059
TA.143A.z -91.4036 32.7032 0.248288706294 0.249070601399
TA.M24A.z -104.825 41.4676 0.250981990909 0.250809345455
TA.936A.z -97.3091 27.4208 0.251994132231 0.251598082645
TA.J12A.z -115.098 43.25 0.263189221311 0.26367102459
TA.K55A.z -78.0696 42.7278 0.245759616279 0.245510046512
TA.Q32A.z -98.5596 38.9908 0.246639825 0.245774941667
TA.G58A.z -74.054 45.1492 0.247796763636 0.247138090909
TA.G57A.z -74.9855 45.1036 0.247578403846 0.246873625
TA.O30A.z -100.057 40.1791 0.24752472973 0.246677765766
TA.N28A.z -101.541 40.6873 0.248024372881 0.247584550847
TA.R51A.z -83.5834 38.3001 0.245628947826 0.245236156522
TA.OSI.z -118.724 34.6145 0.251710530612 0.252097428571
TA.535A.z -97.5711 30.029 0.250421567797 0.250544084746
TA.Y22D.z -106.921 34.0739 0.256953795455 0.257121340909
TA.L14A.z -113.24 42.0343 0.256030138462 0.255815607692
TA.I47A.z -84.5096 44.0193 0.246177353982 0.245529530973
TA.350A.z -86.3353 31.4207 0.247494636364 0.246218681818
TA.T17A.z -110.804 36.9969 0.255118704918 0.255755614754
TA.B09A.z -118.149 48.4226 0.251468890909 0.251977936364
TA.R23A.z -105.826 38.1907 0.256206009615 0.256086
TA.I52A.z -80.177 44.068 0.24303359292 0.242628300885
TA.NATX.z -94.661 31.7598 0.249577900709 0.248604212766
TA.Y53A.z -83.5836 33.8554 0.24587545045 0.245563414414
TA.U32A.z -99.0014 36.3795 0.247094041667 0.245261158333
TA.Q29A.z -100.979 38.8905 0.247291465517 0.246363284483
TA.E07A.z -119.855 46.5585 0.256740715517 0.257283586207
TA.O04C.z -121.086 40.32 0.261774547945 0.262847438356
TA.O18A.z -110.008 40.2655 0.254543224138 0.255001267241
TA.V24A.z -105.272 35.7259 0.254807522936 0.255059302752
TA.G28A.z -100.916 45.0749 0.246229057692 0.245605538462
TA.113A.z -113.767 32.7683 0.257615484848 0.257396242424
TA.434A.z -98.269 30.8142 0.249030131783 0.247876503876
TA.H03A.z -123.292 44.6765 0.257286948052 0.257515363636
TA.V49A.z -85.903 35.7663 0.244825588235 0.244361431373
TA.L20A.z -108.34 42.0073 0.252239532787 0.251778737705
TA.X53A.z -83.3013 34.5031 0.244344890625 0.24496940625
TA.U44B.z -89.3507 36.3391 0.24652510989 0.245802967033
TA.J45A.z -86.3889 43.4354 0.243833036697 0.243628385321
TA.S23A.z -106.002 37.7059 0.25684612 0.257040184
TA.S19A.z -109.137 37.7459 0.257031826446 0.257150809917
TA.P32A.z -98.6011 39.6223 0.24801988806 0.247203067164
TA.Z33A.z -98.7648 33.2865 0.244851706422 0.24494906422
TA.239A.z -94.4707 32.0179 0.24870486087 0.247483895652
TA.E29A.z -99.642 46.5682 0.241989900901 0.241448846847
TA.M38A.z -93.1965 41.4175 0.245845282051 0.244669042735
TA.I34A.z -95.86 44.0392 0.245908565217 0.244566226087
TA.X21A.z -107.786 34.4457 0.259351279279 0.259896477477
TA.K62A.z -72.2345 42.6651 0.245619816327 0.246215244898
TA.Y58A.z -79.6665 33.9057 0.248282523256 0.248610197674
TA.W54A.z -82.1859 35.0857 0.244887912698 0.244635634921
TA.P61A.z -74.7919 39.6734 0.248114527273 0.247808018182
TA.P55A.z -79.8265 39.5078 0.246171786408 0.245183834951
TA.M17A.z -110.666 41.4729 0.253757914894 0.252093457447
TA.O01C.z -123.82 40.1398 0.254641263889 0.253816111111
TA.A29A.z -99.2321 48.9228 0.243320948718 0.242724504274
TA.X14A.z -112.891 34.4692 0.260349791304 0.260311913043
TA.C37A.z -92.1853 47.7283 0.243639943396 0.242970877358
TA.F26A.z -102.67 45.8512 0.246164919355 0.245140459677
TA.Y54A.z -82.688 33.8621 0.246804767857 0.246161133929
TA.M01C.z -124.122 41.8473 0.256763492958 0.256486225352
TA.M02C.z -122.854 41.392 0.258797117647 0.259084897059
TA.X40A.z -92.8342 34.4873 0.248689361538 0.247662984615
TA.K47A.z -84.9993 42.6704 0.244631771186 0.244018889831
TA.355A.z -82.8518 31.3438 0.245571944444 0.246109444444
TA.E03A.z -123.563 46.5459 0.254828510417 0.253990697917
TA.H25A.z -103.598 44.6215 0.247061338843 0.246753024793
TA.A14A.z -113.422 48.9725 0.248697619835 0.248957181818
TA.V04C.z -120.87 35.636 0.256202387755 0.255206591837
TA.M23A.z -105.722 41.468 0.25154436036 0.251437459459
TA.O09A.z -117.19 40.1697 0.263146380435 0.261928869565
TA.P28A.z -101.755 39.5732 0.248802221311 0.24767945082
TA.139A.z -94.3927 32.6795 0.250169575221 0.250101035398
TA.353A.z -84.2172 31.3474 0.246891372727 0.246429854545
TA.R40A.z -92.2684 38.2909 0.245309864407 0.245152694915
TA.V15A.z -112.173 35.8191 0.259531042373 0.259559050847
TA.Z41A.z -92.803 33.2577 0.248988017857 0.250109491071
TA.C12B.z -115.475 47.7092 0.25027015748 0.250304031496
TA.L61B.z -72.6802 42.4498 0.246705597938 0.247159103093
TA.343A.z -91.6169 31.2839 0.252349609023 0.252540007519
TA.E10A.z -117.11 46.485 0.249801045045 0.24984163964
TA.E24A.z -104.307 46.5608 0.246919535714 0.245859401786
TA.E19A.z -108.786 46.4611 0.248422123894 0.248167637168
TA.U59A.z -77.7925 36.3526 0.24371454717 0.243864518868
TA.D51A.z -79.3733 47.0904 0.243157342466 0.243042780822
TA.X25A.z -104.662 34.5271 0.254504220339 0.252778338983
TA.G65A.z -67.5632 45.2002 0.245632673913 0.246230619565
TA.O43A.z -89.313 40.2856 0.24568970297 0.244446762376
TA.MPP.z -119.814 34.8885 0.254969151515 0.253552242424
TA.250A.z -86.2677 31.9778 0.2477708 0.247001361905
TA.536A.z -97.0652 30.0756 0.251788364407 0.251569059322
TA.437A.z -96.1386 30.8292 0.250245007634 0.250386992366
TA.P24A.z -104.908 39.5144 0.252504769231 0.251602905983
TA.T28A.z -102.114 37.1204 0.248087857143 0.248191246032
TA.237A.z -95.8084 32.0015 0.248236956522 0.24883492029
TA.R39A.z -93.0383 38.3138 0.242348517241 0.242714706897
TA.531A.z -100.546 30.1645 0.247528807339 0.247955082569
TA.633A.z -99.1766 29.4591 0.248696614754 0.24908652459
TA.O29A.z -100.798 40.1253 0.247267905983 0.246202615385
TA.N30A.z -100.1 40.7957 0.245596373913 0.245295173913
TA.U38A.z -94.3857 36.4394 0.247641544643 0.247434357143
TA.H18A.z -109.664 44.6769 0.252630342593 0.251728342593
TA.430A.z -101.236 30.7866 0.248716928571 0.2483528125
TA.835A.z -97.8297 28.287 0.25379252381 0.25317715873
TA.X32A.z -99.2854 34.4214 0.247064688525 0.246816245902
TA.S47A.z -86.8779 37.5946 0.247354048387 0.246190403226
TA.G04A.z -122.478 45.2059 0.256641716981 0.255603801887
TA.K14A.z -113.176 42.5452 0.256230859756 0.257057469512
TA.U60A.z -77.1596 36.4718 0.245805956522 0.245140295652
TA.K01A.z -124.469 42.8088 0.254829424658 0.254710205479
TA.109C.z -117.105 32.8889 0.258207543478 0.256885565217
TA.D49A.z -81.3562 47.2726 0.246163195122 0.245633719512
TA.T29A.z -101.294 37.1565 0.24712062931 0.246512896552
TA.O52A.z -81.8361 40.1158 0.244499187919 0.243795442953
TA.R17A.z -110.711 38.4187 0.254876065041 0.254352861789
TA.H46A.z -85.2034 44.5397 0.24538451 0.24525193
TA.L07A.z -119.34 42.0187 0.263633981132 0.263755622642
TA.KSCO.z -102.627 39.0112 0.250435609023 0.25040824812
TA.U54A.z -81.8204 36.5209 0.244936 0.24487896875
TA.O42A.z -90.0812 40.1956 0.245431050847 0.243884262712
TA.G03A.z -123.281 45.3153 0.254487671053 0.254020539474
TA.H47A.z -84.2062 44.5994 0.246506651376 0.245940155963
TA.SUTB.z -121.786 39.2291 0.257823716667 0.257389516667
TA.126A.z -104.02 32.6462 0.251443991228 0.25023227193
TA.C39A.z -90.1289 47.8171 0.244792044248 0.244347486726
TA.R46A.z -87.5114 38.2124 0.245739789474 0.245157873684
TA.S10A.z -116.595 37.923 0.259753068182 0.260139643939
TA.858A.z -81.3616 28.2126 0.246321234568 0.246628975309
TA.TPNV.z -116.249 36.9488 0.252451097561 0.252814292683
TA.N57A.z -77.5509 40.7556 0.246683916667 0.24602562963
TA.R44A.z -89.0809 38.2475 0.246459725806 0.245839725806
TA.D34A.z -95.1952 47.0851 0.24246439604 0.241700663366
TA.X42A.z -91.6262 34.5532 0.2485445 0.247190086957
TA.S31A.z -99.4845 37.6193 0.246760102804 0.246915560748
TA.HATC.z -121.461 40.8161 0.257573898305 0.258329457627
TA.MPM.z -117.489 36.058 0.25663045 0.255420825
TA.Q18A.z -110.133 39.1025 0.254507968254 0.253388309524
TA.L13A.z -113.944 42.0886 0.259982048387 0.261493717742
TA.N08A.z -118.134 40.7811 0.260094022222 0.259248088889
TA.G59A.z -73.1809 45.0807 0.250135638298 0.249820797872
TA.G64A.z -68.7558 45.2527 0.247604585859 0.248384535354
TA.ECSD.z -96.6141 43.7337 0.244120073171 0.243511426829
TA.Y59A.z -78.8737 33.9897 0.244684154762 0.245071011905
TA.T56A.z -80.0311 37.0288 0.246688366906 0.245047798561
TA.335A.z -97.4271 31.2819 0.2491656 0.249957091667
TA.C08A.z -119.045 47.7849 0.251625888889 0.251286521368
TA.T12A.z -114.715 36.7256 0.259907935484 0.260048298387
TA.Y60A.z -78.2163 34.0046 0.245931329545 0.246138579545
TA.I10A.z -116.803 44.086 0.256608219512 0.255896089431
TA.L49A.z -83.7672 42.1088 0.243615080808 0.244762636364
TA.L26A.z -103.079 42.0367 0.246089513274 0.246074460177
TA.M16A.z -111.63 41.3146 0.254144178862 0.252428097561
TA.M20A.z -108.187 41.4906 0.252639793388 0.251340082645
TA.D19A.z -108.88 47.1646 0.24971409901 0.249208623762
TA.K15A.z -112.531 42.6852 0.255062439655 0.254561232759
TA.B34A.z -94.6501 48.486 0.241610786408 0.241659203883
TA.M63A.z -72.0464 41.4038 0.24492410101 0.244326949495
TA.B35A.z -93.7261 48.3603 0.243091738739 0.242876333333
TA.R21A.z -107.55 38.3685 0.25708721875 0.256948617188
TA.J61A.z -72.5535 43.3462 0.247839067961 0.248095427184
TA.219A.z -109.259 31.9989 0.254330297521 0.253314570248
TA.P26A.z -103.346 39.5602 0.251215054054 0.250936882883
TA.R08A.z -118.106 38.3489 0.260614009804 0.26074704902
TA.Z57A.z -80.7039 33.297 0.24621977193 0.244369350877
TA.T05C.z -120.674 36.8953 0.259094660377 0.257536188679
TA.H23A.z -105.401 44.562 0.25037233871 0.250166903226
TA.T30A.z -100.527 37.0526 0.245491690265 0.245541026549
TA.U10A.z -116.33 36.4193 0.254862902655 0.255423663717
TA.G05A.z -121.317 45.2422 0.26035301087 0.260114423913
TA.HEC.z -116.335 34.8294 0.252809421053 0.252691473684
TA.Y51A.z -85.064 33.8993 0.246331508333 0.245971908333
TA.J29A.z -100.325 43.4061 0.245431157895 0.245480147368
TA.540A.z -93.9796 30.2093 0.251018871287 0.248668544554
TA.X59A.z -78.6023 34.572 0.246039041237 0.24596543299
TA.S32A.z -98.9363 37.7001 0.246721065574 0.246395008197
TA.T25A.z -104.411 37.1388 0.252861910959 0.252826520548
TA.737A.z -96.4402 28.7639 0.250675164835 0.250151659341
TA.R61A.z -75.339 38.3303 0.245923411765 0.245681382353
TA.Q16A.z -111.172 38.9176 0.259379111111 0.2593276
TA.D23A.z -105.207 47.173 0.249372627273 0.248798372727
TA.X57A.z -80.094 34.4643 0.244616053435 0.244275519084
TA.H66A.z -67.3115 44.7859 0.246356041667 0.246894895833
TA.N14A.z -113.187 40.8513 0.259662853659 0.259934211382
TA.L22A.z -106.434 42.031 0.25039527451 0.250863490196
TA.J46A.z -85.6466 43.3478 0.245247415842 0.244538564356
TA.934A.z -98.5192 27.6018 0.25679471875 0.25593315625
TA.P53A.z -81.3896 39.4868 0.244840035461 0.243000602837
TA.D11A.z -116.335 47.0477 0.251526067961 0.25087207767
TA.B19A.z -108.944 48.4551 0.247292605505 0.246341522936
TA.B14A.z -113.273 48.3609 0.249894445313 0.2494964375
TA.P56A.z -78.8386 39.5044 0.244654957265 0.245130982906
TA.035A.z -98.1023 26.9379 0.254108852174 0.253028295652
TA.655A.z -83.2552 29.5107 0.248061103448 0.247549425287
TA.061Z.z -80.907 25.8657 0.249613141414 0.249115626263
TA.S08C.z -118.171 37.4993 0.262933295082 0.262874557377
TA.ANMO.z -106.457 34.9459 0.2579392 0.2595178
TA.H21A.z -107.042 44.6277 0.248296198413 0.247301285714
TA.R58A.z -78.0034 38.2989 0.246437390909 0.247140854545
TA.K50A.z -82.6231 42.7749 0.24332869 0.24329598
TA.K27A.z -102.236 42.7036 0.249350289256 0.249371578512
TA.X24A.z -105.435 34.5646 0.255822213675 0.254220923077
TA.352A.z -84.9274 31.4793 0.245826395161 0.2451165
TA.R58B.z -77.8787 37.9636 0.248032601852 0.247931833333
TA.M27A.z -102.387 41.5281 0.246729392857 0.247175125
TA.U26A.z -103.744 36.3945 0.255178904762 0.254134253968
TA.546A.z -89.7191 30.233 0.250921008065 0.2503825
TA.H12A.z -114.855 44.5494 0.257600994186 0.258207616279
TA.147A.z -88.2708 32.6738 0.245400362416 0.244566563758
TA.W12A.z -114.87 35.301 0.258576057377 0.25822907377
TA.U23A.z -106.192 36.3289 0.257857891892 0.257852765766
TA.E46A.z -84.3062 46.3665 0.243321723404 0.242912723404
TA.M62A.z -72.8939 41.4423 0.24464969 0.24451932
TA.O05C.z -120.918 39.962 0.258994835616 0.259503383562
TA.J56A.z -76.8579 43.276 0.245570705357 0.2455055
TA.WHTX.z -97.4561 31.9913 0.249761884058 0.249293637681
TA.D32A.z -97.0164 47.1354 0.241932256637 0.241186141593
TA.M22A.z -106.596 41.4033 0.25191025 0.252150282051
TA.BRAL.z -87.0506 31.1687 0.24416277 0.24432105
TA.628A.z -102.888 29.4862 0.250552108333 0.250387325
TA.117A.z -110.739 32.5716 0.258338936937 0.257955342342
TA.E50A.z -80.7378 46.4232 0.244745172043 0.243855913978
TA.645A.z -90.5966 29.4573 0.250877756303 0.250616445378
TA.059A.z -81.144 26.9671 0.246426421569 0.245552578431
TA.F41A.z -89.1046 45.7387 0.241543813187 0.241625065934
TA.PKME.z -69.2917 45.2644 0.246481477273 0.246764261364
TA.J08A.z -118.474 43.358 0.261867931624 0.262710111111
TA.T06C.z -119.709 37.0069 0.254637928571 0.255315371429
TA.R29A.z -101.138 38.4243 0.247572852174 0.246586095652
TA.S50A.z -84.4003 37.679 0.246317853448 0.245922422414
TA.S28A.z -101.898 37.5899 0.247225850877 0.247073122807
TA.R13A.z -113.969 38.1802 0.259923021277 0.259350117021
TA.T53A.z -82.535 36.9823 0.245234 0.244849844444
TA.J04A.z -122.109 43.2406 0.259973285714 0.260824349206
TA.WMOK.z -98.7807 34.7379 0.247194 0.2467431875
TA.G13A.z -114.233 45.0931 0.255970878049 0.255897963415
TA.B15A.z -112.562 48.3129 0.24791224031 0.247783612403
TA.L12A.z -115.016 42.146 0.261344909091 0.262491661157
TA.T31A.z -99.6771 37.0977 0.246679857143 0.246842047619
TA.059Z.z -81.4432 26.3373 0.24951090566 0.248947273585
TA.W13A.z -113.885 35.099 0.259976576 0.260110872
TA.B16A.z -111.707 48.4128 0.249352786325 0.248482350427
TA.S42A.z -90.7939 37.77 0.246144729167 0.245243895833
TA.C15A.z -112.607 47.775 0.250655819549 0.250820894737
TA.W32A.z -99.2458 35.1238 0.246867773913 0.246406573913
TA.N62A.z -73.4677 40.9313 0.244147956522 0.243133891304
TA.B33A.z -95.588 48.2722 0.242328038961 0.243145272727
TA.J62A.z -71.8127 43.2262 0.244767053763 0.244410311828
TA.X45A.z -89.3931 34.4241 0.245262302752 0.245113477064
TA.J40A.z -90.7406 43.3965 0.244904842975 0.244045429752
TA.Z19A.z -109.266 33.2921 0.25841822449 0.25835522449
TA.U40A.z -92.8535 36.3563 0.244839294574 0.245337821705
TA.H13A.z -114.255 44.5642 0.258605234568 0.258856506173
TA.X60A.z -77.9768 34.5773 0.24640515534 0.246327368932
TA.Y32A.z -99.442 34.0036 0.249516536842 0.248938631579
TA.S54A.z -81.3114 37.7997 0.24812303252 0.248245910569
TA.N02C.z -123.306 40.822 0.259897557692 0.257962076923
TA.Y19A.z -109.254 33.9571 0.257933545455 0.257839380165
TA.J26A.z -103.075 43.3126 0.24932054955 0.249217792793
TA.DGMT.z -104.196 48.4702 0.2484168 0.249584333333
TA.453A.z -84.3197 30.8541 0.248726373832 0.24841253271
TA.Y56A.z -81.3047 33.7922 0.245349486726 0.244014300885
TA.L36A.z -94.6676 42.1009 0.243723733871 0.242959419355
TA.A06A.z -121.48 49.0983 0.256681104167 0.25642890625
TA.R05C.z -120.076 38.7028 0.258995046875 0.259274203125
TA.B23A.z -104.991 48.4643 0.248663745455 0.2490229
TA.R55A.z -80.1195 38.2825 0.250419119718 0.250180612676
TA.L33A.z -97.2724 42.1659 0.246223754098 0.245231377049
TA.356A.z -82.1275 31.3247 0.247284101852 0.246836351852
TA.D46A.z -84.0357 46.891 0.244032080808 0.243666858586
TA.T11A.z -115.22 37.2408 0.260932653543 0.261409559055
TA.R60A.z -76.5807 38.2684 0.245602803738 0.24569211215
TA.S37A.z -94.8279 37.7597 0.244305203704 0.244601805556
TA.F64A.z -68.3496 45.8633 0.246553880435 0.246115293478
TA.N18A.z -109.673 40.9763 0.253732017699 0.253298088496
TA.O35A.z -95.9097 40.2665 0.244499838983 0.244344076271
TA.MIAR.z -93.5765 34.5454 0.246817474359 0.246692307692
TA.O07A.z -118.877 40.1614 0.262212932584 0.262228707865
TA.E22A.z -105.949 46.4386 0.250688455357 0.249461160714
TA.K43A.z -88.332 42.7044 0.242943536082 0.242653463918
TA.Q23A.z -105.834 38.9045 0.255135758333 0.255354233333
TA.N37A.z -94.2095 40.7582 0.243738362903 0.242765193548
TA.T43A.z -90.2878 37.0833 0.245389777778 0.245391313131
TA.B13A.z -114.468 48.3739 0.251087972527 0.251302417582
TA.V55A.z -81.2149 35.8518 0.245511539062 0.244784171875
TA.O49A.z -84.3353 40.188 0.244802836066 0.244181434426
TA.TUQ.z -115.924 35.4358 0.250268652174 0.250965065217
TA.G42A.z -88.4277 45.2418 0.246018612245 0.244561142857
TA.I21A.z -107.292 43.8122 0.249522460937 0.249217859375
TA.K28A.z -101.367 42.7136 0.247600309091 0.247874909091
TA.FMP.z -118.294 33.7126 0.257345309524 0.2559705
TA.I05A.z -121.268 44.1626 0.261900280899 0.262197033708
TA.062Z.z -81.0523 24.7266 0.250176070175 0.24997254386
TA.222A.z -107.101 32.1046 0.258429146341 0.258434105691
TA.J11A.z -115.828 43.4151 0.261762050725 0.261964992754
TA.441A.z -93.1898 30.7498 0.251848065041 0.250870674797
TA.F46A.z -84.7586 45.7737 0.242585010753 0.242198365591
TA.V17A.z -110.794 35.6218 0.25785115 0.258420766667
TA.FUR.z -116.863 36.4672 0.256800596154 0.255726384615
TA.VBMS.z -90.5177 32.2185 0.249000283582 0.248579253731
TA.E17A.z -110.858 46.462 0.251336154472 0.25092096748
TA.I03A.z -123.278 43.9726 0.257840053333 0.257390706667
TA.M26A.z -103.143 41.4661 0.247318520325 0.247168333333
TA.D56A.z -74.7568 47.0485 0.245485777778 0.244591262626
TA.B32A.z -96.5363 48.3951 0.242507272727 0.241707204545
TA.442A.z -92.4314 30.7119 0.25121979845 0.250084651163
TA.BNLO.z -122.173 37.1311 0.254283076923 0.25417825
TA.220A.z -108.527 31.9041 0.258010156522 0.258004104348
TA.I57A.z -75.6599 43.9377 0.246446028302 0.245814254717
TA.R26A.z -103.447 38.3009 0.250556617391 0.250505991304
TA.B18A.z -109.777 48.3943 0.248843885965 0.24815204386
TA.K63A.z -71.5283 42.6888 0.246339873786 0.246153087379
TA.C22A.z -105.884 47.7456 0.251103979592 0.250818785714
TA.L19A.z -109.357 42.1012 0.251368872881 0.250315915254
TA.L65A.z -70.0528 42.0295 0.248018347826 0.246863391304
TA.X50A.z -85.6486 34.4596 0.246093176471 0.245797235294
TA.F25A.z -103.458 45.9256 0.245781341667 0.245282766667
TA.LRAL.z -86.9978 33.0348 0.244360175258 0.24419271134
TA.O44A.z -88.4671 40.1526 0.243713 0.243577780952
TA.I08A.z -118.569 43.9104 0.262853428571 0.262303234694
TA.J48A.z -83.7849 43.2986 0.245783764151 0.244693066038
TA.Z55A.z -82.1359 33.2211 0.249854974359 0.248045974359
TA.T35A.z -96.5121 36.9161 0.244677045045 0.244717621622
TA.L44A.z -87.9119 42.1782 0.2441574 0.243747736842
TA.Z45A.z -89.6913 33.3705 0.244085072917 0.243861083333
TA.CBN.z -77.3732 38.2046 0.248109271845 0.246829504854
TA.H34A.z -95.777 44.6673 0.246673 0.246033378151
TA.L63A.z -71.6095 41.8631 0.247713457447 0.247252106383
TA.A08A.z -119.272 48.9534 0.255762082569 0.256244550459
TA.157A.z -80.9972 32.678 0.246298755906 0.246640448819
TA.G29A.z -99.9234 45.1926 0.248805777778 0.247595632479
TA.S16A.z -111.596 37.7222 0.256093058824 0.256409487395
TA.C30A.z -98.4783 47.7026 0.243824130435 0.243603973913
TA.S13A.z -113.86 37.5808 0.261749101695 0.261915381356
TA.Q61A.z -75.3256 38.8799 0.246820574074 0.246156777778
TA.221A.z -107.778 32.0094 0.257209268293 0.257472707317
TA.I26A.z -102.86 44.0309 0.249554384 0.249109232
TA.O51A.z -82.6056 40.147 0.244337739726 0.243574890411
TA.P47A.z -86.2699 39.4869 0.244078245098 0.243930980392
TA.H19A.z -108.986 44.6704 0.250262787402 0.248652102362
TA.D47A.z -83.1038 47.0558 0.244154679612 0.244156378641
TA.E26A.z -102.462 46.4712 0.245823161017 0.245206991525
TA.X26A.z -103.81 34.5508 0.255715973684 0.253649614035
TA.I07A.z -119.504 44.082 0.260314094828 0.260806017241
TA.229A.z -101.811 31.9671 0.246655911504 0.245860663717
TA.K58A.z -75.6473 42.7633 0.247940647059 0.247545754902
TA.W30A.z -100.577 35.1818 0.250481548673 0.250956309735
TA.D52A.z -78.4117 46.9764 0.243760921053 0.243826947368
TA.H42A.z -88.5311 44.5091 0.245683129412 0.243877717647
TA.553A.z -84.4317 30.189 0.250057423077 0.249413605769
TA.A30A.z -98.3009 48.9402 0.245402626016 0.245087658537
TA.L60A.z -74.2226 41.989 0.247968908257 0.248640954128
TA.959A.z -80.8791 27.524 0.246030457143 0.24642112381
TA.H38A.z -92.282 44.6753 0.242785207547 0.242524650943
TA.B21A.z -107.017 48.4278 0.247569318182 0.245857636364
TA.F03A.z -123.559 45.9306 0.254320466019 0.253001815534
TA.K56A.z -77.3244 42.6981 0.244775419048 0.244581285714
TA.PAL.z -73.9079 41.0056 0.248722581633 0.247293091837
TA.O02C.z -122.788 40.1767 0.260246985507 0.259589362319
TA.M33A.z -97.195 41.5726 0.244233479675 0.244417349593
TA.150A.z -86.022 32.6067 0.243230673913 0.244406347826
TA.P44A.z -88.6209 39.4676 0.243637219048 0.243207247619
TA.T59A.z -77.5541 36.9716 0.245830317757 0.245549672897
TA.L48A.z -84.4329 41.9438 0.244115973913 0.244234226087
TA.F39A.z -90.919 45.9153 0.24449156044 0.243756681319
TA.SMM.z -119.996 35.3142 0.257814883721 0.257544744186
TA.K19A.z -108.847 42.8247 0.24971797479 0.249849537815
TA.149A.z -86.7916 32.5983 0.245009918367 0.245258204082
TA.E33A.z -96.0054 46.5035 0.242015990291 0.241446145631
TA.L11A.z -115.754 42.1669 0.262249172131 0.261803286885
TA.H62A.z -71.1559 44.5743 0.248334826923 0.247923980769
TA.T32A.z -98.9247 37.1797 0.248705105263 0.247455166667
TA.C19A.z -109.049 47.7343 0.248893736364 0.248185145455
TA.N17A.z -110.834 40.9425 0.249802333333 0.250246108333
TA.455A.z -83.026 30.7422 0.247259294643 0.247598892857
TA.T55A.z -80.7843 37.117 0.244514884615 0.244434907692
TA.B07A.z -120.12 48.4607 0.256205372881 0.255631169492
TA.W29A.z -101.648 35.1212 0.250290867257 0.251158477876
TA.L55A.z -78.4368 42.1831 0.243436329545 0.243408363636
TA.D06A.z -120.844 47.1935 0.256759518868 0.256022075472
TA.V42A.z -91.39 35.806 0.246341658537 0.246180528455
TA.146A.z -89.0573 32.6368 0.247155798387 0.246142540323
TA.J03A.z -122.965 43.3717 0.257435873016 0.257314301587
TA.135A.z -97.4099 32.5573 0.245685373984 0.245860089431
TA.J59A.z -74.5041 43.4647 0.250200918182 0.249516427273
TA.N10A.z -116.508 40.7186 0.2621512 0.261852756522
TA.G43A.z -87.6861 45.2572 0.241305946809 0.240420734043
TA.Z53A.z -83.5713 33.2801 0.247821705882 0.246883441176
TA.D59A.z -71.8358 47.0073 0.245404349515 0.24497768932
TA.148A.z -87.571 32.6469 0.246642263736 0.245484494505
TA.O16A.z -111.502 40.2067 0.256221559701 0.256549335821
TA.Z24A.z -105.365 33.3298 0.24828783871 0.248950564516
TA.W47A.z -87.5946 35.2511 0.242381764706 0.243258058824
TA.E61A.z -70.489 46.4312 0.246627271845 0.246409242718
TA.N32A.z -98.2955 40.7639 0.247119263158 0.246929030075
TA.I24A.z -104.626 43.8594 0.252156694915 0.252332694915
TA.C27A.z -101.503 47.7139 0.243565367521 0.242639017094
TA.D53A.z -77.7001 47.0795 0.245133525641 0.245077
TA.452A.z -85.183 30.8492 0.248642602041 0.248433265306
TA.G61A.z -71.5273 45.2827 0.249630538462 0.249181413462
TA.T49A.z -85.5334 37.105 0.247375560345 0.246364784483
TA.J06A.z -120.153 43.2515 0.262289327103 0.262887757009
TA.F34A.z -95.2581 45.7954 0.242682394231 0.242685442308
TA.L64A.z -70.8391 41.9359 0.247874643564 0.24895880198
TA.N34A.z -96.5005 40.8378 0.246566408 0.246302584
TA.D13A.z -114.459 47.0943 0.252231172619 0.252868994048
TA.248A.z -87.7393 32.094 0.246743267717 0.245535992126
TA.Q44A.z -89.017 38.9032 0.244333491525 0.24419529661
TA.J10A.z -116.767 43.4275 0.260515806452 0.260951733871
TA.H48A.z -83.3249 44.7006 0.245536981481 0.245288824074
TA.M12A.z -114.915 41.4157 0.261045098361 0.261656827869
TA.155A.z -82.4665 32.6219 0.246378948718 0.24620608547
TA.S51A.z -83.5935 37.6392 0.244211319328 0.244123537815
TA.S43A.z -90.0754 37.5716 0.24285499115 0.243305026549
TA.R30A.z -100.277 38.2844 0.248203212389 0.247597654867
TA.W59A.z -78.443 35.1673 0.247570365217 0.247376782609
TA.Z23A.z -106.232 33.2621 0.253333390625 0.253320015625
TA.C35A.z -93.9763 47.7007 0.24358295283 0.242990660377
TA.S55A.z -80.5013 37.7724 0.247158863636 0.246887977273
TA.M51A.z -82.1831 41.3321 0.246610721088 0.245663142857
TA.W42A.z -91.5224 35.2732 0.247824867347 0.246908510204
TA.A28A.z -100.267 48.9096 0.247008438596 0.246735675439
TA.657A.z -81.8665 29.5852 0.247359353659 0.24708545122
TA.G06A.z -120.635 45.2357 0.257293960317 0.257175595238
TA.F49A.z -82.0423 45.7627 0.244196067227 0.244303672269
TA.152A.z -84.7188 32.6686 0.247334126126 0.247695432432
TA.340A.z -93.8896 31.4167 0.250218248 0.251116752
TA.H27A.z -102.077 44.6329 0.248380788136 0.247398542373
TA.Z22A.z -106.964 33.2555 0.257053195122 0.256827792683
TA.B10A.z -117.225 48.2995 0.251966168142 0.25117880531
TA.A19A.z -108.743 48.9286 0.24801509322 0.247376245763
TA.RCT.z -119.244 36.3052 0.25501702381 0.253453357143
TA.V20A.z -108.466 35.7992 0.258572836207 0.258479706897
TA.G18A.z -109.563 45.3171 0.252566495726 0.252824076923
TA.V32A.z -99.0437 35.7202 0.245774135593 0.244322957627
TA.LGU.z -119.066 34.1082 0.256213321429 0.255315071429
TA.U55A.z -81.0472 36.5023 0.244940260504 0.244104957983
TA.327A.z -103.492 31.3691 0.253078035398 0.252713849558
TA.O03C.z -122.032 39.9971 0.258534032787 0.257687819672
TA.J63A.z -71.0781 43.2792 0.244885855556 0.2452262
TA.L41A.z -90.4977 42.0751 0.24407327907 0.243300271318
TA.MCWV.z -79.8456 39.6581 0.246685935484 0.244771913978
TA.319A.z -109.281 31.3757 0.254637252101 0.25455210084
TA.Q34A.z -96.9408 38.9214 0.244791929825 0.24384145614
TA.GOGA.z -83.4666 33.4112 0.243723375 0.243341848214
TA.Q13A.z -114.02 38.9551 0.259907336207 0.258916931034
TA.O33A.z -97.5845 40.0755 0.245501811024 0.244922
TA.T24B.z -105.382 37.0624 0.250956195122 0.251209146341
TA.Q56A.z -79.1871 39.041 0.246492541284 0.247017431193
TA.F29A.z -99.8273 45.8336 0.246098483607 0.244897459016
TA.539A.z -94.7236 30.1084 0.249842386139 0.248657821782
TA.T34A.z -97.1883 37.0222 0.245909271186 0.244722262712
TA.LONY.z -74.5829 44.6197 0.246437333333 0.245471414414
TA.Q53A.z -81.5251 38.8586 0.247265201439 0.248431395683
TA.H24A.z -104.552 44.7473 0.250773778761 0.250763309735
TA.N42A.z -90.0345 40.829 0.24678532967 0.245644857143
TA.I13A.z -114.117 43.9146 0.26197435625 0.26319579375
TA.P21A.z -107.449 39.524 0.25808595 0.257948875
TA.T27A.z -102.721 37.0614 0.249838404959 0.249277264463
TA.444A.z -90.7463 30.7153 0.250247722222 0.251285753968
TA.I02A.z -123.83 44.0035 0.256334121622 0.256962554054
TA.P20A.z -108.391 39.4998 0.258243097561 0.25738403252
TA.R04C.z -120.936 38.2571 0.256575428571 0.256391185714
TA.S14A.z -113.168 37.7601 0.261592285714 0.260335798319
TA.Y22A.z -106.965 33.937 0.25836341 0.25842005
TA.O24A.z -105.073 40.1227 0.252925848739 0.251968537815
TA.D09A.z -118.309 47.0615 0.253244067797 0.25271209322
TA.Q47A.z -86.4261 38.9362 0.24387676087 0.243452934783
TA.734A.z -98.5576 28.8473 0.25078658871 0.249812677419
TA.W14A.z -113.083 35.2127 0.259579462264 0.261985537736
TA.O28A.z -101.773 40.1262 0.248949219298 0.247518166667
TA.CBKS.z -99.7374 38.814 0.246231382716 0.247254691358
TA.Y18A.z -110.034 33.7776 0.26050214 0.25898259
TA.C06A.z -120.894 47.923 0.253049608247 0.252633268041
TA.Y37A.z -95.621 33.9789 0.247210645455 0.246654236364
TA.X15A.z -112.237 34.4866 0.259564201754 0.260087254386
TA.P39A.z -92.7549 39.4877 0.245638863636 0.245203363636
TA.555A.z -82.9666 30.1212 0.249526420455 0.249186943182
TA.K12A.z -114.903 42.636 0.263816222222 0.264529015873
TA.N44A.z -88.1333 40.7953 0.244405627451 0.243870637255
TA.957A.z -82.2357 27.6702 0.249423197531 0.247244123457
TA.U41A.z -91.9203 36.344 0.246517672727 0.246172490909
TA.J24A.z -104.661 43.3305 0.252120648438 0.251675429687
TA.R16A.z -111.483 38.2843 0.256817322034 0.257095584746
TA.P09A.z -117.14 39.5516 0.26191357732 0.261267515464
TA.Z36A.z -96.4344 33.2702 0.251986673684 0.250393357895
TA.I62A.z -71.3359 43.8743 0.248556686275 0.247740441176
TA.123A.z -106.262 32.6349 0.258863272727 0.259462927273
TA.BINY.z -75.9861 42.1993 0.246615352381 0.246575866667
TA.Z40A.z -93.3995 33.2584 0.250500150943 0.250707971698
TA.SSPA.z -77.8876 40.6358 0.243869790909 0.243754372727
TA.C17A.z -110.763 47.6327 0.25206282906 0.251032316239
TA.435B.z -97.585 30.7827 0.250809885246 0.250873262295
TA.F43A.z -87.1694 45.8313 0.243170593407 0.242360769231
TA.D20A.z -108.136 47.0911 0.247744946429 0.248138044643
TA.MDND.z -99.6029 47.8481 0.250166699115 0.249745371681
TA.T21A.z -107.534 36.9914 0.258478102273 0.258168102273
TA.SDCO.z -105.501 37.7456 0.25742212 0.25623852
TA.O19A.z -109.124 40.2982 0.254822865672 0.254052052239
TA.F63A.z -69.1029 45.703 0.24488872043 0.24497983871
TA.J43A.z -88.4185 43.3808 0.244216197802 0.242730692308
TA.H07A.z -119.565 44.5913 0.259912614583 0.258884166667
TA.K29A.z -100.318 42.7612 0.246589163636 0.246799836364
TA.RLMT.z -109.267 45.1221 0.24836523913 0.249246695652
TA.F51A.z -79.915 45.9284 0.245901987654 0.246778395062
TA.332A.z -99.7423 31.3829 0.246112518182 0.2450489
TA.M21A.z -107.364 41.6067 0.2526372 0.252345191304
TA.N60A.z -75.1 40.8704 0.246794841121 0.246262906542
TA.U29A.z -101.27 36.4519 0.247856439655 0.247555715517
TA.S04C.z -121.328 37.5049 0.259667583333 0.259497133333
TA.242A.z -92.1521 32.0617 0.25052027907 0.250676953488
TA.V36A.z -95.9425 35.7863 0.244668364486 0.243504607477
TA.223A.z -106.428 32.0062 0.258232491379 0.258119784483
TA.N46A.z -86.7352 40.8949 0.243451726316 0.243627063158
TA.H20A.z -107.999 44.4868 0.249844789063 0.2481535
TA.U30A.z -100.651 36.5304 0.248634357798 0.248549110092
TA.G54A.z -78.0898 45.3979 0.24670737931 0.245494770115
TA.M14A.z -113.347 41.503 0.257726828125 0.258234492188
TA.Q42A.z -90.5331 38.912 0.242240198347 0.242041586777
TA.L21A.z -107.369 41.9641 0.25064740708 0.250906893805
TA.V35A.z -96.8378 35.7626 0.245986591667 0.244880791667
TA.F36A.z -93.5241 45.8618 0.244766438596 0.244280236842
TA.D63A.z -68.1066 47.037 0.24459501 0.24454618
TA.L17A.z -110.873 42.0995 0.25689513253 0.256014686747
TA.E32A.z -97.0701 46.5927 0.244086082569 0.243504587156
TA.060A.z -80.3618 27.0361 0.248319455357 0.248102883929
TA.F40A.z -90.1217 45.919 0.24341983 0.24332881
TA.C33A.z -95.7725 47.7586 0.24361695283 0.242077330189
TA.G46A.z -84.8621 45.3176 0.246979252427 0.24656638835
TA.V22A.z -106.909 35.9138 0.257407008475 0.258120627119
TA.454A.z -83.6302 30.7145 0.248109863636 0.247696654545
TA.K30A.z -99.6131 42.6742 0.247758161017 0.247384118644
TA.K10A.z -116.87 42.7779 0.262871058333 0.26326925
TA.440A.z -93.9587 30.7456 0.252416904762 0.250803438095
TA.I63A.z -70.5809 44.0505 0.246085920792 0.24567519802
TA.MONP2.z -116.422 32.892 0.260750595238 0.258232357143
TA.KSU1.z -96.6094 39.1009 0.244762447761 0.244414761194
TA.L31A.z -98.8387 42.176 0.245887437037 0.245527518519
TA.449A.z -87.2151 30.7596 0.246666022222 0.246424633333
TA.X44A.z -90.1462 34.4998 0.246896159664 0.245260168067
TA.V52A.z -83.5959 35.8417 0.245486792453 0.245291801887
TA.W58A.z -79.2333 35.0208 0.244500916667 0.244969055556
TA.N15A.z -112.52 40.8903 0.256721856209 0.256586490196
TA.C28A.z -100.387 47.7157 0.243037233333 0.2430991
TA.TZTN.z -83.549 36.5439 0.247077821429 0.2457604375
TA.H29A.z -100.213 44.6261 0.248714969697 0.248095363636
TA.H43A.z -87.7704 44.4697 0.244353715789 0.243508989474
TA.443A.z -91.7809 30.7642 0.250560032 0.250607624
TA.A17A.z -110.699 48.9448 0.2488805 0.248230884615
TA.E53A.z -77.6638 46.3784 0.24391075 0.243753541667
TA.451A.z -85.7467 30.616 0.249845857143 0.248353673469
TA.B25A.z -103.161 48.2716 0.247519056911 0.246887455285
TA.W36A.z -96.2264 35.1393 0.24504258871 0.244800241935
TA.H53A.z -78.5832 44.5736 0.244539093023 0.24399955814
TA.122A.z -107.001 32.6995 0.258973033333 0.259468908333
TA.H58A.z -74.1798 44.4176 0.246910063063 0.245856333333
TA.C04A.z -122.972 47.7172 0.257366206522 0.257138358696
TA.N36A.z -94.9604 40.8156 0.243051621849 0.242832722689
TA.P23A.z -105.839 39.3741 0.254822293651 0.2540665
TA.V57A.z -79.7758 35.8875 0.248208301724 0.246681060345
TA.L08A.z -118.344 42.1901 0.26173895098 0.262237833333
TA.ARV.z -118.83 35.1269 0.25700502381 0.25626547619
TA.N19A.z -109.177 40.8936 0.254888158879 0.254452588785
TA.L50A.z -82.8095 42.043 0.246925911504 0.24604820354
TA.236A.z -96.531 31.9997 0.246527317757 0.246814009346
TA.U13A.z -113.965 36.4151 0.259728844828 0.261052939655
TA.J49A.z -83.1389 43.36 0.243565327273 0.2432032
TA.B04A.z -123.504 48.0575 0.260009274725 0.259922043956
TA.538A.z -95.49 30.2219 0.251361079646 0.250799380531
TA.B11A.z -116.367 48.4366 0.253731685185 0.253635657407
TA.Y29A.z -101.671 33.8602 0.249443537736 0.249366235849
TA.K25A.z -103.87 42.612 0.251050756098 0.250340829268
TA.F33A.z -96.2929 45.8398 0.242289972727 0.242212545455
TA.HAST.z -121.551 36.3887 0.254186035714 0.25404675
TA.253A.z -84.1294 32.0612 0.245595837607 0.244772598291
TA.234A.z -98.1368 32.004 0.246131774194 0.245763467742
TA.N29A.z -100.626 40.8189 0.246528154545 0.246517090909
TA.O58A.z -76.9228 40.1231 0.245525423077 0.245020913462
TA.M65A.z -70.6466 41.562 0.24608094186 0.246011081395
TA.F24A.z -104.445 45.8452 0.247717434783 0.247431834783
TA.X47A.z -87.8571 34.5178 0.242711261364 0.242091454545
TA.Y13A.z -113.829 33.8142 0.256426690265 0.255978761062
TA.V13A.z -113.984 35.8522 0.260554160714 0.260530848214
TA.S40A.z -92.5014 37.5988 0.245660628319 0.244553938053
TA.G36A.z -93.7509 45.2344 0.246046140187 0.2456
TA.Q21A.z -107.574 38.8347 0.258651450382 0.259341984733
TA.GSC.z -116.806 35.3018 0.256806147059 0.255415235294
TA.P22A.z -106.759 39.5952 0.256635758333 0.255883175
TA.X31A.z -99.9793 34.6309 0.252065754386 0.251879377193
TA.554A.z -83.6836 30.0841 0.246309735632 0.245871402299
TA.224A.z -105.523 32.076 0.256923092437 0.256488344538
TA.L02A.z -123.602 42.156 0.259356676471 0.259619985294
TA.B26A.z -102.234 48.3762 0.244802765766 0.24323872973
TA.N09A.z -117.524 40.852 0.261383511111 0.260762566667
TA.E31A.z -97.8879 46.5583 0.24181925 0.241350342593
TA.Y36A.z -96.2848 33.8996 0.248304973214 0.246865660714
TA.J19A.z -109.053 43.2649 0.250990193548 0.250446395161
TA.141A.z -92.9049 32.6046 0.250549582677 0.249738826772
TA.R52A.z -82.6443 38.3366 0.246131685185 0.245835768519
TA.T18A.z -109.874 37.1364 0.257199163934 0.256689680328
TA.D60A.z -70.9237 46.9139 0.246183660194 0.245785961165
TA.F59A.z -72.7833 45.8513 0.245762833333 0.24469704386
TA.L28A.z -101.52 42.0073 0.246974896552 0.24660462069
TA.Y16A.z -111.478 33.8798 0.258520675439 0.257757438596
TA.A12A.z -115.653 48.9339 0.251389394444 0.252282088889
TA.A07A.z -120.384 49.048 0.25493997479 0.255519579832
TA.L16A.z -111.432 42.0149 0.253829809524 0.252584095238
TA.L56A.z -77.5591 42.1365 0.244920587629 0.244815804124
TA.U34A.z -97.5354 36.4365 0.249069104839 0.249075040323
TA.P14A.z -113.069 39.5906 0.262723377358 0.263079264151
TA.I33A.z -96.7989 44.0475 0.245109525424 0.244305813559
TA.D15A.z -112.52 47.0418 0.253095574586 0.25268241989
TA.X13A.z -113.83 34.5935 0.255388764706 0.255022168067
TA.A05A.z -122.085 48.9983 0.257402816514 0.257038614679
TA.P41A.z -91.0619 39.675 0.243767410714 0.243040848214
TA.R48A.z -85.8714 38.4001 0.245518842105 0.244693410526
TA.S53A.z -82.1264 37.6815 0.246564969697 0.246003545455
TA.K06A.z -120.251 42.7991 0.264771219178 0.265496205479
TA.L47A.z -85.2021 41.9756 0.24631172093 0.246450325581
TA.O56A.z -78.5663 40.2683 0.245458245455 0.245022881818
TA.I41A.z -89.8697 44.0592 0.243832542056 0.242748401869
TA.N07B.z -118.971 40.7797 0.264036137255 0.263114656863
TA.T16A.z -111.506 36.9839 0.255720220339 0.256081889831
TA.136A.z -96.5297 32.4746 0.247492679245 0.247214169811
TA.R32A.z -98.7111 38.4225 0.246105196581 0.245602111111
TA.JFWS.z -90.2481 42.9142 0.245391410526 0.244607042105
TA.RSSD.z -104.036 44.1212 0.248611689655 0.24830754023
TA.E34A.z -95.1691 46.5136 0.244471862069 0.244035431034
TA.C03A.z -124.566 47.9475 0.253385247525 0.25324380198
TA.M03C.z -122.122 41.2742 0.259145358209 0.258396119403
TA.O21A.z -107.47 40.2149 0.254132595238 0.255103857143
TA.R56A.z -79.4031 38.4071 0.247773935185 0.248268675926
TA.W52A.z -83.9277 35.0935 0.244241243478 0.244328356522
TA.445A.z -90.338 30.7303 0.251710728 0.2527076
TA.A25A.z -103.113 48.9388 0.248347583333 0.246926625
TA.H36A.z -93.9281 44.5775 0.245031389831 0.245683313559
TA.N56A.z -78.2953 40.9171 0.245853754902 0.245162254902
TA.G16A.z -111.805 45.2285 0.259083027027 0.258991702703
TA.X41A.z -92.5137 34.4949 0.248724260504 0.247878268908
TA.V62A.z -75.957 35.5612 0.245634463636 0.245540436364
TA.G23A.z -105.391 45.2012 0.247847256881 0.247439018349
TA.631A.z -100.576 29.4123 0.248670525862 0.248268612069
TA.Z42A.z -91.9474 33.2739 0.248604173913 0.249108904348
TA.P17A.z -110.74 39.473 0.257751183206 0.258068045802
TA.A32A.z -96.4935 48.9172 0.246129408163 0.244363846939
TA.B20A.z -108.021 48.4389 0.247192742574 0.244924257426
TA.D26A.z -102.436 47.0301 0.245238654867 0.243995106195
TA.P05C.z -120.608 39.3028 0.258321731343 0.258162104478
TA.P51A.z -83.0601 39.4818 0.243742208054 0.243192167785
TA.A10A.z -117.559 48.9813 0.25403767619 0.25343107619
TA.I15A.z -112.485 43.9997 0.262419207547 0.263775207547
TA.T51A.z -83.9454 36.9655 0.246417756522 0.245069226087
TA.O26A.z -103.313 40.2422 0.252269902655 0.250631495575
TA.K40A.z -91.1383 42.6999 0.244340634146 0.242861390244
TA.P11A.z -115.754 39.553 0.260857330769 0.259959207692
TA.214A.z -112.812 31.9559 0.257570836066 0.257884786885
TA.B12A.z -115.589 48.4694 0.25199747929 0.252171017751
TA.I53A.z -79.5912 43.8238 0.247403180723 0.246488855422
TA.X43A.z -90.8812 34.518 0.248791481818 0.248154063636
TA.124A.z -105.454 32.7001 0.257012477876 0.258276451327
TA.T54A.z -81.5762 37.0608 0.245662459259 0.245286622222
TA.732A.z -99.9707 28.7292 0.248791357143 0.248681035714
TA.T22A.z -106.903 37.0138 0.259357771739 0.2592545
TA.Q37A.z -94.4522 38.8763 0.247366521127 0.246412126761
TA.F19A.z -108.944 45.8538 0.249852651786 0.248999535714
TA.C26A.z -102.096 47.8259 0.24614871028 0.244133485981
TA.J15A.z -112.433 43.3998 0.260839259259 0.26093587037
TA.I23A.z -105.463 43.9605 0.252318855932 0.251127220339
TA.Q48A.z -85.7311 38.9295 0.243820672566 0.243413584071
TA.Z43A.z -91.2441 33.21 0.245599429907 0.245007130841
TA.Y41A.z -92.6113 33.8807 0.248414379032 0.248492032258
TA.N23A.z -105.944 40.8947 0.251564601695 0.251761533898
TA.133A.z -98.9162 32.6083 0.243458517544 0.24375904386
TA.I38A.z -92.3306 44.0405 0.244114876923 0.243841084615
TA.W19A.z -109.388 35.1118 0.258322882883 0.258396486486
TA.J05A.z -121.236 43.2843 0.265492776119 0.266362014925
TA.V05C.z -119.903 35.8667 0.256532073529 0.255804176471
TA.S17A.z -110.802 37.6354 0.257198173554 0.256232338843
TA.J42A.z -89.1234 43.3179 0.243828449438 0.243769696629
TA.Z29A.z -101.706 33.2595 0.244914424658 0.245456890411
TA.M08A.z -118.379 41.4483 0.259083402062 0.259484721649
TA.KMSC.z -81.3333 35.142 0.2453978 0.244839259259
TA.O60A.z -75.405 40.3177 0.244777712871 0.244396792079
TA.K11A.z -116.032 42.7713 0.264565027027 0.265003099099
TA.Y50A.z -85.7347 33.8911 0.244871554348 0.243795206522
TA.Z13A.z -113.657 33.1999 0.253745979592 0.254038408163
TA.228A.z -102.592 32.118 0.2507403 0.250588281818
TA.060Z.z -80.556 26.4062 0.249071450549 0.248811835165
TA.134A.z -98.0795 32.5729 0.245256043103 0.24520425
TA.N63A.z -72.5206 40.9878 0.245263708738 0.244474660194
TA.448A.z -87.8608 30.9309 0.249669717742 0.249639943548
TA.P13A.z -114.016 39.455 0.261386836364 0.261370281818
TA.S49A.z -85.2875 37.7849 0.247314387931 0.246867646552
TA.B17A.z -110.799 48.2921 0.248434589286 0.246888303571
TA.058A.z -81.8049 27.0569 0.24834772 0.24744456
TA.T39A.z -93.3774 37.0241 0.244660508333 0.245293658333
TA.N40A.z -91.5837 40.8841 0.243960954128 0.242693550459
TA.T52A.z -82.9852 37.1076 0.249125788618 0.247462227642
TA.R57A.z -78.5232 38.297 0.248722785714 0.249014071429
TA.N53A.z -80.8377 40.8065 0.243691079365 0.242842738095
TA.P25A.z -104.168 39.5125 0.253114877049 0.25152295082
TA.I29A.z -100.303 44.0215 0.244021836364 0.244386654545
TA.F42A.z -88.1347 45.7587 0.24346701 0.24322967
TA.K52A.z -80.7139 42.7805 0.244898757009 0.244098906542
TA.Q22A.z -106.91 38.8627 0.255924256 0.256059288
TA.HDIL.z -89.294 40.5559 0.244311157895 0.244244201754
TA.526A.z -104.09 30.0609 0.253550008929 0.254032571429
TA.857A.z -82.2291 28.267 0.249324859155 0.248854633803
TA.V45A.z -88.9591 35.7403 0.248915561404 0.249078719298
TA.U37A.z -95.1161 36.406 0.245167018519 0.244634509259
TA.E41A.z -88.9636 46.4643 0.244744296703 0.244544681319
TA.C34A.z -94.9106 47.6501 0.242914295918 0.241180540816
