TA.324A.z -105.483 31.4425 0.267726109756 0.267224
TA.118A.z -109.97 32.6399 0.273288648352 0.273152505495
TA.O10A.z -116.5 40.2917 0.275610818182 0.275357636364
TA.Z17A.z -110.472 33.2969 0.272869982759 0.272519465517
TA.TIGA.z -83.5898 31.4389 0.272396785714 0.272067193878
TA.Y22C.z -106.921 34.0741 0.274664 0.281967
TA.M11A.z -115.791 41.4311 0.272381408163 0.272209367347
TA.H14A.z -113.367 44.6165 0.27285958 0.27245294
TA.F48A.z -82.6185 45.8278 0.269619172932 0.269402398496
TA.L05A.z -120.834 42.0472 0.267313833333 0.267242222222
TA.Q50A.z -83.979 38.8436 0.274027796296 0.273672175926
TA.U15A.z -112.291 36.428 0.274452134615 0.274459884615
TA.B28A.z -100.362 48.4492 0.270872 0.270274018868
TA.B05A.z -122.096 48.2641 0.270996181818 0.270555545455
TA.M47A.z -85.6214 41.3594 0.272618504348 0.272376191304
TA.R50A.z -84.3274 38.2816 0.275373072072 0.275276108108
TA.W18A.z -109.736 35.1181 0.269206173077 0.269372346154
TA.M04C.z -121.839 41.7826 0.274797434783 0.273838043478
TA.635A.z -97.7736 29.3877 0.270362285714 0.270324857143
TA.A15A.z -112.733 48.9777 0.269457088235 0.269144323529
TA.EYMN.z -91.4953 47.9462 0.268232674603 0.268109793651
TA.Q26A.z -103.52 38.9234 0.270169366667 0.269483566667
TA.K04A.z -121.731 42.6133 0.262861 0.261833294118
TA.J28A.z -101.236 43.4239 0.271008567568 0.270768810811
TA.E04A.z -122.72 46.5934 0.273903730769 0.273418615385
TA.F07A.z -119.928 45.8951 0.273644258333 0.2734212
TA.S48A.z -86.0569 37.6574 0.27259155 0.2723688
TA.D57A.z -73.8878 47.0172 0.270570544444 0.270314966667
TA.D62A.z -69.0501 47.0819 0.267795541667 0.267501822917
TA.X50B.z -85.6499 34.4611 0.27359842029 0.273528362319
TA.R10A.z -116.302 38.2886 0.271949574468 0.271553893617
TA.F62A.z -69.9664 45.8968 0.272063 0.271848461538
TA.LAVA.z -120.74 38.7552 0.271046067797 0.270906576271
TA.U04C.z -120.783 36.3627 0.271826851852 0.271708611111
TA.N39A.z -92.5023 40.8776 0.269734641221 0.269650664122
TA.O15A.z -112.469 40.2807 0.27325509434 0.272961773585
TA.K07A.z -119.247 42.6912 0.272935275862 0.272355758621
TA.P52A.z -82.1325 39.6337 0.272910824324 0.272960695946
TA.R38A.z -93.9056 38.1868 0.272670178571 0.272276839286
TA.R53A.z -81.9522 38.3307 0.271527478992 0.271044840336
TA.Z31A.z -100.144 33.3183 0.275938045455 0.275726886364
TA.K42A.z -89.3457 42.7792 0.270231568627 0.270160176471
TA.H33A.z -96.7434 44.6812 0.2717108 0.271442495652
TA.241A.z -92.9188 32.0227 0.271348771429 0.270675085714
TA.N55A.z -78.9862 40.7808 0.271753247423 0.271558587629
TA.B06A.z -121.484 48.5183 0.275823675676 0.275669108108
TA.Q25A.z -104.247 38.9145 0.269471037736 0.269380075472
TA.J36A.z -94.3395 43.3292 0.271895802083 0.27174371875
TA.D22A.z -106.18 47.1498 0.271769440678 0.271695101695
TA.L35A.z -95.5448 42.1123 0.27459459375 0.2744329375
TA.I37A.z -93.4003 44.0148 0.272683256637 0.272529690265
TA.K46A.z -85.7834 42.6864 0.271711368 0.271270632
TA.933A.z -99.2746 27.6133 0.268851342105 0.268615122807
TA.D17A.z -110.687 47.1523 0.275097813333 0.274892346667
TA.Y49A.z -86.4119 33.8577 0.272055261364 0.271501772727
TA.M13A.z -114.165 41.3602 0.276516606742 0.276546438202
TA.R36A.z -95.504 38.3237 0.271366857143 0.270964848214
TA.IRM.z -115.145 34.1574 0.270296545455 0.269866272727
TA.JCT.z -99.8022 30.4794 0.273329442105 0.273138336842
TA.V27A.z -102.836 35.7569 0.271174076923 0.270134538462
TA.J20A.z -108.084 43.3531 0.268477924242 0.268005
TA.SNCC.z -119.524 33.2479 0.265483875 0.2649425
TA.Q11A.z -115.654 38.8455 0.274046212766 0.273413787234
TA.H57A.z -75.3905 44.4624 0.268846039604 0.268611
TA.233A.z -98.8998 32.0179 0.269817959016 0.269219418033
TA.Y42A.z -91.7871 33.8364 0.270527333333 0.270300203704
TA.O54A.z -80.3778 40.1821 0.273199343511 0.27265719084
TA.226A.z -104.101 32.0618 0.27410703125 0.27380403125
TA.330A.z -101.175 31.4063 0.275288807018 0.274867438596
TA.W34A.z -97.7733 35.2352 0.273807707317 0.273562939024
TA.121A.z -107.785 32.5324 0.272895957447 0.272355829787
TA.733A.z -99.2939 28.7192 0.269507987805 0.268957670732
TA.K09A.z -117.725 42.6996 0.271941809524 0.271119952381
TA.V21A.z -107.638 35.8054 0.270325125 0.269858458333
TA.TUL1.z -95.7919 35.9104 0.270608372549 0.270277607843
TA.M59A.z -75.4321 41.5413 0.269663404959 0.269382429752
TA.P16A.z -111.66 39.6092 0.270263777778 0.270262972222
TA.116A.z -111.704 32.5618 0.271283267176 0.271041908397
TA.G26A.z -102.599 45.2937 0.273976274725 0.273615340659
TA.545A.z -90.4894 30.0441 0.266689686869 0.266293606061
TA.I61A.z -72.2087 43.9323 0.270305174312 0.270104724771
TA.V54A.z -81.9478 35.7771 0.27022595 0.270034408333
TA.F08A.z -118.777 45.7971 0.274240934066 0.273594483516
TA.K35A.z -95.2328 42.7218 0.274444666667 0.274076309524
TA.R31A.z -99.5271 38.2888 0.273066595238 0.272403928571
TA.W15A.z -112.267 35.1787 0.274950472727 0.274935509091
TA.428A.z -102.685 30.7263 0.269302253731 0.269100283582
TA.M54A.z -79.6647 41.5079 0.271166080357 0.271147267857
TA.BLA.z -80.4205 37.2113 0.270960483333 0.270961216667
TA.D05A.z -121.989 47.1881 0.2709694 0.270255914286
TA.154A.z -83.1066 32.6131 0.271007763158 0.270801675439
TA.N25A.z -104.087 40.8132 0.271823821429 0.271320357143
TA.I28A.z -101.169 43.9996 0.272435715909 0.272114965909
TA.R18A.z -109.894 38.3862 0.272554067797 0.272305067797
TA.D14A.z -113.506 47.0816 0.272858617284 0.272679074074
TA.E36A.z -93.2557 46.5177 0.271070108333 0.270976416667
TA.I59A.z -73.8744 43.7957 0.268311927928 0.268162459459
TA.345A.z -90.0309 31.308 0.266330818182 0.265883939394
TA.E47A.z -83.2777 46.4547 0.26956474359 0.269278769231
TA.G15A.z -112.489 45.166 0.271492265306 0.271059979592
TA.542A.z -92.5513 30.1247 0.262380070175 0.261956903509
TA.127A.z -103.357 32.6764 0.271862869565 0.271707275362
TA.F44A.z -86.4226 45.9737 0.27081928972 0.270395420561
TA.C31A.z -97.7336 47.7927 0.268930134921 0.268383968254
TA.Y40A.z -93.2798 34.0124 0.272572457944 0.272157009346
TA.IBP.z -116.093 32.6611 0.2756975 0.2751465
TA.IBP.z -116.093 32.6612 0.27053552381 0.270315285714
TA.X20A.z -108.498 34.5421 0.273266970588 0.272969205882
TA.M43A.z -88.9581 41.4365 0.27284852 0.27283469
TA.G32A.z -97.4994 45.2555 0.270008608 0.26982016
TA.E55A.z -76.0572 46.4538 0.270827884956 0.270696451327
TA.OXF.z -89.4092 34.5118 0.268258909091 0.268224848485
TA.456A.z -82.0223 30.7248 0.269752681416 0.269592548673
TA.V53A.z -82.8124 35.6694 0.271696282828 0.271491292929
TA.U49A.z -85.7796 36.5129 0.273848882883 0.273415720721
TA.H59A.z -73.6905 44.6455 0.269693016807 0.269467739496
TA.Y17A.z -110.844 33.6953 0.272658272727 0.272300969697
TA.D24A.z -104.327 47.1152 0.271863236111 0.271481805556
TA.MUR.z -117.195 33.6 0.27257003125 0.2721263125
TA.P33A.z -97.6946 39.4363 0.27138653211 0.271165688073
TA.N48A.z -85.0271 40.8591 0.274228898305 0.274109211864
TA.LBNH.z -71.9259 44.2401 0.268804171429 0.268584438095
TA.K37A.z -93.6388 42.7669 0.271322099099 0.271143828829
TA.G08A.z -118.96 45.2904 0.274141643678 0.274036425287
TA.M19A.z -109.157 41.5047 0.270628229167 0.269819083333
TA.F20A.z -108.149 45.8006 0.270785977528 0.270618224719
TA.D37A.z -92.4262 47.1581 0.266705803279 0.266396131148
TA.I58A.z -74.9733 43.6901 0.272131766355 0.271851168224
TA.ACSO.z -82.982 40.2319 0.271014257862 0.27084927673
TA.W24A.z -105.408 35.2106 0.27315852381 0.27320647619
TA.X46A.z -88.5844 34.5564 0.271907597826 0.271643445652
TA.F58A.z -73.8145 45.8663 0.270787896 0.270376232
TA.CCM.z -91.2446 38.0557 0.269168633803 0.269095549296
TA.758A.z -81.1996 28.9621 0.265375349398 0.264844313253
TA.P50A.z -83.7988 39.6086 0.27230681203 0.272042398496
TA.U16A.z -111.13 36.1428 0.269177705882 0.269153235294
TA.I12A.z -115.133 43.7945 0.27307278 0.27291936
TA.SBC.z -119.715 34.4408 0.264140477273 0.264224
TA.A11A.z -116.363 48.958 0.269744803279 0.26902647541
TA.C25A.z -103.256 47.7124 0.271804436782 0.271077275862
TA.Y30A.z -100.898 33.8766 0.272238191489 0.272244446809
TA.G33A.z -96.4383 45.1946 0.270597016529 0.270292512397
TA.P42A.z -90.3443 39.5853 0.275375934579 0.275087252336
TA.D61A.z -70.1868 47.2022 0.268297126126 0.26800427027
TA.M60A.z -74.625 41.3265 0.266764649123 0.266812701754
TA.D41A.z -88.5657 47.0605 0.269000460317 0.268684238095
TA.M07A.z -119.171 41.3884 0.274250040816 0.273820571429
TA.A27A.z -101.241 48.9533 0.270340423423 0.27023554955
TA.M10A.z -116.54 41.522 0.274409333333 0.273882333333
TA.AMTX.z -101.681 34.8837 0.266459875 0.2666746875
TA.J14A.z -113.518 43.3234 0.271502071429 0.270995
TA.R25A.z -104.283 38.1474 0.273212186441 0.272861576271
TA.I04A.z -122.411 43.7941 0.2706657 0.270008333333
TA.B27A.z -101.26 48.4044 0.272536268041 0.271861907216
TA.A22A.z -105.915 48.9926 0.268895567901 0.268443246914
TA.K20A.z -108.342 42.6579 0.270136983051 0.269646
TA.U43A.z -90.4057 36.3693 0.269899685714 0.269790647619
TA.SCI2.z -118.547 32.9799 0.266016794872 0.265797461538
TA.G60A.z -72.3337 45.0977 0.272503482143 0.272184446429
TA.D33A.z -95.8448 47.1404 0.269250895161 0.269192233871
TA.I25A.z -103.732 44.0196 0.2720931375 0.2720098625
TA.859A.z -80.8984 28.0592 0.265890293103 0.265399577586
TA.V44A.z -89.8954 35.8282 0.265961080357 0.265806955357
TA.X23A.z -106.188 34.581 0.273304203704 0.273420074074
TA.120A.z -108.633 32.5466 0.268464885714 0.2683529
TA.J58A.z -75.2852 43.3603 0.270165508621 0.269656465517
TA.O31A.z -99.3261 40.1521 0.270587859813 0.270517626168
TA.J54A.z -78.6392 43.2728 0.271933195876 0.27151785567
TA.DWPF.z -81.4327 28.1103 0.26737420339 0.26746140678
TA.142A.z -91.9457 32.5488 0.270109857143 0.270118071429
TA.S45A.z -88.5804 37.6774 0.271796392857 0.271494169643
TA.Y25A.z -104.693 33.9229 0.273787302326 0.273664651163
TA.ABTX.z -99.6431 32.6238 0.271661777778 0.271713087302
TA.T15A.z -112.382 37.0183 0.273851797101 0.273729043478
TA.T48A.z -86.3943 37.1094 0.272113886364 0.272020977273
TA.F23A.z -105.406 45.7212 0.271132240964 0.270729253012
TA.P10A.z -116.464 39.6202 0.271292363636 0.270413527273
TA.E58A.z -73.2771 46.3721 0.270374513514 0.270096693694
TA.151A.z -85.3267 32.5269 0.268765357895 0.268277136842
TA.J23A.z -105.552 43.4036 0.270295964286 0.270142357143
TA.T60A.z -76.7349 37.1397 0.272102 0.271872449541
TA.D58A.z -72.8826 47.0954 0.270855732143 0.270709830357
TA.R27A.z -102.798 38.2859 0.272666086957 0.272077797101
TA.ERPA.z -79.9891 42.1175 0.269937927273 0.269762763636
TA.C16A.z -111.746 47.8012 0.273795261261 0.273609702703
TA.BGNE.z -98.1502 41.4083 0.271549216216 0.27088897973
TA.GLA.z -114.827 33.0515 0.269917133333 0.269784377778
TA.O32A.z -98.2764 40.261 0.273369204082 0.273364704082
TA.Z37A.z -95.6229 33.1981 0.272650875 0.272951875
TA.D25A.z -103.32 47.1508 0.269040223529 0.268612694118
TA.L30A.z -99.7196 41.9492 0.273329628571 0.273205128571
TA.G10A.z -117.12 45.2925 0.274321578947 0.274330789474
TA.J33A.z -96.9667 43.3185 0.273202571429 0.272972267857
TA.W39A.z -93.784 35.196 0.272649119266 0.272584165138
TA.H56A.z -76.2594 44.593 0.269630098901 0.269423758242
TA.Y23A.z -106.055 33.9315 0.271610611111 0.271071814815
TA.V43A.z -90.5443 35.7857 0.268152663462 0.267883163462
TA.638A.z -95.4481 29.4193 0.26090625 0.26012225
TA.DVT.z -116.101 32.6591 0.267576333333 0.268419666667
TA.V56A.z -80.4963 35.8097 0.268277320896 0.267922552239
TA.N52A.z -81.6876 40.8125 0.272528915254 0.272289025424
TA.S61A.z -75.6727 37.6804 0.270028021978 0.269959505495
TA.D50A.z -79.8412 47.1668 0.266896081081 0.266712851351
TA.LAO.z -106.223 46.6885 0.269897695652 0.269799217391
TA.450A.z -86.5863 30.8038 0.268381814815 0.267791358025
TA.F55A.z -76.351 45.8338 0.270486776596 0.270226021277
TA.N41A.z -90.8552 40.7077 0.273610017391 0.273432391304
TA.G11A.z -116.268 45.3997 0.273933285714 0.273911985714
TA.M53A.z -80.675 41.4393 0.271612550847 0.271396474576
TA.252A.z -84.7357 31.9962 0.270739839286 0.270191875
TA.I20A.z -108.128 43.9496 0.271726086207 0.271694172414
TA.X35A.z -96.9731 34.3995 0.271503305882 0.270653682353
TA.833A.z -99.3939 28.3236 0.270143025641 0.2697105
TA.I49A.z -82.8246 43.94 0.268140460937 0.267787609375
TA.P36A.z -95.206 39.6204 0.273056049505 0.272856316832
TA.T14A.z -113.084 37.0615 0.273905263158 0.273538701754
TA.129A.z -101.866 32.6309 0.274195326923 0.273317269231
TA.O55A.z -79.3041 40.2076 0.272460818182 0.271798227273
TA.LRL.z -117.682 35.4795 0.273658 0.2735315
TA.334A.z -98.2379 31.3325 0.274516457143 0.274203361905
TA.W21A.z -107.648 35.117 0.272618295455 0.271626840909
TA.Z50A.z -85.9226 33.254 0.271113017544 0.270458894737
TA.Z21A.z -107.671 33.3086 0.271187444444 0.270396666667
TA.V23A.z -106.183 35.7452 0.271588458333 0.271155625
TA.D29A.z -99.5957 47.0605 0.269775887931 0.269244586207
TA.W38A.z -94.5184 35.0704 0.271218681159 0.271160434783
TA.F13A.z -114.332 45.7893 0.274543 0.274189539326
TA.Y47A.z -87.8494 33.9025 0.269721266667 0.269358733333
TA.V40A.z -92.8232 35.8044 0.2702125 0.269996172727
TA.Q40A.z -92.0748 38.9946 0.27481573913 0.274679173913
TA.E05A.z -121.761 46.5605 0.2727125 0.272361227273
TA.M50A.z -83.0428 41.4035 0.272245111111 0.272073196581
TA.W16A.z -111.532 35.0951 0.275749315789 0.275534105263
TA.F14A.z -113.37 45.8122 0.271254542169 0.270915493976
TA.D28A.z -100.569 47.1929 0.271581207921 0.271452455446
TA.Y27A.z -103.163 33.8839 0.270893571429 0.269937755102
TA.J27A.z -102.007 43.2526 0.271109063492 0.270798857143
TA.556A.z -82.4057 30.0015 0.268032534884 0.267974651163
TA.J37A.z -93.5527 43.3103 0.271465227642 0.271308886179
TA.231A.z -100.316 31.9353 0.272982406977 0.272630790698
TA.145A.z -89.9287 32.6035 0.271571183673 0.271124153061
TA.627A.z -103.389 29.4528 0.267292 0.266711223684
TA.C11A.z -116.256 47.8397 0.270983978022 0.270786043956
TA.W33A.z -98.4686 35.1518 0.272712101449 0.272615492754
TA.E60A.z -71.4469 46.3689 0.272193397959 0.2720535
TA.G17A.z -110.74 45.3212 0.269292423729 0.268837728814
TA.439A.z -94.766 30.7937 0.266677229508 0.266128540984
TA.K24A.z -104.815 42.7225 0.27225279661 0.272051644068
TA.CIA.z -118.415 33.4019 0.260178703704 0.259791222222
TA.Y45A.z -89.5431 33.8656 0.27166483908 0.271293264368
TA.H16A.z -111.248 44.7038 0.267389245902 0.266741459016
TA.C24A.z -104.425 47.5302 0.273132797101 0.272808565217
TA.Y39A.z -94.0936 33.938 0.270930989362 0.27075437234
TA.S41A.z -91.7458 37.5877 0.271791918182 0.271535963636
TA.F52A.z -79.3227 45.7951 0.26915002439 0.268781256098
TA.MNTX.z -105.382 31.6985 0.265802 0.266168666667
TA.Q39A.z -92.9759 39.0455 0.271043305785 0.27102753719
TA.GMR.z -115.66 34.7846 0.271715142857 0.271368107143
TA.F06A.z -120.782 45.7664 0.275688735294 0.275583426471
TA.V48A.z -86.8219 35.74 0.27090346789 0.270413293578
TA.K23A.z -105.625 42.7546 0.272096459016 0.271759672131
TA.E20A.z -108.13 46.5038 0.271595075 0.2711703875
TA.H32A.z -97.4363 44.5041 0.271215859375 0.27069896875
TA.K21A.z -107.251 42.6332 0.26944731746 0.269155126984
TA.M35A.z -95.6945 41.4665 0.272074797468 0.271783379747
TA.A18A.z -109.846 48.9198 0.270045205882 0.269680147059
TA.W49A.z -86.2645 35.1194 0.272989348624 0.272973431193
TA.329A.z -101.981 31.487 0.273522474747 0.27337730303
TA.J02A.z -123.575 43.3654 0.27304721875 0.2725651875
TA.N12A.z -115.039 40.8522 0.278178026667 0.277990093333
TA.K32A.z -97.9723 42.6597 0.274743807339 0.274567605505
TA.436A.z -96.796 30.7702 0.274448 0.274162022222
TA.636A.z -97.057 29.481 0.269213318182 0.269241060606
TA.O36A.z -94.9645 40.1315 0.273041252632 0.272744989474
TA.138A.z -95.0887 32.6604 0.270267788732 0.270369915493
TA.P31A.z -99.3783 39.5211 0.271550816092 0.271209770115
TA.X58A.z -79.3388 34.5548 0.267934168539 0.267505292135
TA.Y52A.z -84.0626 33.864 0.270591848485 0.270231828283
TA.339A.z -94.556 31.3331 0.268355647727 0.267739386364
TA.X38A.z -94.8288 34.6692 0.273174483871 0.273303951613
TA.S25A.z -104.435 37.6606 0.268572972973 0.268292054054
TA.I30A.z -99.4262 43.9143 0.270724121212 0.270304161616
TA.R20A.z -108.379 38.1888 0.271899434783 0.271603152174
TA.W43A.z -90.7061 35.0877 0.268560715909 0.267982022727
TA.G20A.z -108.214 45.2202 0.271389141304 0.270959815217
TA.F04A.z -122.419 45.9325 0.270125485714 0.269293771429
TA.H08A.z -118.67 44.5191 0.276339181818 0.276286077922
TA.L42A.z -89.667 42.004 0.272865745614 0.272677938596
TA.115A.z -112.228 32.7006 0.26691777037 0.266720674074
TA.N51A.z -82.3748 40.9183 0.273985807143 0.273807221429
TA.SWS.z -115.8 32.9451 0.265287083333 0.264236166667
TA.M15A.z -112.448 41.4632 0.271052166667 0.270885181818
TA.C14A.z -113.747 47.7687 0.272453636364 0.272044618182
TA.B31A.z -97.6495 48.4236 0.267573503937 0.267398047244
TA.O47A.z -86.1742 40.2361 0.271701691489 0.271323851064
TA.L32A.z -98.008 42.0045 0.273779201923 0.273539778846
TA.L46A.z -86.2955 42.0127 0.272545528302 0.272349669811
TA.114A.z -112.883 32.7513 0.274705764706 0.274574843137
TA.527A.z -103.612 30.1456 0.272821734694 0.272048836735
TA.D10A.z -117.276 47.0547 0.269223286822 0.268737852713
TA.U61A.z -76.4464 36.3319 0.269977504854 0.26996415534
TA.E12A.z -115.571 46.4151 0.27208145614 0.271918596491
TA.G34A.z -95.638 45.2419 0.272164228346 0.272013755906
TA.Y24A.z -105.436 33.9257 0.271295444444 0.271510555556
TA.C23A.z -105.184 47.8026 0.274243086957 0.273514463768
TA.M64A.z -71.2102 41.5509 0.266721846939 0.266605091837
TA.D27A.z -101.525 47.1081 0.271683869048 0.271321964286
TA.Z28A.z -102.387 33.2884 0.274954825 0.274533275
TA.E40A.z -89.8991 46.4446 0.27099734375 0.270887291667
TA.I40A.z -90.6177 43.8916 0.272041513514 0.272086774775
TA.I39A.z -91.5231 43.8543 0.273180142857 0.272809277311
TA.232A.z -99.6469 31.888 0.273445134021 0.273017381443
TA.M28A.z -101.371 41.3956 0.270843793103 0.270469195402
TA.S52A.z -83.0784 37.6791 0.274633452991 0.274500162393
TA.Z34A.z -97.9158 33.3712 0.272632742424 0.272172939394
TA.347A.z -88.5412 31.4017 0.270111225352 0.269467690141
TA.X54A.z -82.3743 34.5474 0.267807943089 0.267548495935
TA.W60A.z -77.7133 35.0528 0.268735206897 0.268464767241
TA.530A.z -101.338 30.1489 0.275125518519 0.27485837037
TA.M56A.z -78.1826 41.4837 0.272333485981 0.272244018692
TA.I64A.z -69.6347 43.9197 0.268254321429 0.268112455357
TA.O48A.z -85.1553 40.2571 0.274916858333 0.27465565
TA.S34A.z -97.1111 37.7009 0.272068094828 0.271813086207
TA.J30A.z -99.4922 43.3248 0.27513047 0.27489897
TA.O17A.z -110.738 40.1948 0.269212730769 0.268443192308
TA.I36A.z -94.0143 44.0191 0.272392788889 0.272072522222
TA.L58A.z -75.8502 42.0447 0.270988884615 0.270730144231
TA.I19A.z -108.994 44.0363 0.273025067797 0.272619677966
TA.K26A.z -103.178 42.7016 0.270181101695 0.270074288136
TA.533A.z -99.0351 30.0718 0.269151254386 0.268775061404
TA.R06C.z -119.451 38.5226 0.272594298246 0.272102210526
TA.U48A.z -86.5402 36.5107 0.269863988372 0.269715104651
TA.246A.z -89.1286 32.0143 0.270393157303 0.270164786517
TA.X18A.z -109.95 34.5293 0.270695080645 0.270318290323
TA.217A.z -110.816 31.7748 0.2727985125 0.27267255
TA.K60A.z -73.8886 42.6168 0.270600826531 0.27040227551
TA.656A.z -82.5348 29.3689 0.267068793103 0.266792344828
TA.C10A.z -117.308 47.8192 0.271481634783 0.271127165217
TA.J41A.z -90.0137 43.3655 0.270625733333 0.270539585185
TA.E63A.z -68.422 46.422 0.270108056818 0.269466965909
TA.S33A.z -98.0016 37.5936 0.270443169811 0.270211754717
TA.F35A.z -94.5734 45.858 0.270246198347 0.269947322314
TA.V12A.z -114.851 35.7266 0.270717884058 0.270590855072
TA.O06A.z -119.827 40.165 0.275138342105 0.275141552632
TA.T47A.z -87.1055 36.9881 0.272091505747 0.27168254023
TA.F10A.z -117.228 45.9734 0.273652236842 0.273267881579
TA.M30A.z -99.8723 41.5371 0.273539082192 0.273183260274
TA.P27A.z -102.578 39.5559 0.274345767857 0.274281767857
TA.Q33A.z -97.8327 38.9982 0.272835371795 0.272689397436
TA.N33A.z -97.4506 40.7384 0.274854094118 0.274607505882
TA.K61A.z -73.2676 42.6695 0.268893633028 0.268888963303
TA.Q38A.z -93.6182 38.9609 0.273204341463 0.273015796748
TA.M31A.z -98.9766 41.344 0.272767057692 0.272316788462
TA.P35A.z -96.0188 39.5286 0.274101375 0.27384695
TA.M44A.z -88.0432 41.3882 0.273200165138 0.272899321101
TA.156A.z -81.495 32.6542 0.269883125984 0.26962684252
TA.Z14A.z -112.946 33.3627 0.26912605618 0.268917741573
TA.O39A.z -92.5438 40.2544 0.273260286957 0.272926756522
TA.SCIA.z -93.2153 41.9069 0.271896113636 0.271548068182
TA.125A.z -104.657 32.6588 0.275555223684 0.275657171053
TA.P57A.z -78.0126 39.4835 0.272247982143 0.271925303571
TA.D18A.z -109.802 47.1961 0.27207388764 0.271593988764
TA.X52A.z -83.8938 34.6032 0.271056807018 0.270919026316
TA.K34A.z -96.0957 42.6865 0.27105206422 0.270795816514
TA.I60A.z -73.2916 43.844 0.270962373832 0.270638785047
TA.L37A.z -93.7546 42.1246 0.271605360825 0.271057443299
TA.W37B.z -95.4316 35.139 0.271154434783 0.270998478261
TA.Q46A.z -87.3575 39.0231 0.272740011364 0.272255920455
TA.433A.z -99.091 30.7544 0.271575469565 0.271382191304
TA.P58A.z -77.3005 39.4891 0.271137508333 0.271078725
TA.E39A.z -90.5557 46.3777 0.272617298077 0.272493
TA.R22A.z -106.756 38.2289 0.2726765 0.2722805
TA.K33A.z -97.0012 42.6052 0.274261097345 0.274066672566
TA.Q15A.z -112.379 38.9995 0.273356821429 0.273208035714
TA.B22A.z -105.996 48.3008 0.27192538961 0.271620545455
TA.M46A.z -86.3524 41.4079 0.271458968421 0.271038147368
TA.Y43A.z -90.9285 33.9121 0.270391787037 0.269920777778
TA.V03C.z -121.236 36.0214 0.265960895522 0.265761507463
TA.A21A.z -106.925 48.9912 0.271209646341 0.270727817073
TA.341A.z -93.1681 31.3334 0.27080190411 0.270170986301
TA.L09A.z -117.667 42.0192 0.277161193548 0.276395564516
TA.K17A.z -110.92 42.7507 0.27484827027 0.274245486486
TA.254A.z -83.2905 31.9457 0.269708310345 0.269411732759
TA.J47A.z -84.8214 43.2382 0.272189373913 0.27210766087
TA.X27A.z -103.097 34.6469 0.26969526087 0.269511065217
TA.O08A.z -118.155 40.2903 0.277391195122 0.277205121951
TA.Q52A.z -82.2669 38.9622 0.274298268456 0.274232348993
TA.ISA.z -118.474 35.6628 0.267460107143 0.266965357143
TA.M52A.z -81.357 41.5405 0.271415153226 0.271260709677
TA.W41A.z -92.2478 35.1736 0.267124678571 0.2671565
TA.WCI.z -86.2939 38.2289 0.269388672956 0.268985132075
TA.I09A.z -117.741 43.9733 0.275894904762 0.275864015873
TA.C36A.z -92.8378 47.758 0.268559016529 0.268554289256
TA.320A.z -108.528 31.3369 0.267142817204 0.266948064516
TA.128A.z -102.485 32.6213 0.273572616438 0.273354
TA.Q58A.z -77.682 38.9413 0.27134052 0.27105684
TA.AAM.z -83.6567 42.3012 0.271184094488 0.271554173228
TA.BFS.z -117.659 34.2388 0.266653225806 0.266754870968
TA.M39A.z -92.1725 41.4786 0.270780858333 0.270719208333
TA.H02A.z -124 44.6764 0.270264368421 0.270070631579
TA.Q19A.z -109.263 38.9553 0.271731278689 0.271010934426
TA.M61A.z -73.7673 41.3104 0.267322316239 0.266965059829
TA.F60A.z -71.9514 45.9688 0.272246419048 0.271959171429
TA.T38A.z -94.293 37.0354 0.271764754545 0.271467127273
TA.T13A.z -113.907 37.0195 0.27273797619 0.272181666667
TA.216A.z -111.457 32.0022 0.268445232558 0.268302403101
TA.T50A.z -84.8384 37.0204 0.273034669903 0.272577475728
TA.L24A.z -104.933 42.0432 0.272491074074 0.27208462963
TA.V50A.z -85.1 35.6713 0.275029072165 0.274951041237
TA.NHSC.z -80.1778 33.1067 0.271697007752 0.271579062016
TA.ISCO.z -105.613 39.7997 0.261999666667 0.261469190476
TA.E43A.z -86.9954 46.3758 0.270861916667 0.270555409091
TA.E59A.z -72.5108 46.4803 0.270993254545 0.2707453
TA.P08A.z -118.08 39.6946 0.270453818182 0.269702939394
TA.V51A.z -84.3511 35.8033 0.273968868687 0.273995464646
TA.U12A.z -114.539 36.4321 0.27300522973 0.272652540541
TA.218A.z -110.046 31.9737 0.272656493827 0.272400654321
TA.G21A.z -107.207 45.225 0.272496365854 0.272452182927
TA.T37A.z -94.9176 37.123 0.272891255102 0.272765204082
TA.K38A.z -92.7709 42.6472 0.270202206349 0.27000168254
TA.X36A.z -96.352 34.5704 0.273900612903 0.273055532258
TA.Y21A.z -107.674 34.0087 0.270410361111 0.270274
TA.S12A.z -114.849 37.6083 0.273524923077 0.272890384615
TA.Q49A.z -84.8956 39.005 0.273613685484 0.273465225806
TA.I35A.z -94.9829 43.8565 0.272122424779 0.271984778761
TA.T40A.z -92.5193 37.1504 0.271687714286 0.271373190476
TA.U28A.z -102.224 36.3793 0.270792317073 0.270631414634
TA.D36A.z -93.1645 47.1765 0.273063165354 0.272921267717
TA.Y15A.z -112.333 33.9535 0.274104793103 0.273830298851
TA.V33A.z -98.2862 35.8209 0.273821340659 0.273546549451
TA.PDM.z -114.142 34.3034 0.272213138889 0.271857055556
TA.W50A.z -85.3119 35.2002 0.271856402062 0.271912381443
TA.R14A.z -113.021 38.2987 0.271490285714 0.270841642857
TA.Q04C.z -121.377 38.839 0.267889347826 0.267899956522
TA.F38A.z -91.8775 45.9588 0.273017 0.272975376147
TA.E15A.z -112.641 46.4246 0.270354092784 0.26983743299
TA.S26A.z -103.471 37.6216 0.273944796875 0.273741234375
TA.Q36A.z -95.4609 38.9612 0.273497357143 0.273191991071
TA.S57A.z -78.9536 37.7605 0.27021877451 0.269788313725
TA.Y48A.z -87.1696 33.9131 0.272614152778 0.272183138889
TA.C21A.z -107.096 47.8264 0.274125671053 0.273431973684
TA.S38A.z -93.9078 37.6304 0.273485019802 0.27313319802
TA.Z58A.z -79.8129 33.3349 0.261666413793 0.261087586207
TA.R33A.z -97.9842 38.3081 0.27151233 0.27120463
TA.H09A.z -117.664 44.6653 0.276916117647 0.276596558824
TA.E14A.z -113.493 46.4162 0.273271456522 0.273010586957
TA.T41A.z -91.7636 37.0436 0.272462256637 0.272207238938
TA.F17A.z -110.659 45.9054 0.272270759259 0.271911425926
TA.D08A.z -118.921 47.0573 0.271569171642 0.27162488806
TA.331A.z -100.427 31.3085 0.273481245902 0.273232295082
TA.Q20A.z -108.296 38.9541 0.271130612245 0.270812510204
TA.EDW2.z -117.994 34.8811 0.270075083333 0.270072520833
TA.G24A.z -104.416 45.328 0.269686177215 0.269130265823
TA.R09A.z -117.072 38.2397 0.2721559375 0.27169703125
TA.T33A.z -98.2444 37.0824 0.271739141414 0.271563040404
TA.Z38A.z -94.9851 33.2599 0.271144333333 0.270944148148
TA.N59A.z -75.7703 40.9168 0.270766495495 0.270295891892
TA.Q31A.z -99.395 39.0048 0.272345195122 0.272120146341
TA.H35A.z -94.8311 44.6985 0.272972306931 0.272654742574
TA.N31A.z -98.9544 40.8235 0.272186214286 0.272065989796
TA.Y46A.z -88.8577 33.8828 0.269133805825 0.268863359223
TA.F57A.z -74.6928 45.8122 0.269258596899 0.269068310078
TA.K13A.z -114.084 42.6493 0.273673622222 0.2730882
TA.U18A.z -109.87 36.4199 0.274065466667 0.27409004
TA.I51A.z -81.0231 43.8036 0.270572711864 0.270308618644
TA.F12A.z -115.255 45.7565 0.272103692308 0.271896038462
TA.255A.z -82.4758 31.9263 0.269287963964 0.268840657658
TA.W45A.z -89.186 35.1568 0.269151481132 0.269186924528
TA.D55A.z -75.4732 47.019 0.267242918919 0.267143495495
TA.U17A.z -110.662 36.5996 0.272448136364 0.272659068182
TA.Z49A.z -86.5311 33.1942 0.269187117647 0.269046544118
TA.K05A.z -120.893 42.7258 0.266406034483 0.265821862069
TA.H05A.z -121.227 44.6473 0.273685589744 0.27318974359
TA.E52A.z -78.6569 46.2851 0.272249152778 0.272092569444
TA.MSTX.z -102.772 33.9696 0.272257902174 0.27161273913
TA.N20A.z -108.263 40.8338 0.272505877551 0.272417122449
TA.G14A.z -113.46 45.2432 0.269151975309 0.268360740741
TA.L27A.z -102.315 42.0837 0.270907857143 0.270454821429
TA.F61A.z -70.9921 45.9743 0.27277941 0.27253156
TA.I48A.z -83.7022 44.1873 0.271005218182 0.270798036364
TA.243A.z -91.4827 31.8803 0.270959705128 0.270631371795
TA.626A.z -104.133 29.554 0.267295525773 0.266613154639
TA.M09A.z -117.45 41.423 0.276269520833 0.2759280625
TA.E08A.z -119.06 46.4911 0.271132899225 0.270789263566
TA.Q55A.z -80.0812 38.9952 0.271974467742 0.272137427419
TA.V28A.z -102.224 35.7505 0.267313444444 0.266256377778
TA.U21A.z -107.658 36.4277 0.269396580645 0.268960774194
TA.O38A.z -93.4731 40.1215 0.274273663934 0.27409992623
TA.K18A.z -110.042 42.6372 0.269806658537 0.269620170732
TA.438A.z -95.4741 30.75 0.2647556875 0.26406346875
TA.U36A.z -95.7325 36.3927 0.272086652632 0.271855947368
TA.Y38A.z -94.7311 33.9278 0.272605107143 0.272158154762
TA.G07A.z -119.669 45.2664 0.27524430303 0.274884181818
TA.U57A.z -79.3364 36.4319 0.270106067797 0.269818525424
TA.V58A.z -79.115 35.794 0.268858636364 0.268677845455
TA.F11A.z -116.155 45.8883 0.275217313725 0.274599137255
TA.O45A.z -87.7244 40.2489 0.270674876106 0.270371442478
TA.C32A.z -96.5281 47.8255 0.270151229508 0.269906680328
TA.U19A.z -109.208 36.2925 0.274723541667 0.274272041667
TA.H31A.z -98.4772 44.4795 0.27124142623 0.270856606557
TA.238A.z -95.1203 32.0034 0.274791149254 0.274484044776
TA.337A.z -95.8854 31.3159 0.271346408451 0.271374225352
TA.E23A.z -105.306 46.4978 0.271708792683 0.271372841463
TA.J60A.z -73.4212 43.2438 0.270916165138 0.270610825688
TA.541A.z -93.1875 30.0596 0.261823483871 0.261242798387
TA.H64A.z -69.2203 44.6412 0.265944166667 0.265695638889
TA.S15A.z -112.363 37.6761 0.27192021875 0.27117234375
TA.H60A.z -72.6986 44.5606 0.270116178571 0.270034464286
TA.Q14A.z -113.277 38.9882 0.272085096774 0.27170683871
TA.M48A.z -84.7171 41.4846 0.273727961538 0.273458
TA.S21A.z -107.792 37.662 0.269375707317 0.269359536585
TA.F16A.z -111.626 45.7843 0.271993020833 0.271482458333
TA.W57A.z -79.9928 35.1529 0.267243666667 0.26716672549
TA.I55A.z -77.6817 44.2161 0.268553683673 0.268322520408
TA.Y57A.z -80.3915 34.017 0.268173525641 0.267657833333
TA.W44A.z -89.8161 35.1395 0.269602747967 0.269367796748
TA.R37A.z -94.8294 38.3133 0.272201615385 0.271761932692
TA.L25A.z -103.966 42.1548 0.272437327869 0.272244557377
TA.V30A.z -100.689 35.7623 0.27069088 0.2702965
TA.R41A.z -91.3795 38.2976 0.271659295918 0.271610938776
TA.R34A.z -97.247 38.3008 0.27093853271 0.270607869159
TA.G35A.z -94.4855 45.2199 0.27298859434 0.272608150943
TA.G22A.z -106.292 45.2189 0.272035444444 0.271753185185
TA.F28A.z -100.8 45.8485 0.271984308511 0.271804680851
TA.X33A.z -98.5006 34.541 0.271334019231 0.271097211538
TA.P60A.z -75.6358 39.8113 0.269520088496 0.269396168142
TA.M29A.z -100.689 41.4441 0.274119705882 0.273913808824
TA.ELFS.z -120.728 40.6183 0.270275730769 0.270012461538
TA.U22A.z -106.855 36.3773 0.274056525 0.2738203
TA.Q51A.z -83.3456 39.026 0.274388857143 0.274114761905
TA.K59A.z -74.8525 42.775 0.271082719626 0.270974841121
TA.W22A.z -106.867 35.0719 0.270546568627 0.269679980392
TA.U39A.z -93.4805 36.3823 0.270808862385 0.270508715596
TA.S39A.z -93.3226 37.691 0.2733172 0.273160418182
TA.529A.z -102.22 30.1246 0.272473730337 0.272157696629
TA.G53A.z -78.6237 45.1222 0.269103455556 0.268906166667
TA.BC3.z -115.454 33.6552 0.274053585366 0.274123536585
TA.M37A.z -94.0575 41.4028 0.271498198113 0.271301056604
TA.S18A.z -109.995 37.6903 0.271089787234 0.270852489362
TA.S60A.z -76.6535 37.7055 0.270118082569 0.269856550459
TA.S35A.z -96.319 37.6821 0.272244709677 0.272093427419
TA.J35A.z -95.2078 43.3655 0.273479535714 0.273316625
TA.E56A.z -75.0341 46.5436 0.272344902655 0.272165530973
TA.Q43A.z -89.6991 38.941 0.271663556522 0.271448547826
TA.432A.z -99.7937 30.8755 0.269003682353 0.268933094118
TA.E28A.z -100.693 46.5748 0.271308300885 0.271031619469
TA.A31A.z -97.1888 48.932 0.266568403361 0.266330966387
TA.A04A.z -122.707 48.7197 0.271787096154 0.271407673077
TA.O27A.z -102.479 40.19 0.27128942623 0.271090262295
TA.N13A.z -114.204 40.8556 0.276598755556 0.276594944444
TA.O22A.z -106.547 40.1618 0.270093261905 0.270023809524
TA.E54A.z -77.1869 46.4339 0.269244108434 0.269464337349
TA.L59A.z -75.0426 42.1902 0.269595190909 0.269466627273
TA.U05C.z -120.12 36.3356 0.270258277778 0.269474
TA.V19A.z -109.046 35.7147 0.270194608696 0.270228115942
TA.J32A.z -97.8476 43.3719 0.272107854839 0.271953483871
TA.Y28A.z -102.248 33.9086 0.273800384615 0.273432820513
TA.X19A.z -109.29 34.4275 0.270240467532 0.269820727273
TA.X16A.z -111.441 34.4178 0.273172301587 0.272824
TA.M18A.z -110.067 41.4272 0.267225470588 0.266908941176
TA.S22A.z -106.829 37.7461 0.270143972222 0.269699305556
TA.A13A.z -114.413 48.933 0.271230535088 0.270897298246
TA.Q03C.z -122.015 38.6333 0.2698525 0.269504666667
TA.257A.z -81.0261 31.9746 0.268449408696 0.268317191304
TA.E35A.z -94.4043 46.5572 0.273328416667 0.27297375
TA.F37A.z -92.6264 45.7243 0.271436609091 0.271335754545
TA.Q45A.z -88.1565 38.8948 0.271263725275 0.27083332967
TA.P49A.z -84.7164 39.5342 0.272261865546 0.272090579832
TA.W26A.z -103.766 35.0891 0.275032482759 0.274699517241
TA.Y35A.z -97.0374 33.9059 0.270297783333 0.269826333333
TA.E09A.z -118.146 46.5139 0.272761440299 0.272511253731
TA.HELL.z -119.023 36.6801 0.268726177419 0.268506612903
TA.F05A.z -121.459 45.8839 0.272547487179 0.272223461538
TA.N50A.z -83.1486 40.7711 0.272369479339 0.272157793388
TA.Y20A.z -108.377 33.9085 0.2742564 0.2737697
TA.L23A.z -105.701 42.1143 0.272420947368 0.271969982456
TA.V25A.z -104.616 35.8383 0.271951163636 0.271600454545
TA.137A.z -95.7559 32.5973 0.269647189873 0.269418303797
TA.J16A.z -111.612 43.2741 0.272058954545 0.271434022727
TA.G30A.z -99.1446 45.1293 0.270073107143 0.2696423125
TA.P01C.z -123.338 39.469 0.266197509091 0.265890436364
TA.A09A.z -118.585 48.9752 0.269503384615 0.269150884615
TA.E44A.z -85.9214 46.6199 0.270193972028 0.269956692308
TA.346A.z -89.4649 31.3876 0.270219578313 0.269653313253
TA.H28A.z -101.021 44.6751 0.272491593023 0.271831872093
TA.P38A.z -93.5321 39.6248 0.274782280702 0.274573719298
TA.N06A.z -119.835 40.7484 0.270249520833 0.269951354167
TA.X37A.z -95.3713 34.5892 0.269819365079 0.269732222222
TA.T24A.z -105.052 37.0738 0.268320888889 0.268913555556
TA.RRX.z -116.997 34.8753 0.272164571429 0.2721736
TA.632A.z -99.7863 29.5071 0.270117815789 0.269784302632
TA.G47A.z -83.8551 45.173 0.270149092437 0.269905731092
TA.446A.z -89.3645 30.7912 0.2678561 0.267108816667
TA.K49A.z -83.4556 42.7835 0.272148415254 0.272022042373
TA.E37A.z -92.4 46.5658 0.269085073394 0.269099733945
TA.L15A.z -112.386 42.0041 0.274289 0.273842093023
TA.834A.z -98.5519 28.1251 0.266098349398 0.265424240964
TA.427A.z -103.402 30.8498 0.271714603774 0.270741415094
TA.240A.z -93.7626 32.0387 0.27172540678 0.271445033898
TA.W53A.z -83.163 35.1696 0.270818679612 0.270877708738
TA.W23A.z -106.15 35.1605 0.271600212766 0.270888297872
TA.J22A.z -106.479 43.4126 0.272148793103 0.27154287931
TA.R15A.z -112.277 38.2108 0.268885527778 0.268308666667
TA.R28A.z -101.811 38.3423 0.274490217391 0.274048231884
TA.V34A.z -97.5176 35.8345 0.273872534653 0.273548841584
TA.112A.z -114.58 32.5356 0.26676306 0.26656812
TA.U11A.z -115.383 36.423 0.271052854839 0.27010766129
TA.P48A.z -85.4258 39.4605 0.273717442478 0.273405566372
TA.F22A.z -106.257 45.7794 0.27032521519 0.269993151899
TA.D54A.z -76.657 47.152 0.267243707317 0.267109658537
TA.R54A.z -80.9904 38.1909 0.272199553191 0.272117822695
TA.L29A.z -100.478 42.0641 0.2703729 0.269919314286
TA.U51A.z -84.0165 36.3786 0.274546362745 0.274328558824
TA.S29A.z -101.118 37.6199 0.273750313433 0.273558671642
TA.R11A.z -115.585 38.3489 0.275337 0.2749285
TA.I27A.z -102.052 44.069 0.275058756098 0.274849987805
TA.N43A.z -89.1735 40.9394 0.272242021978 0.271958637363
TA.D16A.z -111.549 47.0308 0.274278145161 0.273823935484
TA.Q54A.z -80.8338 38.9836 0.273682934426 0.273687606557
TA.144A.z -90.4226 32.6304 0.26650854321 0.266044925926
TA.V14A.z -113.105 35.6339 0.272940345455 0.272957381818
TA.X48A.z -87.0452 34.4517 0.271877333333 0.27185254023
TA.F30A.z -99.025 45.8356 0.269995026087 0.269630504348
TA.H15A.z -112.644 44.6173 0.271887065217 0.271108652174
TA.N58A.z -76.7158 40.8396 0.272262961538 0.271790740385
TA.P07A.z -118.889 39.5399 0.271281740741 0.270945777778
TA.SUSD.z -98.9556 44.4429 0.269642217822 0.269558386139
TA.R35A.z -96.1988 38.3231 0.273979221154 0.273876932692
TA.R12A.z -114.608 38.3281 0.268251022727 0.267688181818
TA.K22A.z -106.524 42.6507 0.274059042857 0.273640042857
TA.O12A.z -114.745 40.2679 0.275844057471 0.27561991954
TA.Z48A.z -87.5556 33.3764 0.271515333333 0.27136847619
TA.D35A.z -94.0529 47.081 0.272821253968 0.272671015873
TA.W28A.z -102.206 35.2574 0.269097322034 0.268380779661
TA.P18A.z -110.246 39.6279 0.27349727027 0.272817594595
TA.534A.z -98.4753 30.0284 0.271993957746 0.271608197183
TA.C20A.z -108.004 47.7133 0.274681533333 0.27444372
TA.BBR.z -116.921 34.2623 0.273271588235 0.273533882353
TA.Q60A.z -75.8429 39.0016 0.273095169811 0.272790773585
TA.Z15A.z -112.158 33.2893 0.271848632911 0.271423012658
TA.X49A.z -86.326 34.5126 0.270451047059 0.270458811765
TA.R07C.z -119.047 38.089 0.268832227273 0.268649409091
TA.U53A.z -82.5765 36.3644 0.27330387 0.27314049
TA.L10A.z -116.471 42.0773 0.274552254902 0.27372745098
TA.I45A.z -86.2348 44.0361 0.272257436975 0.271844
TA.V60A.z -77.2629 35.765 0.267431130435 0.26694366087
TA.U45A.z -88.7635 36.3481 0.271368153846 0.271581593407
TA.I14A.z -113.452 43.9286 0.271859756757 0.271598540541
TA.Z27A.z -103.215 33.315 0.2777065 0.277547428571
TA.K36A.z -94.4507 42.6381 0.272702313953 0.272558244186
TA.CNNC.z -77.8901 35.2393 0.266739776786 0.267084285714
TA.B29A.z -99.3535 48.4649 0.270088160377 0.269698415094
TA.M41A.z -90.5422 41.375 0.272936627119 0.272613135593
TA.G63A.z -69.6186 45.1147 0.268563138614 0.268443524752
TA.Q59A.z -76.6548 38.8644 0.270226457944 0.269978728972
TA.H22A.z -106.352 44.5943 0.272069961039 0.271003
TA.TIN.z -118.23 37.0542 0.271014466667 0.270940888889
TA.L53A.z -80.2598 41.9539 0.271228609929 0.271110148936
TA.S20A.z -108.36 37.83 0.273061393939 0.272998939394
TA.Z32A.z -99.4783 33.3066 0.2763215 0.276224214286
TA.357A.z -81.4855 31.4239 0.2648405 0.264348666667
TA.J39A.z -91.7062 43.3354 0.273555656934 0.273470357664
TA.M42A.z -89.7581 41.4546 0.27413302 0.27387992
TA.Q10A.z -116.4 38.8247 0.273542772727 0.273593
TA.T42A.z -91.0927 37.0301 0.272737967033 0.272771934066
TA.E38A.z -91.5542 46.6058 0.27052890099 0.270242613861
TA.P45A.z -87.7439 39.5277 0.272325678161 0.272189758621
TA.351A.z -85.6036 31.2753 0.273279535211 0.272527957746
TA.U31A.z -99.8508 36.3695 0.273149461538 0.272716679487
TA.K48A.z -84.1197 42.8032 0.272766228814 0.272385169492
TA.735A.z -97.8081 28.8553 0.266128833333 0.265676358974
TA.A33A.z -95.3904 48.9371 0.268760813559 0.268536644068
TA.W56A.z -80.5828 35.135 0.269104323741 0.268882021583
TA.F18A.z -109.716 45.9046 0.270534097826 0.270338565217
TA.C40A.z -89.1514 47.9154 0.267393803571 0.267121928571
TA.W37A.z -95.4269 35.138 0.271875416667 0.271705166667
TA.158A.z -80.1935 32.7364 0.262678619048 0.262589
TA.R47A.z -86.527 38.2957 0.272129358025 0.271785283951
TA.A26A.z -102.038 48.8973 0.269113964912 0.268447473684
TA.Z16A.z -111.427 33.341 0.274426242857 0.274240457143
TA.G45A.z -85.6571 45.0404 0.269231888 0.269100344
TA.Q28A.z -101.831 39.0623 0.273992577465 0.27411771831
TA.O23A.z -105.918 40.2109 0.270451469388 0.270094510204
TA.O41A.z -90.882 40.1156 0.273195693548 0.272897209677
TA.W40A.z -93.0693 35.1923 0.271017833333 0.270630352941
TA.646A.z -89.8245 29.5832 0.265701724771 0.26568806422
TA.K02A.z -123.49 42.7667 0.271109409091 0.270662409091
TA.EGMT.z -109.755 48.024 0.2695961 0.269188433333
TA.Q35A.z -96.0368 38.8586 0.274031509259 0.273994407407
TA.BRSD.z -98.9563 44.443 0.268777065217 0.268526695652
TA.C13A.z -114.574 47.6795 0.275019863636 0.274829492424
TA.E42A.z -87.914 46.4301 0.27054617094 0.270323846154
TA.256A.z -81.8878 31.9799 0.267379040323 0.266899290323
TA.Z20A.z -108.592 33.1132 0.267196133333 0.266755466667
TA.W46A.z -88.3783 35.1333 0.269783682353 0.269427611765
TA.P46A.z -87.2067 39.6178 0.272475372549 0.272397696078
TA.U24A.z -105.278 36.4093 0.270868184211 0.270538315789
TA.E18A.z -109.914 46.5663 0.273647738095 0.273295404762
TA.I16A.z -111.487 43.8756 0.271033619048 0.270258238095
TA.J34A.z -95.9579 43.2844 0.272385147826 0.272039373913
TA.M49A.z -83.9752 41.4745 0.272538866667 0.272296983333
TA.H06A.z -120.335 44.7344 0.275445612903 0.275039983871
TA.P54A.z -80.4796 39.602 0.271970555556 0.272089046296
TA.NEE2.z -114.619 34.7676 0.271843354839 0.271513322581
TA.N45A.z -87.5118 40.8479 0.27329074 0.27267828
TA.E27A.z -101.564 46.4293 0.272935578431 0.272479764706
TA.T36A.z -95.8789 37.0605 0.27202335 0.27185681
TA.P34A.z -96.8268 39.5471 0.273905915094 0.27383809434
TA.N54A.z -79.9892 40.9617 0.270627719626 0.270478168224
TA.L62A.z -72.6617 42.0328 0.267910236842 0.267683789474
TA.BEL.z -115.998 34.0006 0.273240851064 0.273577297872
TA.M36A.z -94.8021 41.4537 0.273168275 0.2728042875
TA.V38A.z -94.4077 35.8626 0.269332380435 0.269043304348
TA.U47A.z -87.2892 36.4413 0.272419622222 0.272111622222
TA.L61A.z -73.5543 42.1934 0.268869798165 0.268526642202
TA.Q07A.z -118.808 38.9383 0.2684965 0.267820888889
TA.226B.z -104.165 32.0778 0.27305712 0.27181232
TA.M57A.z -77.128 41.3372 0.269820765766 0.269628837838
TA.U52A.z -83.3671 36.3929 0.272667824742 0.272440608247
TA.R19A.z -109.261 38.2916 0.270263222222 0.270040833333
TA.N11A.z -115.736 40.8167 0.27710184058 0.276765898551
TA.P29A.z -100.932 39.6021 0.273955112676 0.273709338028
TA.G62A.z -70.5319 45.2186 0.271209638889 0.271053592593
TA.230A.z -101.112 31.8878 0.274283473684 0.274085
TA.X55A.z -81.6336 34.4701 0.268947878505 0.268699728972
TA.U56A.z -80.3829 36.3472 0.270924234375 0.270867898438
TA.M25A.z -104.055 41.4347 0.272699326923 0.272135942308
TA.T45A.z -88.6447 37.0196 0.271508098901 0.271203450549
TA.E57A.z -74.1471 46.4117 0.268809075269 0.268454741935
TA.DEC.z -118.334 34.2535 0.274246945946 0.274611540541
TA.W31A.z -99.9435 35.1864 0.2725623 0.272097283333
TA.N22A.z -106.454 40.8023 0.271755963636 0.271570890909
TA.130A.z -100.965 32.5961 0.275527931034 0.275398724138
TA.L40A.z -91.2218 42.0628 0.272534899329 0.272251442953
TA.R49A.z -85.1714 38.2916 0.273909043103 0.274032965517
TA.J17A.z -110.712 43.3629 0.27095045 0.27045075
TA.L43A.z -88.7423 42.1833 0.271076489362 0.270845755319
TA.N16A.z -111.437 40.8869 0.271311941176 0.270946764706
TA.245A.z -89.8958 32.0322 0.27086711828 0.270487569892
TA.B08A.z -119.333 48.3584 0.272801556522 0.272216330435
TA.I46A.z -85.4472 43.9411 0.272938319328 0.272579008403
TA.T26A.z -103.593 37.1747 0.271938351852 0.271775462963
TA.544A.z -91.1612 30.11 0.265470373913 0.264900356522
TA.L04A.z -121.891 42.175 0.269966703704 0.269965185185
TA.H65A.z -68.2469 44.6961 0.266255063636 0.265920245455
TA.X39A.z -94.1138 34.5105 0.269465130952 0.269695797619
TA.S36A.z -95.5923 37.724 0.269315225 0.268941433333
TA.R24A.z -105.107 38.2315 0.271945413043 0.271625456522
TA.S46A.z -87.7153 37.6849 0.272368634409 0.272101150538
TA.325A.z -104.971 31.3711 0.27128844186 0.270800395349
TA.429A.z -101.894 30.6248 0.271774611111 0.270858888889
TA.X51A.z -84.8574 34.5658 0.273420443396 0.273236471698
TA.A24A.z -104.002 48.9239 0.269680270588 0.269518729412
TA.U33A.z -98.1135 36.4327 0.274409180952 0.273715895238
TA.T23A.z -106.037 37.0361 0.272593512195 0.272361073171
TA.K08A.z -118.486 42.7308 0.274761612903 0.274539354839
TA.N24A.z -104.882 40.8271 0.273209088889 0.272692422222
TA.PFO.z -116.459 33.6117 0.272262869565 0.27192626087
TA.E45A.z -85.1774 46.3563 0.270478352941 0.270081235294
TA.S56A.z -79.5662 37.6771 0.270939491228 0.270782078947
TA.W41B.z -92.2479 35.1736 0.268564694444 0.268598333333
TA.T44A.z -89.5896 37.086 0.270451820225 0.26994288764
TA.Q57A.z -78.4107 39.0353 0.273369801802 0.27315872973
TA.E16A.z -111.676 46.5336 0.27146 0.270966428571
TA.V61A.z -76.5776 35.7912 0.268207808696 0.267951895652
TA.119A.z -109.303 32.7663 0.271010719512 0.270600329268
TA.P30A.z -100.247 39.5442 0.273254156627 0.273119783133
TA.153A.z -83.8316 32.6499 0.272207705357 0.271959026786
TA.N26A.z -103.222 40.8289 0.272718220339 0.272656932203
TA.225A.z -104.823 32.1101 0.272005581395 0.271549697674
TA.P15A.z -112.279 39.5708 0.27122555 0.2709212
TA.Y14A.z -113.005 33.9383 0.272697960784 0.27254877451
TA.G39A.z -91.1698 45.2867 0.270354628099 0.270128008264
TA.034A.z -98.6833 27.0647 0.265093197368 0.264321842105
TA.E51A.z -79.4924 46.5333 0.27066826087 0.270566782609
TA.H39A.z -91.2833 44.6797 0.273281080357 0.273167928571
TA.336A.z -96.8443 31.387 0.270598019231 0.270237240385
TA.B30A.z -98.3286 48.4505 0.269685333333 0.269284933333
TA.W61A.z -76.9909 35.1773 0.269010568807 0.268874275229
TA.W27A.z -103.063 35.0637 0.271329181818 0.270853109091
TA.J31A.z -98.7396 43.2915 0.272495490196 0.272356843137
TA.P40A.z -92.0483 39.5299 0.272691247788 0.272333522124
TA.I17A.z -110.576 43.92 0.269155259259 0.268082814815
TA.N61A.z -74.2969 40.7519 0.26729712963 0.267001962963
TA.W48A.z -86.9333 35.1386 0.273669320988 0.273590814815
TA.O40A.z -91.874 40.1212 0.27199293578 0.27168640367
TA.Q30A.z -100.221 38.9772 0.273152372093 0.273007011628
TA.E62A.z -69.5227 46.6201 0.272379326531 0.271986316327
TA.249A.z -87.1225 31.9752 0.271911453333 0.271556826667
TA.Z52A.z -84.4176 33.1893 0.267971365079 0.268225301587
TA.GRA.z -117.366 36.9961 0.270971083333 0.270436416667
TA.V39A.z -93.645 35.8389 0.269677181034 0.269401818966
TA.Q41A.z -91.2317 38.9539 0.272508902174 0.272282836957
TA.SHO.z -116.275 35.8996 0.270776744681 0.270475425532
TA.543A.z -91.8557 30.0856 0.261978745283 0.261370603774
TA.L38A.z -92.9597 42.141 0.273088494845 0.272632402062
TA.J07A.z -119.311 43.3736 0.272949275862 0.272298517241
TA.X28A.z -102.197 34.5185 0.272607306122 0.272195285714
TA.035Z.z -98.0683 26.463 0.262914237624 0.262582871287
TA.E11A.z -116.209 46.3559 0.273806942857 0.273565247619
TA.F27A.z -102.02 45.8727 0.273569822222 0.273357011111
TA.D03A.z -123.771 47.1161 0.27218077027 0.271857027027
TA.H63A.z -70.0353 44.6616 0.266898726415 0.266682150943
TA.E48A.z -82.1653 46.4809 0.267735787037 0.267608962963
TA.Y26A.z -103.825 33.9232 0.273609025 0.272860225
TA.G09A.z -117.78 45.2781 0.275003962025 0.274912987342
TA.V31A.z -99.8425 35.7739 0.269594584906 0.269445509434
TA.W35A.z -96.8745 35.1527 0.273586421687 0.273114289157
TA.Z25A.z -104.717 33.2797 0.274203909091 0.273479045455
TA.333A.z -98.9841 31.3249 0.273153420561 0.273247766355
TA.U58A.z -78.5493 36.3944 0.268742017857 0.268284973214
TA.X30A.z -100.874 34.4461 0.273634206349 0.273203349206
TA.Y44A.z -90.2112 33.9618 0.270744717172 0.270281555556
TA.349A.z -87.1924 31.3504 0.266729059701 0.26681041791
TA.X22A.z -107.01 34.5058 0.270726854545 0.270619218182
TA.V46A.z -88.1177 35.8007 0.270448783133 0.270464096386
TA.J38A.z -92.4755 43.319 0.270287030303 0.27015819697
TA.M66A.z -70.1353 41.259 0.271245534884 0.270343511628
TA.537A.z -96.3155 30.0799 0.263443235294 0.262900470588
TA.U25A.z -104.408 36.3998 0.273306967213 0.27263942623
TA.457A.z -81.5563 30.6199 0.267417066038 0.267134632075
TA.342A.z -92.3249 31.3747 0.270380136364 0.269327727273
TA.Q09A.z -117.182 38.834 0.268477142857 0.267867607143
TA.H26A.z -102.774 44.6168 0.269337678571 0.26905075
TA.SPMN.z -92.8037 45.2246 0.269881654088 0.269772383648
TA.D30A.z -98.7576 47.1082 0.267692706897 0.267651482759
TA.D48A.z -81.8072 47.1743 0.263715278689 0.263518967213
TA.Z46A.z -88.9414 33.1933 0.269094884615 0.268851038462
TA.447A.z -88.6542 30.7952 0.269972711111 0.269541077778
TA.M45A.z -87.2504 41.3881 0.27135692233 0.271005398058
TA.WVT.z -87.83 36.1297 0.269133434783 0.268992108696
TA.Z54A.z -82.8417 33.2362 0.267406886364 0.267211863636
TA.G41A.z -89.1816 45.2118 0.272853888889 0.272462981481
TA.T57A.z -79.2538 36.9983 0.268647216981 0.268433264151
TA.Y31A.z -100.261 33.9629 0.273117985507 0.272794695652
TA.J09A.z -117.754 43.3471 0.277271322581 0.277116725806
TA.M40A.z -91.5121 41.406 0.272763916667 0.272646302083
TA.U44A.z -89.6863 36.5047 0.27130887 0.27149513
TA.D21A.z -106.994 47.0658 0.272079508197 0.271551754098
TA.K41A.z -90.3046 42.6071 0.271757314961 0.271606
TA.R43A.z -89.9308 38.276 0.27208172619 0.271927690476
TA.Q08A.z -117.932 38.8606 0.273014548387 0.272399516129
TA.N27A.z -102.537 40.8063 0.272588921875 0.27238659375
TA.Y12C.z -114.524 33.7503 0.26982633 0.26950767
TA.P12A.z -114.908 39.4731 0.273070294118 0.2729525
TA.D07A.z -119.973 47.1936 0.272953482143 0.273170383929
TA.O20A.z -108.242 40.1348 0.271519816327 0.270708489796
TA.L57A.z -76.8492 42.0005 0.271331979381 0.271521103093
TA.H45A.z -86.044 44.6232 0.270216495868 0.270051719008
TA.H40A.z -90.3905 44.622 0.271603703704 0.271367037037
TA.R42A.z -90.7944 38.2804 0.272486782609 0.272253608696
TA.V47A.z -87.5205 35.8278 0.271587340659 0.271590186813
TA.K16A.z -111.588 42.8321 0.27046604918 0.270253262295
TA.O13A.z -113.981 40.1314 0.273746307692 0.273661571429
TA.AGMN.z -95.8619 48.2977 0.267206678261 0.268156782609
TA.I18A.z -109.817 43.7013 0.274184979592 0.273755020408
TA.H37A.z -92.9181 44.5812 0.270987811765 0.271000035294
TA.Y34A.z -97.7573 33.9574 0.270339696429 0.270189678571
TA.X56A.z -81.0319 34.4923 0.268451861789 0.268048926829
TA.D04A.z -122.803 47.1109 0.2698535625 0.26952859375
TA.Z18A.z -110.036 33.0851 0.274865595238 0.274705309524
TA.S30A.z -100.464 37.6402 0.271917091954 0.271578091954
TA.O25A.z -104.12 40.1129 0.271561270833 0.2710761875
TA.E25A.z -103.401 46.5009 0.270626011494 0.270135206897
TA.736A.z -97.0673 28.955 0.262514653333 0.26209004
TA.CWC.z -118.08 36.4399 0.265562380952 0.265478714286
TA.N49A.z -84.1825 40.922 0.273989590909 0.273592409091
TA.E30A.z -98.9098 46.5021 0.27054920339 0.270567271186
TA.I42A.z -88.9134 43.8908 0.26942713913 0.269246478261
TA.O57A.z -77.6354 40.2104 0.271755209091 0.271706581818
TA.Z39A.z -94.1822 33.2418 0.272058590909 0.271835159091
TA.528A.z -102.788 30.1615 0.268103259259 0.267695611111
TA.Z51A.z -85.1747 33.3167 0.271486883333 0.271267
TA.MLAC.z -118.836 37.6302 0.268883652174 0.26869376087
TA.244A.z -90.6856 32.0422 0.270270325581 0.27001705814
TA.L18A.z -110.036 41.9243 0.269033853659 0.268558926829
TA.M55A.z -78.7649 41.4686 0.27061948913 0.270195445652
TA.U50A.z -84.8431 36.4156 0.273293555556 0.273175233333
TA.T46A.z -87.8941 37.0417 0.270292728395 0.270125395062
TA.P19A.z -108.981 39.6333 0.270823966667 0.2699968
TA.P39B.z -92.7541 39.4876 0.273925862745 0.273591078431
TA.Y33A.z -98.6256 34.0081 0.27188752381 0.271449619048
TA.D12A.z -115.353 47.0528 0.273040268817 0.272636473118
TA.SFIN.z -87.0967 40.379 0.271808123711 0.271654
TA.O53A.z -81.2129 40.2493 0.272954484615 0.272623346154
TA.K57A.z -76.5163 42.7313 0.272658035398 0.272299088496
TA.U20A.z -108.52 36.3758 0.270800184211 0.270357236842
TA.S58A.z -78.0511 37.6126 0.270522091743 0.270148880734
TA.S44A.z -89.2551 37.6936 0.271608751938 0.271240658915
TA.C07A.z -120.061 47.6902 0.272215411215 0.272062084112
TA.251A.z -85.409 32.0929 0.270061847059 0.2696502
TA.J13A.z -114.174 43.3979 0.272281944444 0.271902416667
TA.T58A.z -78.5338 36.9454 0.269957936937 0.269650666667
TA.A20A.z -107.926 48.8799 0.26886484507 0.268547352113
TA.Z47A.z -88.0696 33.199 0.269966555556 0.269237222222
TA.M34A.z -96.583 41.5025 0.272383397849 0.272306634409
TA.N21A.z -107.52 40.76 0.268354595745 0.267894574468
TA.K39A.z -91.8878 42.705 0.272977283465 0.272616188976
TA.426A.z -104.029 30.6689 0.273099693878 0.272700836735
TA.W51A.z -84.7599 35.1606 0.272653369048 0.27245422619
TA.O59A.z -76.1859 40.3114 0.27131305102 0.270982122449
TA.G55A.z -76.7187 45.2532 0.27072209375 0.270446052083
TA.P06A.z -119.898 39.6785 0.275369408163 0.275026714286
TA.X34A.z -97.8326 34.601 0.272734826667 0.27209504
TA.G27A.z -101.931 45.3791 0.272780793478 0.272304413043
TA.R45A.z -88.2812 38.2926 0.270534867347 0.270021132653
TA.F31A.z -98.2525 45.8598 0.270276176471 0.270017285714
TA.C38A.z -91.2732 47.7171 0.266056144 0.266057128
TA.H52A.z -79.8888 44.6422 0.26912483908 0.269056057471
TA.U14A.z -113.18 36.4182 0.275214434211 0.274633184211
TA.H41A.z -89.6534 44.6164 0.270134801653 0.269859826446
TA.P43A.z -89.5213 39.6409 0.27554872549 0.275229235294
TA.958A.z -81.7543 27.5855 0.269703297619 0.269295142857
TA.X29A.z -101.701 34.4452 0.274924875 0.274369392857
TA.140A.z -93.574 32.6408 0.271143549451 0.270712043956
TA.R59A.z -77.1164 38.2005 0.272681514563 0.27206968932
TA.V29A.z -101.521 35.8734 0.2644744375 0.264047666667
TA.S11A.z -115.747 37.6444 0.2726535 0.272459648649
TA.V59A.z -78.2394 35.7649 0.26995681982 0.269594504505
TA.F21A.z -107.123 45.8231 0.272073371795 0.271498051282
TA.A16A.z -111.597 48.9482 0.270242592233 0.269723456311
TA.V18A.z -109.933 35.7113 0.273649058824 0.273282372549
TA.131A.z -100.389 32.6737 0.273781873418 0.273472417722
TA.A23A.z -104.879 48.9592 0.268954426471 0.268928073529
TA.M05C.z -121.146 41.3593 0.268224666667 0.267066238095
TA.O34A.z -96.6936 40.1831 0.275361690909 0.275180536364
TA.832A.z -99.9743 28.2844 0.268598636364 0.268535030303
TA.E06A.z -120.979 46.5433 0.273649707692 0.273628646154
TA.738A.z -95.6481 28.8404 0.262395228814 0.26198909322
TA.328A.z -102.81 31.3818 0.271007323077 0.271040907692
TA.W20A.z -108.5 35.1259 0.272736170213 0.272489787234
TA.N47A.z -85.6942 40.8801 0.273893338983 0.27386670339
TA.C05A.z -121.689 47.6947 0.272294756757 0.271761324324
TA.HRV.z -71.5583 42.5064 0.266263704762 0.265987466667
TA.F09A.z -117.909 45.7087 0.272787896104 0.272308805195
TA.S09A.z -117.225 37.7243 0.267865953488 0.267368837209
TA.W25A.z -104.461 35.2177 0.273824431034 0.273491068966
TA.318A.z -109.991 31.439 0.271121345455 0.270808109091
TA.V11A.z -115.43 35.8384 0.269607295918 0.269554928571
TA.H10A.z -116.747 44.589 0.275845081081 0.275697581081
TA.637A.z -96.3324 29.439 0.264098527273 0.2632622
TA.J55A.z -77.8167 43.2657 0.273115402174 0.272806467391
TA.I31A.z -98.5352 44.0297 0.270936228571 0.270615161905
TA.J57A.z -75.9968 43.4099 0.271496035714 0.271082232143
TA.SCZ2.z -119.635 33.9954 0.263820105263 0.263516631579
TA.247A.z -88.6102 32.053 0.27024485567 0.269467628866
TA.U27A.z -102.825 36.4213 0.27106475 0.270968910714
TA.425A.z -104.986 30.7862 0.268916971429 0.268562471429
TA.S06C.z -119.849 37.8817 0.2736818125 0.273454125
TA.I22A.z -106.484 43.8924 0.274329612903 0.273657903226
TA.H17A.z -110.576 44.3951 0.267935395349 0.267373244186
TA.Z56A.z -81.3687 33.3253 0.26894154717 0.268484132075
TA.Z35A.z -97.253 33.3308 0.274609471429 0.274250542857
TA.227A.z -103.292 32.012 0.274803027778 0.274423180556
TA.V37A.z -95.141 35.883 0.271059842697 0.270805662921
TA.G12A.z -115.326 45.1285 0.270708017544 0.270523754386
TA.O11A.z -115.657 40.1313 0.276071345455 0.275783236364
TA.H04A.z -122.186 44.6837 0.273960677966 0.273921169492
TA.VES.z -119.085 35.8409 0.2646597 0.263908266667
TA.S05C.z -120.33 37.346 0.272023711538 0.271932538462
TA.N35A.z -95.6425 40.8612 0.272656010638 0.272435606383
TA.T19A.z -109.025 36.8299 0.270087253731 0.270035552239
TA.U42A.z -91.2383 36.3514 0.271378679612 0.270980893204
TA.L39A.z -92.0007 42.1234 0.274356581967 0.274129393443
TA.S27A.z -102.898 37.6837 0.273519592593 0.273208388889
TA.J25A.z -103.803 43.3901 0.270161476923 0.269938553846
TA.658A.z -81.2578 29.422 0.267791557692 0.267397596154
TA.V41A.z -92.1554 35.7851 0.269672566667 0.269361925
TA.S59A.z -77.2942 37.762 0.270259926606 0.270188348624
TA.Z26A.z -103.98 33.2716 0.276315761905 0.275060571429
TA.M58A.z -76.4603 41.3721 0.271227577236 0.270947910569
TA.J52A.z -80.4764 43.2407 0.271694920354 0.271387654867
TA.557A.z -81.7291 30.016 0.268276382353 0.267907637255
TA.V26A.z -103.786 35.7964 0.27188745283 0.271664377358
TA.G25A.z -103.417 45.1935 0.269685117647 0.269551058824
TA.F32A.z -97.1264 45.8705 0.270173894309 0.269882422764
TA.L34A.z -96.3762 41.9666 0.273950242424 0.273726949495
TA.W17A.z -110.713 35.0789 0.271133868421 0.270858394737
TA.338A.z -95.3106 31.3567 0.271099149425 0.270227183908
TA.K31A.z -98.7546 42.6229 0.27391527451 0.273624058824
TA.U35A.z -96.7318 36.3709 0.27058319802 0.27013619802
TA.I06A.z -120.211 43.9437 0.272829625 0.27288203125
TA.GLMI.z -84.6175 44.8245 0.269936464567 0.269747251969
TA.OGNE.z -102.033 40.9451 0.276416214286 0.275988619048
TA.I43A.z -88.146 43.8844 0.271162610526 0.270887515789
TA.431A.z -100.608 30.6824 0.271074207547 0.270696886792
TA.326A.z -103.979 31.3165 0.272218348837 0.272171627907
TA.Q12A.z -114.83 39.04 0.274387861538 0.274015523077
TA.S24A.z -105.213 37.6407 0.268939235294 0.268345117647
TA.D31A.z -97.7226 47.0481 0.267003051852 0.266821103704
TA.O50A.z -83.6199 40.1468 0.273363428571 0.273045642857
TA.O61A.z -74.553 40.0934 0.271996190909 0.271932063636
TA.H61A.z -71.9271 44.5339 0.270262028571 0.270044171429
TA.J21A.z -107.446 43.3459 0.268501081081 0.268270378378
TA.Q24A.z -105.149 38.9641 0.272846975 0.27197265
TA.P59A.z -76.4327 39.6101 0.271495366667 0.271211966667
TA.G38A.z -91.8549 45.1693 0.271553819048 0.27133687619
TA.344A.z -90.7318 31.4527 0.267358240506 0.266693797468
TA.F15A.z -112.493 45.8409 0.272013278689 0.271706131148
TA.BW06.z -109.558 42.7667 0.2661142 0.266066525
TA.J18A.z -110.02 43.2112 0.2742015 0.273620166667
TA.M06C.z -120.477 41.2047 0.2704965 0.2700899
TA.E13A.z -114.188 46.4423 0.274460315217 0.274232923913
TA.U46A.z -88.1773 36.359 0.270124634409 0.269769268817
TA.O37A.z -94.1461 40.1664 0.272854912281 0.272507885965
TA.E64A.z -67.8285 46.4184 0.271472905263 0.271205515789
TA.F45A.z -85.5156 45.6837 0.267979989899 0.267625535354
TA.L54A.z -79.3162 42.2345 0.272645510638 0.272531723404
TA.532A.z -99.9049 30.1278 0.271050791209 0.27081267033
TA.N38A.z -93.235 40.7931 0.271672888889 0.271483611111
TA.Y55A.z -81.8581 33.9375 0.269585177215 0.26945035443
TA.MVCO.z -108.499 37.2103 0.27139025 0.27152175
TA.H11A.z -116.013 44.7035 0.27426046875 0.27399978125
TA.G40A.z -90.2006 45.2684 0.27248592562 0.272211512397
TA.H55A.z -77.183 44.5505 0.271264404255 0.27106762766
TA.E21A.z -107.076 46.5408 0.270323175258 0.269910670103
TA.I11A.z -115.958 43.9121 0.272276507937 0.272027111111
TA.G31A.z -98.2083 45.2254 0.269556927419 0.269220935484
TA.348A.z -87.9023 31.4129 0.267126454545 0.266600142857
TA.552A.z -85.2938 30.1327 0.268328032967 0.268091637363
TA.K54A.z -78.6908 42.6097 0.272917505155 0.273151082474
TA.757A.z -82.0685 28.9413 0.264797406593 0.264427747253
TA.Z44A.z -90.4322 33.2773 0.269983939394 0.269654666667
TA.C09A.z -118.274 47.8006 0.271865966387 0.271619823529
TA.K51A.z -81.5082 42.7223 0.271684387931 0.271508568966
TA.P37A.z -94.3491 39.5882 0.273055294118 0.272878529412
TA.I32A.z -97.4643 44.0271 0.271767232143 0.271346241071
TA.X17A.z -110.806 34.3371 0.275062235294 0.274197411765
TA.634A.z -98.3515 29.3815 0.273890066667 0.273901666667
TA.Z30A.z -101.128 33.2861 0.273590682927 0.273313219512
TA.143A.z -91.4036 32.7032 0.269273827869 0.268898918033
TA.M24A.z -104.825 41.4676 0.272470981481 0.272083814815
TA.936A.z -97.3091 27.4208 0.266184215827 0.26597928777
TA.J12A.z -115.098 43.25 0.273160909091 0.272810381818
TA.K55A.z -78.0696 42.7278 0.273783114943 0.273596758621
TA.Q32A.z -98.5596 38.9908 0.271057074468 0.270856042553
TA.G58A.z -74.054 45.1492 0.271210515873 0.270876896825
TA.G57A.z -74.9855 45.1036 0.269681032258 0.269501290323
TA.O30A.z -100.057 40.1791 0.273708683544 0.273282291139
TA.N28A.z -101.541 40.6873 0.272761112676 0.272362591549
TA.R51A.z -83.5834 38.3001 0.275436647619 0.275500285714
TA.OSI.z -118.724 34.6145 0.272819727273 0.2716675
TA.535A.z -97.5711 30.029 0.2710482 0.270539231579
TA.Y22D.z -106.921 34.0739 0.271161510204 0.271045612245
TA.L14A.z -113.24 42.0343 0.272735883333 0.272061483333
TA.I47A.z -84.5096 44.0193 0.271070198276 0.270803655172
TA.350A.z -86.3353 31.4207 0.268068661972 0.266960901408
TA.T17A.z -110.804 36.9969 0.272110471698 0.271730528302
TA.B09A.z -118.149 48.4226 0.273968944444 0.273533425926
TA.R23A.z -105.826 38.1907 0.272636545455 0.272448848485
TA.I52A.z -80.177 44.068 0.270108307087 0.269860409449
TA.NATX.z -94.661 31.7598 0.268231733333 0.268115175
TA.Y53A.z -83.5836 33.8554 0.271865968421 0.271658610526
TA.U32A.z -99.0014 36.3795 0.27376428125 0.273025552083
TA.Q29A.z -100.979 38.8905 0.273679382716 0.273542358025
TA.E07A.z -119.855 46.5585 0.273239 0.273051877778
TA.O04C.z -121.086 40.32 0.270204571429 0.270271285714
TA.O18A.z -110.008 40.2655 0.268146085714 0.268170942857
TA.V24A.z -105.272 35.7259 0.273939285714 0.273767
TA.G28A.z -100.916 45.0749 0.270097719626 0.269839728972
TA.113A.z -113.767 32.7683 0.263773070423 0.263475309859
TA.434A.z -98.269 30.8142 0.272868579439 0.272137102804
TA.H03A.z -123.292 44.6765 0.273717212121 0.273466363636
TA.V49A.z -85.903 35.7663 0.273153019231 0.272965894231
TA.L20A.z -108.34 42.0073 0.270719411765 0.270215676471
TA.X53A.z -83.3013 34.5031 0.270440125 0.2701752
TA.U44B.z -89.3507 36.3391 0.270206523256 0.269873569767
TA.J45A.z -86.3889 43.4354 0.271326246032 0.271190833333
TA.S23A.z -106.002 37.7059 0.270672714286 0.270376446429
TA.S19A.z -109.137 37.7459 0.269854483333 0.26960925
TA.P32A.z -98.6011 39.6223 0.273884020833 0.273662791667
TA.Z33A.z -98.7648 33.2865 0.274909343284 0.274191
TA.239A.z -94.4707 32.0179 0.270021919192 0.269369252525
TA.E29A.z -99.642 46.5682 0.269309280992 0.268926487603
TA.M38A.z -93.1965 41.4175 0.273510531532 0.273249837838
TA.I34A.z -95.86 44.0392 0.270484045045 0.270160099099
TA.X21A.z -107.786 34.4457 0.27159672549 0.271170294118
TA.K62A.z -72.2345 42.6651 0.268263865385 0.268937096154
TA.Y58A.z -79.6665 33.9057 0.267092075472 0.266970509434
TA.W54A.z -82.1859 35.0857 0.271158755906 0.271110370079
TA.P61A.z -74.7919 39.6734 0.269857627273 0.2699388
TA.P55A.z -79.8265 39.5078 0.271634336842 0.271685589474
TA.M17A.z -110.666 41.4729 0.273558139535 0.273497744186
TA.O01C.z -123.82 40.1398 0.269375866667 0.269184433333
TA.A29A.z -99.2321 48.9228 0.268260917355 0.268029661157
TA.X14A.z -112.891 34.4692 0.273663288136 0.27346120339
TA.C37A.z -92.1853 47.7283 0.267479711864 0.267355627119
TA.F26A.z -102.67 45.8512 0.271751917647 0.271563035294
TA.Y54A.z -82.688 33.8621 0.269493945055 0.269351032967
TA.M01C.z -124.122 41.8473 0.273593545455 0.273487836364
TA.M02C.z -122.854 41.392 0.272840387097 0.27248516129
TA.X40A.z -92.8342 34.4873 0.271125068966 0.270975436782
TA.K47A.z -84.9993 42.6704 0.273041088496 0.27270700885
TA.355A.z -82.8518 31.3438 0.269123807692 0.268627365385
TA.E03A.z -123.563 46.5459 0.2719278 0.271858252632
TA.H25A.z -103.598 44.6215 0.26950812987 0.269178012987
TA.A14A.z -113.422 48.9725 0.269423505882 0.269324823529
TA.V04C.z -120.87 35.636 0.268976055556 0.268723685185
TA.M23A.z -105.722 41.468 0.269334526316 0.268993657895
TA.O09A.z -117.19 40.1697 0.277261040816 0.276886163265
TA.P28A.z -101.755 39.5732 0.273824405797 0.273798492754
TA.139A.z -94.3927 32.6795 0.2699206125 0.2694748125
TA.353A.z -84.2172 31.3474 0.271718580357 0.271529821429
TA.R40A.z -92.2684 38.2909 0.269792688679 0.269904820755
TA.V15A.z -112.173 35.8191 0.271643245283 0.271752188679
TA.Z41A.z -92.803 33.2577 0.274090492308 0.273239861538
TA.C12B.z -115.475 47.7092 0.273257298701 0.273120012987
TA.L61B.z -72.6802 42.4498 0.267302585586 0.267051882883
TA.343A.z -91.6169 31.2839 0.266955438356 0.266854890411
TA.E10A.z -117.11 46.485 0.272965961905 0.272495838095
TA.E24A.z -104.307 46.5608 0.2710334875 0.270597925
TA.E19A.z -108.786 46.4611 0.27075715493 0.270213225352
TA.U59A.z -77.7925 36.3526 0.268978231481 0.268576768519
TA.D51A.z -79.3733 47.0904 0.265307238095 0.26511277381
TA.X25A.z -104.662 34.5271 0.273508296296 0.273136444444
TA.G65A.z -67.5632 45.2002 0.268369951923 0.268031240385
TA.O43A.z -89.313 40.2856 0.272764343137 0.272410176471
TA.MPP.z -119.814 34.8885 0.268737291667 0.268582083333
TA.250A.z -86.2677 31.9778 0.269638021978 0.269462461538
TA.536A.z -97.0652 30.0756 0.270970541176 0.270363741176
TA.437A.z -96.1386 30.8292 0.2689528 0.268499909091
TA.P24A.z -104.908 39.5144 0.272312836735 0.271758346939
TA.T28A.z -102.114 37.1204 0.274242636364 0.274076439394
TA.237A.z -95.8084 32.0015 0.271232760563 0.271268746479
TA.R39A.z -93.0383 38.3138 0.271969719298 0.27177
TA.531A.z -100.546 30.1645 0.272527779412 0.272027558824
TA.633A.z -99.1766 29.4591 0.27237172093 0.271765744186
TA.O29A.z -100.798 40.1253 0.269995728814 0.269818830508
TA.N30A.z -100.1 40.7957 0.2718954375 0.2720685875
TA.U38A.z -94.3857 36.4394 0.271528814815 0.27106837037
TA.H18A.z -109.664 44.6769 0.270702283582 0.270174597015
TA.430A.z -101.236 30.7866 0.273563240741 0.273134388889
TA.835A.z -97.8297 28.287 0.264133522727 0.263515215909
TA.X32A.z -99.2854 34.4214 0.271047859375 0.270610140625
TA.S47A.z -86.8779 37.5946 0.273805611111 0.273646351852
TA.G04A.z -122.478 45.2059 0.271980926829 0.271458731707
TA.K14A.z -113.176 42.5452 0.273015129412 0.2727
TA.U60A.z -77.1596 36.4718 0.268923433628 0.268640575221
TA.K01A.z -124.469 42.8088 0.269799863636 0.269593909091
TA.109C.z -117.105 32.8889 0.270637333333 0.270389977778
TA.D49A.z -81.3562 47.2726 0.267319758621 0.267486528736
TA.T29A.z -101.294 37.1565 0.273369442623 0.273136934426
TA.O52A.z -81.8361 40.1158 0.272529557047 0.272259503356
TA.R17A.z -110.711 38.4187 0.271126428571 0.270753
TA.H46A.z -85.2034 44.5397 0.270030068966 0.269820939655
TA.L07A.z -119.34 42.0187 0.274956242424 0.274748575758
TA.KSCO.z -102.627 39.0112 0.273777349398 0.273275506024
TA.U54A.z -81.8204 36.5209 0.272493090164 0.272266844262
TA.O42A.z -90.0812 40.1956 0.271738581967 0.2714545
TA.G03A.z -123.281 45.3153 0.269944338235 0.269730264706
TA.H47A.z -84.2062 44.5994 0.270681779528 0.270656125984
TA.SUTB.z -121.786 39.2291 0.273242677419 0.272572387097
TA.126A.z -104.02 32.6462 0.274685658228 0.274607025316
TA.C39A.z -90.1289 47.8171 0.268256385827 0.268027480315
TA.R46A.z -87.5114 38.2124 0.272848989583 0.27292521875
TA.S10A.z -116.595 37.923 0.269044444444 0.268450685185
TA.858A.z -81.3616 28.2126 0.265706913978 0.265970602151
TA.TPNV.z -116.249 36.9488 0.266041967742 0.266023387097
TA.N57A.z -77.5509 40.7556 0.273105627451 0.272542470588
TA.R44A.z -89.0809 38.2475 0.272786536364 0.272535081818
TA.D34A.z -95.1952 47.0851 0.270953516393 0.270941901639
TA.X42A.z -91.6262 34.5532 0.273059067416 0.272877449438
TA.S31A.z -99.4845 37.6193 0.273019 0.272514272727
TA.HATC.z -121.461 40.8161 0.27571724 0.27576812
TA.MPM.z -117.489 36.058 0.269236815789 0.269370289474
TA.Q18A.z -110.133 39.1025 0.274760553571 0.274400982143
TA.L13A.z -113.944 42.0886 0.2766144 0.276667385714
TA.N08A.z -118.134 40.7811 0.275272196429 0.275097767857
TA.G59A.z -73.1809 45.0807 0.272075533333 0.271792714286
TA.G64A.z -68.7558 45.2527 0.268658684685 0.268309423423
TA.ECSD.z -96.6141 43.7337 0.26896691954 0.269028241379
TA.Y59A.z -78.8737 33.9897 0.264536941176 0.264245039216
TA.T56A.z -80.0311 37.0288 0.269461367187 0.26937115625
TA.335A.z -97.4271 31.2819 0.274115268817 0.273718827957
TA.C08A.z -119.045 47.7849 0.268994601626 0.268730341463
TA.T12A.z -114.715 36.7256 0.272306528302 0.272075037736
TA.Y60A.z -78.2163 34.0046 0.268426897959 0.267741612245
TA.I10A.z -116.803 44.086 0.274742791667 0.274288055556
TA.L49A.z -83.7672 42.1088 0.271333666667 0.271457390476
TA.L26A.z -103.079 42.0367 0.26838409434 0.267983132075
TA.M16A.z -111.63 41.3146 0.270762595238 0.269755119048
TA.M20A.z -108.187 41.4906 0.270951135135 0.270374945946
TA.D19A.z -108.88 47.1646 0.274276204819 0.274260662651
TA.K15A.z -112.531 42.6852 0.2688259 0.26822224
TA.B34A.z -94.6501 48.486 0.268103096774 0.267585935484
TA.M63A.z -72.0464 41.4038 0.267482747748 0.267466630631
TA.B35A.z -93.7261 48.3603 0.269022221239 0.268642283186
TA.R21A.z -107.55 38.3685 0.269531367347 0.268979836735
TA.J61A.z -72.5535 43.3462 0.270595045045 0.27004836036
TA.219A.z -109.259 31.9989 0.269901920455 0.269452090909
TA.P26A.z -103.346 39.5602 0.273737574074 0.273128407407
TA.R08A.z -118.106 38.3489 0.271033225 0.270394225
TA.Z57A.z -80.7039 33.297 0.267241684211 0.266954736842
TA.T05C.z -120.674 36.8953 0.269526204545 0.269178909091
TA.H23A.z -105.401 44.562 0.269077481013 0.268746075949
TA.T30A.z -100.527 37.0526 0.272503641026 0.271846102564
TA.U10A.z -116.33 36.4193 0.268204153846 0.268102371795
TA.G05A.z -121.317 45.2422 0.272974410714 0.272729125
TA.HEC.z -116.335 34.8294 0.272138555556 0.271705740741
TA.Y51A.z -85.064 33.8993 0.270696575472 0.270616122642
TA.J29A.z -100.325 43.4061 0.272427514286 0.2721948
TA.540A.z -93.9796 30.2093 0.264328738636 0.263035681818
TA.X59A.z -78.6023 34.572 0.2682017 0.2677352
TA.S32A.z -98.9363 37.7001 0.271287822917 0.270841708333
TA.T25A.z -104.411 37.1388 0.269245970588 0.268645485294
TA.737A.z -96.4402 28.7639 0.261873141414 0.261609747475
TA.R61A.z -75.339 38.3303 0.272312188119 0.272123891089
TA.Q16A.z -111.172 38.9176 0.272411808511 0.271959106383
TA.D23A.z -105.207 47.173 0.272010057143 0.271428814286
TA.X57A.z -80.094 34.4643 0.268120713115 0.267833327869
TA.H66A.z -67.3115 44.7859 0.267999320755 0.267803896226
TA.N14A.z -113.187 40.8513 0.272385141026 0.271807205128
TA.L22A.z -106.434 42.031 0.271176510638 0.270741851064
TA.J46A.z -85.6466 43.3478 0.271455825397 0.271238095238
TA.934A.z -98.5192 27.6018 0.263871795181 0.263676036145
TA.P53A.z -81.3896 39.4868 0.27248176 0.272357433333
TA.D11A.z -116.335 47.0477 0.273720978723 0.273385531915
TA.B19A.z -108.944 48.4551 0.274161092105 0.273770881579
TA.B14A.z -113.273 48.3609 0.2710219875 0.2704761625
TA.P56A.z -78.8386 39.5044 0.273089464912 0.272888675439
TA.035A.z -98.1023 26.9379 0.251346512821 0.250502897436
TA.655A.z -83.2552 29.5107 0.268173921569 0.267619088235
TA.061Z.z -80.907 25.8657 0.267829747475 0.267607070707
TA.S08C.z -118.171 37.4993 0.272913285714 0.272671314286
TA.ANMO.z -106.457 34.9459 0.268482 0.2681086
TA.H21A.z -107.042 44.6277 0.271416952941 0.271015058824
TA.R58A.z -78.0034 38.2989 0.270375106195 0.270222159292
TA.K50A.z -82.6231 42.7749 0.270425367925 0.270210811321
TA.K27A.z -102.236 42.7036 0.272517307692 0.272317323077
TA.X24A.z -105.435 34.5646 0.273422571429 0.273281020408
TA.352A.z -84.9274 31.4793 0.270245731959 0.270021690722
TA.R58B.z -77.8787 37.9636 0.271293284404 0.27083212844
TA.M27A.z -102.387 41.5281 0.272363666667 0.272151541667
TA.U26A.z -103.744 36.3945 0.270915553191 0.270581404255
TA.546A.z -89.7191 30.233 0.267085755814 0.266319627907
TA.H12A.z -114.855 44.5494 0.269711521127 0.269418338028
TA.147A.z -88.2708 32.6738 0.269388823009 0.269271088496
TA.W12A.z -114.87 35.301 0.266373866667 0.266223911111
TA.U23A.z -106.192 36.3289 0.270398902439 0.270642902439
TA.E46A.z -84.3062 46.3665 0.270911135593 0.270630966102
TA.M62A.z -72.8939 41.4423 0.267507880734 0.267227073394
TA.O05C.z -120.918 39.962 0.271182617647 0.270707617647
TA.J56A.z -76.8579 43.276 0.272080547009 0.27176125641
TA.WHTX.z -97.4561 31.9913 0.273677174419 0.273586988372
TA.D32A.z -97.0164 47.1354 0.269420572519 0.269293587786
TA.M22A.z -106.596 41.4033 0.270891828571 0.270383942857
TA.BRAL.z -87.0506 31.1687 0.267906225806 0.26776183871
TA.628A.z -102.888 29.4862 0.271110718447 0.27075484466
TA.117A.z -110.739 32.5716 0.276336210526 0.275820473684
TA.E50A.z -80.7378 46.4232 0.266733558824 0.266423931373
TA.645A.z -90.5966 29.4573 0.266169162393 0.265721709402
TA.059A.z -81.144 26.9671 0.2703800625 0.269710104167
TA.F41A.z -89.1046 45.7387 0.273515656566 0.273216242424
TA.PKME.z -69.2917 45.2644 0.271709970874 0.271317834951
TA.J08A.z -118.474 43.358 0.27221054717 0.271687886792
TA.T06C.z -119.709 37.0069 0.267666358491 0.267570584906
TA.R29A.z -101.138 38.4243 0.272966735294 0.272758117647
TA.S50A.z -84.4003 37.679 0.273976495327 0.274002785047
TA.S28A.z -101.898 37.5899 0.272633868852 0.272487459016
TA.R13A.z -113.969 38.1802 0.27444605 0.27404385
TA.T53A.z -82.535 36.9823 0.273047508333 0.273021575
TA.J04A.z -122.109 43.2406 0.271440923077 0.271356923077
TA.WMOK.z -98.7807 34.7379 0.2693902 0.26949264
TA.G13A.z -114.233 45.0931 0.271362013889 0.271069583333
TA.B15A.z -112.562 48.3129 0.27305512381 0.272475695238
TA.L12A.z -115.016 42.146 0.27416375 0.273882222222
TA.T31A.z -99.6771 37.0977 0.271816916667 0.271093166667
TA.059Z.z -81.4432 26.3373 0.268538325 0.268192991667
TA.W13A.z -113.885 35.099 0.273694983051 0.273278101695
TA.B16A.z -111.707 48.4128 0.271043963303 0.270543311927
TA.S42A.z -90.7939 37.77 0.273337010309 0.27275285567
TA.C15A.z -112.607 47.775 0.272675576923 0.272366038462
TA.W32A.z -99.2458 35.1238 0.27117828 0.27116868
TA.N62A.z -73.4677 40.9313 0.269008645833 0.268718177083
TA.B33A.z -95.588 48.2722 0.267233625 0.267501919643
TA.J62A.z -71.8127 43.2262 0.27012718018 0.269888666667
TA.X45A.z -89.3931 34.4241 0.269687635417 0.269303135417
TA.J40A.z -90.7406 43.3965 0.272447037879 0.272218492424
TA.Z19A.z -109.266 33.2921 0.274002575 0.274060775
TA.U40A.z -92.8535 36.3563 0.270150902655 0.269844141593
TA.H13A.z -114.255 44.5642 0.270746759494 0.270596594937
TA.X60A.z -77.9768 34.5773 0.265663525 0.2654329875
TA.Y32A.z -99.442 34.0036 0.27255106 0.27232248
TA.S54A.z -81.3114 37.7997 0.272690823009 0.272401309735
TA.N02C.z -123.306 40.822 0.272018384615 0.271550923077
TA.Y19A.z -109.254 33.9571 0.271051309859 0.270538971831
TA.J26A.z -103.075 43.3126 0.270911732558 0.270720069767
TA.DGMT.z -104.196 48.4702 0.271434264706 0.271261647059
TA.453A.z -84.3197 30.8541 0.270147285714 0.269703166667
TA.Y56A.z -81.3047 33.7922 0.267472045977 0.267190011494
TA.L36A.z -94.6676 42.1009 0.273096977273 0.272761102273
TA.A06A.z -121.48 49.0983 0.27427947619 0.274032428571
TA.R05C.z -120.076 38.7028 0.267208647059 0.266763352941
TA.B23A.z -104.991 48.4643 0.270745012195 0.270264646341
TA.R55A.z -80.1195 38.2825 0.272782895161 0.272596395161
TA.L33A.z -97.2724 42.1659 0.272588133333 0.272279041667
TA.356A.z -82.1275 31.3247 0.267967693694 0.26746009009
TA.D46A.z -84.0357 46.891 0.266057867769 0.266058090909
TA.T11A.z -115.22 37.2408 0.272334690141 0.272087732394
TA.R60A.z -76.5807 38.2684 0.270698902655 0.270373309735
TA.S37A.z -94.8279 37.7597 0.271058490909 0.270936018182
TA.F64A.z -68.3496 45.8633 0.269129517544 0.268951535088
TA.N18A.z -109.673 40.9763 0.26716672093 0.266532790698
TA.O35A.z -95.9097 40.2665 0.27320416 0.27294752
TA.MIAR.z -93.5765 34.5454 0.27129452349 0.271152395973
TA.O07A.z -118.877 40.1614 0.27363855 0.273100575
TA.E22A.z -105.949 46.4386 0.272732036585 0.272415012195
TA.K43A.z -88.332 42.7044 0.270298425926 0.270092898148
TA.Q23A.z -105.834 38.9045 0.271834711111 0.270342911111
TA.N37A.z -94.2095 40.7582 0.272148526316 0.271790570175
TA.T43A.z -90.2878 37.0833 0.271343322581 0.271334967742
TA.B13A.z -114.468 48.3739 0.272156481818 0.271753436364
TA.V55A.z -81.2149 35.8518 0.27192119685 0.271631661417
TA.O49A.z -84.3353 40.188 0.273530144 0.273335824
TA.TUQ.z -115.924 35.4358 0.270291666667 0.270006238095
TA.G42A.z -88.4277 45.2418 0.271486836538 0.271171125
TA.I21A.z -107.292 43.8122 0.273870211268 0.273452901408
TA.K28A.z -101.367 42.7136 0.271404111111 0.271226698413
TA.FMP.z -118.294 33.7126 0.266135371429 0.265415714286
TA.I05A.z -121.268 44.1626 0.270062615385 0.269443307692
TA.062Z.z -81.0523 24.7266 0.26594917094 0.265865786325
TA.222A.z -107.101 32.1046 0.26967620339 0.269059830508
TA.J11A.z -115.828 43.4151 0.2750869375 0.274750546875
TA.441A.z -93.1898 30.7498 0.265151901235 0.264351271605
TA.F46A.z -84.7586 45.7737 0.268921268519 0.268700851852
TA.V17A.z -110.794 35.6218 0.271029384615 0.270841307692
TA.FUR.z -116.863 36.4672 0.266857285714 0.266524738095
TA.VBMS.z -90.5177 32.2185 0.27013809 0.26965426
TA.E17A.z -110.858 46.462 0.274869959459 0.274456351351
TA.I03A.z -123.278 43.9726 0.272345815789 0.271975973684
TA.M26A.z -103.143 41.4661 0.270813276923 0.270195492308
TA.D56A.z -74.7568 47.0485 0.267176590909 0.266859890909
TA.B32A.z -96.5363 48.3951 0.268521433333 0.268351383333
TA.442A.z -92.4314 30.7119 0.265010833333 0.2640105
TA.BNLO.z -122.173 37.1311 0.268567118644 0.268431
TA.220A.z -108.527 31.9041 0.27122042029 0.270956681159
TA.I57A.z -75.6599 43.9377 0.268539684211 0.268278421053
TA.R26A.z -103.447 38.3009 0.273231196721 0.273226918033
TA.B18A.z -109.777 48.3943 0.270474069307 0.270155524752
TA.K63A.z -71.5283 42.6888 0.27017455 0.26974784
TA.C22A.z -105.884 47.7456 0.272099971014 0.271707275362
TA.L19A.z -109.357 42.1012 0.269255803922 0.268201666667
TA.L65A.z -70.0528 42.0295 0.270119881188 0.270248336634
TA.X50A.z -85.6486 34.4596 0.263414588235 0.263377588235
TA.F25A.z -103.458 45.9256 0.271347425532 0.270809521277
TA.LRAL.z -86.9978 33.0348 0.273312294737 0.273028589474
TA.O44A.z -88.4671 40.1526 0.273407121212 0.273154979798
TA.I08A.z -118.569 43.9104 0.2764677 0.27610282
TA.J48A.z -83.7849 43.2986 0.270919104762 0.270811761905
TA.Z55A.z -82.1359 33.2211 0.2701231 0.27035525
TA.T35A.z -96.5121 36.9161 0.271239596639 0.27085810084
TA.L44A.z -87.9119 42.1782 0.272497934579 0.27219146729
TA.Z45A.z -89.6913 33.3705 0.268575859375 0.26845659375
TA.CBN.z -77.3732 38.2046 0.266899828829 0.267955585586
TA.H34A.z -95.777 44.6673 0.272554008696 0.272347956522
TA.L63A.z -71.6095 41.8631 0.26678675 0.266702592593
TA.A08A.z -119.272 48.9534 0.271312521739 0.270854826087
TA.157A.z -80.9972 32.678 0.268393375 0.267915977941
TA.G29A.z -99.9234 45.1926 0.26962859292 0.268966061947
TA.S16A.z -111.596 37.7222 0.272715191489 0.272493617021
TA.C30A.z -98.4783 47.7026 0.269722722222 0.2691115
TA.S13A.z -113.86 37.5808 0.270386542857 0.269656114286
TA.Q61A.z -75.3256 38.8799 0.27343020202 0.273151474747
TA.221A.z -107.778 32.0094 0.270493346154 0.269934576923
TA.I26A.z -102.86 44.0309 0.271992590361 0.27156513253
TA.O51A.z -82.6056 40.147 0.272842141844 0.272454716312
TA.P47A.z -86.2699 39.4869 0.272130623762 0.271883772277
TA.H19A.z -108.986 44.6704 0.272718081081 0.272179797297
TA.D47A.z -83.1038 47.0558 0.266779714286 0.266706579365
TA.E26A.z -102.462 46.4712 0.270172987654 0.269813679012
TA.X26A.z -103.81 34.5508 0.272382 0.272296545455
TA.I07A.z -119.504 44.082 0.274698275862 0.274132448276
TA.229A.z -101.811 31.9671 0.273903384615 0.273502446154
TA.K58A.z -75.6473 42.7633 0.270536396552 0.270187965517
TA.W30A.z -100.577 35.1818 0.271517208333 0.270911541667
TA.D52A.z -78.4117 46.9764 0.267109468085 0.267004808511
TA.H42A.z -88.5311 44.5091 0.26973512844 0.269551091743
TA.553A.z -84.4317 30.189 0.269365069307 0.269082960396
TA.A30A.z -98.3009 48.9402 0.268064380531 0.26758319469
TA.L60A.z -74.2226 41.989 0.270514893805 0.270286274336
TA.959A.z -80.8791 27.524 0.269302490385 0.269102480769
TA.H38A.z -92.282 44.6753 0.272959114754 0.272467467213
TA.B21A.z -107.017 48.4278 0.273257346154 0.273024051282
TA.F03A.z -123.559 45.9306 0.266614445652 0.266372695652
TA.K56A.z -77.3244 42.6981 0.27264286087 0.272421365217
TA.PAL.z -73.9079 41.0056 0.270933358491 0.271076273585
TA.O02C.z -122.788 40.1767 0.27418683871 0.273735225806
TA.M33A.z -97.195 41.5726 0.274469351064 0.274285393617
TA.150A.z -86.022 32.6067 0.271821012346 0.27194991358
TA.P44A.z -88.6209 39.4676 0.273393909091 0.273006515152
TA.T59A.z -77.5541 36.9716 0.271402904762 0.271056352381
TA.L48A.z -84.4329 41.9438 0.271600867187 0.271600210937
TA.F39A.z -90.919 45.9153 0.268531166667 0.268415875
TA.SMM.z -119.996 35.3142 0.27094553125 0.27036796875
TA.K19A.z -108.847 42.8247 0.269363416667 0.268380958333
TA.149A.z -86.7916 32.5983 0.27041145122 0.270274512195
TA.E33A.z -96.0054 46.5035 0.270899645161 0.270755895161
TA.L11A.z -115.754 42.1669 0.274264808511 0.274163191489
TA.H62A.z -71.1559 44.5743 0.269584828829 0.269508495495
TA.T32A.z -98.9247 37.1797 0.274315806122 0.27397577551
TA.C19A.z -109.049 47.7343 0.274655227273 0.274366969697
TA.N17A.z -110.834 40.9425 0.27223795 0.2718504
TA.455A.z -83.026 30.7422 0.270931391304 0.270662078261
TA.T55A.z -80.7843 37.117 0.273233813008 0.273102276423
TA.B07A.z -120.12 48.4607 0.273176326531 0.272855142857
TA.W29A.z -101.648 35.1212 0.269723155556 0.268897
TA.L55A.z -78.4368 42.1831 0.274034337079 0.273948853933
TA.D06A.z -120.844 47.1935 0.272849257576 0.272789590909
TA.V42A.z -91.39 35.806 0.268747965217 0.268450730435
TA.146A.z -89.0573 32.6368 0.2727621 0.27276475
TA.J03A.z -122.965 43.3717 0.264701142857 0.263520678571
TA.135A.z -97.4099 32.5573 0.275558439024 0.275157390244
TA.J59A.z -74.5041 43.4647 0.269456459459 0.269182459459
TA.N10A.z -116.508 40.7186 0.27305880303 0.273055015152
TA.G43A.z -87.6861 45.2572 0.271734364486 0.271485196262
TA.Z53A.z -83.5713 33.2801 0.267771377358 0.267707
TA.D59A.z -71.8358 47.0073 0.267780666667 0.267585719298
TA.148A.z -87.571 32.6469 0.271027438356 0.27094760274
TA.O16A.z -111.502 40.2067 0.275040581395 0.274353302326
TA.Z24A.z -105.365 33.3298 0.269598142857 0.269887142857
TA.W47A.z -87.5946 35.2511 0.27237621519 0.272314278481
TA.E61A.z -70.489 46.4312 0.271237152174 0.27094226087
TA.N32A.z -98.2955 40.7639 0.271329792453 0.270987990566
TA.I24A.z -104.626 43.8594 0.272467509804 0.272126862745
TA.C27A.z -101.503 47.7139 0.269172879518 0.268809518072
TA.D53A.z -77.7001 47.0795 0.2667165875 0.2665412625
TA.452A.z -85.183 30.8492 0.272060217391 0.271306434783
TA.G61A.z -71.5273 45.2827 0.272650342857 0.272569533333
TA.T49A.z -85.5334 37.105 0.274227848214 0.274076267857
TA.J06A.z -120.153 43.2515 0.272191605263 0.271673315789
TA.F34A.z -95.2581 45.7954 0.272228669565 0.272017808696
TA.L64A.z -70.8391 41.9359 0.26708906422 0.26720546789
TA.N34A.z -96.5005 40.8378 0.273270206522 0.272966630435
TA.D13A.z -114.459 47.0943 0.274478872549 0.274285852941
TA.248A.z -87.7393 32.094 0.272894322917 0.272581479167
TA.Q44A.z -89.017 38.9032 0.272813612069 0.272716948276
TA.J10A.z -116.767 43.4275 0.27467783871 0.27429716129
TA.H48A.z -83.3249 44.7006 0.268836813559 0.268743415254
TA.M12A.z -114.915 41.4157 0.27505730303 0.275058833333
TA.155A.z -82.4665 32.6219 0.271278155738 0.271040811475
TA.S51A.z -83.5935 37.6392 0.273232169643 0.273188991071
TA.S43A.z -90.0754 37.5716 0.270760675439 0.270569921053
TA.R30A.z -100.277 38.2844 0.273331654762 0.272965333333
TA.W59A.z -78.443 35.1673 0.266463990826 0.266168220183
TA.Z23A.z -106.232 33.2621 0.2739774 0.274234733333
TA.C35A.z -93.9763 47.7007 0.269683992063 0.269235087302
TA.S55A.z -80.5013 37.7724 0.27369892562 0.273456264463
TA.M51A.z -82.1831 41.3321 0.272072248366 0.271958
TA.W42A.z -91.5224 35.2732 0.26927562766 0.269017212766
TA.A28A.z -100.267 48.9096 0.27144597479 0.271034369748
TA.657A.z -81.8665 29.5852 0.268025880435 0.267802478261
TA.G06A.z -120.635 45.2357 0.274893640351 0.274605070175
TA.F49A.z -82.0423 45.7627 0.268680325581 0.268581488372
TA.152A.z -84.7188 32.6686 0.271862642857 0.271659973214
TA.340A.z -93.8896 31.4167 0.269642134021 0.269384515464
TA.H27A.z -102.077 44.6329 0.270472012821 0.269746679487
TA.Z22A.z -106.964 33.2555 0.27234385 0.2726649
TA.B10A.z -117.225 48.2995 0.273738854369 0.27359323301
TA.A19A.z -108.743 48.9286 0.273889511905 0.273840690476
TA.RCT.z -119.244 36.3052 0.27007374359 0.270002794872
TA.V20A.z -108.466 35.7992 0.271025923077 0.270976948718
TA.G18A.z -109.563 45.3171 0.2715129625 0.27106245
TA.V32A.z -99.0437 35.7202 0.273689382716 0.273584308642
TA.LGU.z -119.066 34.1082 0.267587764706 0.267161588235
TA.U55A.z -81.0472 36.5023 0.27084584127 0.270757460317
TA.327A.z -103.492 31.3691 0.274900954545 0.274572568182
TA.O03C.z -122.032 39.9971 0.2679274 0.2667337
TA.J63A.z -71.0781 43.2792 0.271334195876 0.271032030928
TA.L41A.z -90.4977 42.0751 0.271446523437 0.271322867187
TA.MCWV.z -79.8456 39.6581 0.272221125 0.271735071429
TA.319A.z -109.281 31.3757 0.267598659574 0.267287861702
TA.Q34A.z -96.9408 38.9214 0.274257404959 0.273965247934
TA.GOGA.z -83.4666 33.4112 0.272413788618 0.272117837398
TA.Q13A.z -114.02 38.9551 0.277225558824 0.276925367647
TA.O33A.z -97.5845 40.0755 0.274086209524 0.273810809524
TA.T24B.z -105.382 37.0624 0.26704405 0.26723885
TA.Q56A.z -79.1871 39.041 0.271580651786 0.271416330357
TA.F29A.z -99.8273 45.8336 0.270453487603 0.270126438017
TA.539A.z -94.7236 30.1084 0.265360030769 0.264894476923
TA.T34A.z -97.1883 37.0222 0.273387654206 0.273228429907
TA.LONY.z -74.5829 44.6197 0.2717546 0.2716303
TA.Q53A.z -81.5251 38.8586 0.272335949153 0.272015101695
TA.H24A.z -104.552 44.7473 0.270355042254 0.269896971831
TA.N42A.z -90.0345 40.829 0.272193343434 0.272339060606
TA.I13A.z -114.117 43.9146 0.270009646154 0.269295676923
TA.P21A.z -107.449 39.524 0.269587789474 0.269228263158
TA.T27A.z -102.721 37.0614 0.274585932203 0.274464135593
TA.444A.z -90.7463 30.7153 0.26424615873 0.263302206349
TA.I02A.z -123.83 44.0035 0.27529512069 0.275366189655
TA.P20A.z -108.391 39.4998 0.276139692308 0.275454
TA.R04C.z -120.936 38.2571 0.268359070175 0.268447438596
TA.S14A.z -113.168 37.7601 0.270142090909 0.269579878788
TA.Y22A.z -106.965 33.937 0.269231295455 0.269129204545
TA.O24A.z -105.073 40.1227 0.271778106383 0.271140914894
TA.D09A.z -118.309 47.0615 0.268701992187 0.268421617188
TA.Q47A.z -86.4261 38.9362 0.26930787234 0.26897862766
TA.734A.z -98.5576 28.8473 0.272953011236 0.272475393258
TA.W14A.z -113.083 35.2127 0.266239030303 0.26655130303
TA.O28A.z -101.773 40.1262 0.269621411765 0.26904625
TA.CBKS.z -99.7374 38.814 0.268833902778 0.26859325
TA.Y18A.z -110.034 33.7776 0.272287102564 0.271627512821
TA.C06A.z -120.894 47.923 0.274081868132 0.273855791209
TA.Y37A.z -95.621 33.9789 0.270398770115 0.270058091954
TA.X15A.z -112.237 34.4866 0.275246263158 0.274368921053
TA.P39A.z -92.7549 39.4877 0.274003388889 0.274117722222
TA.555A.z -82.9666 30.1212 0.26912845977 0.269096942529
TA.K12A.z -114.903 42.636 0.272011583333 0.27169025
TA.N44A.z -88.1333 40.7953 0.272681989583 0.272295270833
TA.957A.z -82.2357 27.6702 0.267543865979 0.266843185567
TA.U41A.z -91.9203 36.344 0.27028420202 0.270057878788
TA.J24A.z -104.661 43.3305 0.271164517241 0.270577655172
TA.R16A.z -111.483 38.2843 0.268204558824 0.267476147059
TA.P09A.z -117.14 39.5516 0.276795589744 0.276651
TA.Z36A.z -96.4344 33.2702 0.270648074074 0.270549166667
TA.I62A.z -71.3359 43.8743 0.26890300885 0.268720442478
TA.123A.z -106.262 32.6349 0.26728012 0.26662828
TA.BINY.z -75.9861 42.1993 0.270485772727 0.271026409091
TA.Z40A.z -93.3995 33.2584 0.272176643836 0.27177369863
TA.SSPA.z -77.8876 40.6358 0.27333742 0.27312248
TA.C17A.z -110.763 47.6327 0.273262870968 0.273286645161
TA.435B.z -97.585 30.7827 0.273169345679 0.272513567901
TA.F43A.z -87.1694 45.8313 0.270324798165 0.269827412844
TA.D20A.z -108.136 47.0911 0.273277338235 0.272734867647
TA.MDND.z -99.6029 47.8481 0.269500489362 0.269419925532
TA.T21A.z -107.534 36.9914 0.268395085714 0.268085914286
TA.SDCO.z -105.501 37.7456 0.268557888889 0.268184296296
TA.O19A.z -109.124 40.2982 0.272771976744 0.272246744186
TA.F63A.z -69.1029 45.703 0.271055240741 0.27070387963
TA.J43A.z -88.4185 43.3808 0.27026489899 0.270098757576
TA.H07A.z -119.565 44.5913 0.276652396552 0.276485068966
TA.K29A.z -100.318 42.7612 0.269358965517 0.269224086207
TA.RLMT.z -109.267 45.1221 0.272046133333 0.272353233333
TA.F51A.z -79.915 45.9284 0.270158413043 0.270083956522
TA.332A.z -99.7423 31.3829 0.273652294118 0.2735502
TA.M21A.z -107.364 41.6067 0.268727690476 0.268683880952
TA.N60A.z -75.1 40.8704 0.270778726415 0.270276245283
TA.U29A.z -101.27 36.4519 0.274251173913 0.273676956522
TA.S04C.z -121.328 37.5049 0.273591294118 0.273294843137
TA.242A.z -92.1521 32.0617 0.26975726506 0.269045951807
TA.V36A.z -95.9425 35.7863 0.268830855556 0.268069544444
TA.223A.z -106.428 32.0062 0.268009534483 0.267593793103
TA.N46A.z -86.7352 40.8949 0.268636009434 0.26835540566
TA.H20A.z -107.999 44.4868 0.270636505747 0.270401494253
TA.U30A.z -100.651 36.5304 0.272439661538 0.272218846154
TA.G54A.z -78.0898 45.3979 0.27027910101 0.270198171717
TA.M14A.z -113.347 41.503 0.275197705128 0.274775525641
TA.Q42A.z -90.5331 38.912 0.273244899083 0.272673495413
TA.L21A.z -107.369 41.9641 0.270438081633 0.270169795918
TA.V35A.z -96.8378 35.7626 0.2702458 0.269859
TA.F36A.z -93.5241 45.8618 0.271820990566 0.27147590566
TA.D63A.z -68.1066 47.037 0.266876775 0.266559766667
TA.L17A.z -110.873 42.0995 0.274846939394 0.274751424242
TA.E32A.z -97.0701 46.5927 0.269109976 0.269196312
TA.060A.z -80.3618 27.0361 0.267009724138 0.266817034483
TA.F40A.z -90.1217 45.919 0.270608157895 0.270391929825
TA.C33A.z -95.7725 47.7586 0.269308462121 0.269182848485
TA.G46A.z -84.8621 45.3176 0.271464284483 0.271304
TA.V22A.z -106.909 35.9138 0.271099 0.2706332
TA.454A.z -83.6302 30.7145 0.267923940594 0.26772339604
TA.K30A.z -99.6131 42.6742 0.274142170732 0.273953280488
TA.K10A.z -116.87 42.7779 0.274539413043 0.274395956522
TA.440A.z -93.9587 30.7456 0.265385948276 0.264827172414
TA.I63A.z -70.5809 44.0505 0.268995868421 0.268910535088
TA.MONP2.z -116.422 32.892 0.268007282051 0.267781153846
TA.KSU1.z -96.6094 39.1009 0.27268605 0.272665633333
TA.L31A.z -98.8387 42.176 0.273205 0.272901504673
TA.449A.z -87.2151 30.7596 0.269201682353 0.268453152941
TA.X44A.z -90.1462 34.4998 0.269300293578 0.268858908257
TA.V52A.z -83.5959 35.8417 0.273079083333 0.272921962963
TA.W58A.z -79.2333 35.0208 0.268400414414 0.268066945946
TA.N15A.z -112.52 40.8903 0.2733316 0.272694971429
TA.C28A.z -100.387 47.7157 0.27187453271 0.271612607477
TA.TZTN.z -83.549 36.5439 0.273357713043 0.272923295652
TA.H29A.z -100.213 44.6261 0.271790537634 0.271391946237
TA.H43A.z -87.7704 44.4697 0.269597911765 0.269397588235
TA.443A.z -91.7809 30.7642 0.262762115385 0.261754487179
TA.A17A.z -110.699 48.9448 0.27128772093 0.27090672093
TA.E53A.z -77.6638 46.3784 0.269016468354 0.269045531646
TA.451A.z -85.7467 30.616 0.268885454545 0.268405506494
TA.B25A.z -103.161 48.2716 0.269064009901 0.268426138614
TA.W36A.z -96.2264 35.1393 0.272524222222 0.272148472222
TA.H53A.z -78.5832 44.5736 0.271160022727 0.271188522727
TA.122A.z -107.001 32.6995 0.269953414634 0.270379146341
TA.H58A.z -74.1798 44.4176 0.269586649573 0.269451418803
TA.C04A.z -122.972 47.7172 0.272545787879 0.272149030303
TA.N36A.z -94.9604 40.8156 0.273488803922 0.273352980392
TA.P23A.z -105.839 39.3741 0.268677921053 0.268032789474
TA.V57A.z -79.7758 35.8875 0.269279181034 0.269183974138
TA.L08A.z -118.344 42.1901 0.272713157895 0.272168973684
TA.ARV.z -118.83 35.1269 0.275612157895 0.275532421053
TA.N19A.z -109.177 40.8936 0.273248972973 0.273249810811
TA.L50A.z -82.8095 42.043 0.273054555556 0.272729990741
TA.236A.z -96.531 31.9997 0.271238383838 0.27090710101
TA.U13A.z -113.965 36.4151 0.272651362069 0.272421051724
TA.J49A.z -83.1389 43.36 0.270754903509 0.270468096491
TA.B04A.z -123.504 48.0575 0.270149463415 0.269918658537
TA.538A.z -95.49 30.2219 0.261986701299 0.261683142857
TA.B11A.z -116.367 48.4366 0.274767913043 0.274593
TA.Y29A.z -101.671 33.8602 0.273495795918 0.273267346939
TA.K25A.z -103.87 42.612 0.268217868852 0.267846
TA.F33A.z -96.2929 45.8398 0.272474353448 0.272153767241
TA.HAST.z -121.551 36.3887 0.264502491228 0.264355350877
TA.253A.z -84.1294 32.0612 0.271221863636 0.270743218182
TA.234A.z -98.1368 32.004 0.274219864198 0.273965716049
TA.N29A.z -100.626 40.8189 0.27226675 0.272296569444
TA.O58A.z -76.9228 40.1231 0.271817009901 0.27162319802
TA.M65A.z -70.6466 41.562 0.267033216495 0.266217989691
TA.F24A.z -104.445 45.8452 0.271575378049 0.271069378049
TA.X47A.z -87.8571 34.5178 0.271586848837 0.271130267442
TA.Y13A.z -113.829 33.8142 0.270783742574 0.270416148515
TA.V13A.z -113.984 35.8522 0.275580716418 0.275619820896
TA.S40A.z -92.5014 37.5988 0.2709008 0.270570426087
TA.G36A.z -93.7509 45.2344 0.27289427 0.27232098
TA.Q21A.z -107.574 38.8347 0.27041575 0.2703558125
TA.GSC.z -116.806 35.3018 0.267769736842 0.266890368421
TA.P22A.z -106.759 39.5952 0.267671411765 0.267087529412
TA.X31A.z -99.9793 34.6309 0.272220775862 0.271864534483
TA.554A.z -83.6836 30.0841 0.273648202532 0.273398443038
TA.224A.z -105.523 32.076 0.268134413793 0.267914241379
TA.L02A.z -123.602 42.156 0.269244235294 0.268865205882
TA.B26A.z -102.234 48.3762 0.273061419355 0.272463774194
TA.N09A.z -117.524 40.852 0.277481769231 0.277461307692
TA.E31A.z -97.8879 46.5583 0.266543843284 0.26663988806
TA.Y36A.z -96.2848 33.8996 0.270686892857 0.270413392857
TA.J19A.z -109.053 43.2649 0.267507454545 0.267191948052
TA.141A.z -92.9049 32.6046 0.270030285714 0.269639559524
TA.R52A.z -82.6443 38.3366 0.273353694444 0.273189592593
TA.T18A.z -109.874 37.1364 0.273821136364 0.273724712121
TA.D60A.z -70.9237 46.9139 0.271502009615 0.271281201923
TA.F59A.z -72.7833 45.8513 0.27095515748 0.270463771654
TA.L28A.z -101.52 42.0073 0.271024666667 0.270526541667
TA.Y16A.z -111.478 33.8798 0.272777545455 0.272446272727
TA.A12A.z -115.653 48.9339 0.270123144 0.269821424
TA.A07A.z -120.384 49.048 0.273125648936 0.273016691489
TA.L16A.z -111.432 42.0149 0.272735068966 0.272649482759
TA.L56A.z -77.5591 42.1365 0.273221396226 0.273131349057
TA.U34A.z -97.5354 36.4365 0.27367266 0.2729336
TA.P14A.z -113.069 39.5906 0.275152595745 0.27492006383
TA.I33A.z -96.7989 44.0475 0.271255622951 0.270782516393
TA.D15A.z -112.52 47.0418 0.272505669725 0.272286376147
TA.X13A.z -113.83 34.5935 0.269773419355 0.269203806452
TA.A05A.z -122.085 48.9983 0.271116175676 0.270593932432
TA.P41A.z -91.0619 39.675 0.27146312 0.271451808
TA.R48A.z -85.8714 38.4001 0.270263341176 0.269952870588
TA.S53A.z -82.1264 37.6815 0.272464568 0.272161184
TA.K06A.z -120.251 42.7991 0.27302768 0.27330012
TA.L47A.z -85.2021 41.9756 0.272492557895 0.272333431579
TA.O56A.z -78.5663 40.2683 0.273722137615 0.273683743119
TA.I41A.z -89.8697 44.0592 0.269630858268 0.269599685039
TA.N07B.z -118.971 40.7797 0.273772117647 0.27320872549
TA.T16A.z -111.506 36.9839 0.273040612245 0.273004408163
TA.136A.z -96.5297 32.4746 0.270559375 0.270048125
TA.R32A.z -98.7111 38.4225 0.272706095238 0.272391038095
TA.JFWS.z -90.2481 42.9142 0.268335604167 0.268113010417
TA.RSSD.z -104.036 44.1212 0.270427864407 0.270133694915
TA.E34A.z -95.1691 46.5136 0.271954530769 0.271758076923
TA.C03A.z -124.566 47.9475 0.269517604938 0.269357074074
TA.M03C.z -122.122 41.2742 0.270856692308 0.269395961538
TA.O21A.z -107.47 40.2149 0.271187692308 0.271057769231
TA.R56A.z -79.4031 38.4071 0.271814924528 0.271541377358
TA.W52A.z -83.9277 35.0935 0.273286171429 0.273196190476
TA.445A.z -90.338 30.7303 0.265126714286 0.264151693878
TA.A25A.z -103.113 48.9388 0.268877534483 0.268612094828
TA.H36A.z -93.9281 44.5775 0.272112475248 0.271875049505
TA.N56A.z -78.2953 40.9171 0.272688603774 0.272535707547
TA.G16A.z -111.805 45.2285 0.271834018182 0.271382636364
TA.X41A.z -92.5137 34.4949 0.271687621359 0.271096951456
TA.V62A.z -75.957 35.5612 0.26826337931 0.268011715517
TA.G23A.z -105.391 45.2012 0.272729943662 0.272152971831
TA.631A.z -100.576 29.4123 0.27131354717 0.270977943396
TA.Z42A.z -91.9474 33.2739 0.271526345679 0.271028604938
TA.P17A.z -110.74 39.473 0.273466787879 0.272587
TA.A32A.z -96.4935 48.9172 0.267417714286 0.267164366071
TA.B20A.z -108.021 48.4389 0.2735041 0.273206025
TA.D26A.z -102.436 47.0301 0.271874315068 0.271572767123
TA.P05C.z -120.608 39.3028 0.273807097561 0.273398682927
TA.P51A.z -83.0601 39.4818 0.274165513158 0.273936032895
TA.A10A.z -117.559 48.9813 0.273348354167 0.273030416667
TA.I15A.z -112.485 43.9997 0.272038073171 0.271134634146
TA.T51A.z -83.9454 36.9655 0.274206961905 0.273999085714
TA.O26A.z -103.313 40.2422 0.273168542373 0.273164101695
TA.K40A.z -91.1383 42.6999 0.270117080645 0.269805887097
TA.P11A.z -115.754 39.553 0.273559419355 0.273024693548
TA.214A.z -112.812 31.9559 0.268069119403 0.267895492537
TA.B12A.z -115.589 48.4694 0.271927019417 0.271819941748
TA.I53A.z -79.5912 43.8238 0.271454511628 0.27123705814
TA.X43A.z -90.8812 34.518 0.270599752294 0.270359614679
TA.124A.z -105.454 32.7001 0.269817941176 0.269205617647
TA.T54A.z -81.5762 37.0608 0.273361644628 0.273117165289
TA.732A.z -99.9707 28.7292 0.26661487619 0.26601452381
TA.T22A.z -106.903 37.0138 0.271980827586 0.271570965517
TA.Q37A.z -94.4522 38.8763 0.273499242424 0.273195863636
TA.F19A.z -108.944 45.8538 0.272239176471 0.271879470588
TA.C26A.z -102.096 47.8259 0.271819141026 0.271427948718
TA.J15A.z -112.433 43.3998 0.271463621622 0.271330351351
TA.I23A.z -105.463 43.9605 0.270222166667 0.269926954545
TA.Q48A.z -85.7311 38.9295 0.274050682927 0.273929349593
TA.Z43A.z -91.2441 33.21 0.269231855263 0.268712802632
TA.Y41A.z -92.6113 33.8807 0.270916972973 0.270814369369
TA.N23A.z -105.944 40.8947 0.2716155 0.271110413043
TA.133A.z -98.9162 32.6083 0.275087753623 0.274789884058
TA.I38A.z -92.3306 44.0405 0.272487561538 0.272306123077
TA.W19A.z -109.388 35.1118 0.270802059701 0.270763835821
TA.J05A.z -121.236 43.2843 0.273199470588 0.272804941176
TA.V05C.z -119.903 35.8667 0.27038240678 0.270336305085
TA.S17A.z -110.802 37.6354 0.27399475 0.273257454545
TA.J42A.z -89.1234 43.3179 0.269418525253 0.269143232323
TA.Z29A.z -101.706 33.2595 0.276211 0.275974463415
TA.M08A.z -118.379 41.4483 0.276240541667 0.275995333333
TA.KMSC.z -81.3333 35.142 0.270204757353 0.270051007353
TA.O60A.z -75.405 40.3177 0.270621127273 0.270526563636
TA.K11A.z -116.032 42.7713 0.274347690476 0.273846952381
TA.Y50A.z -85.7347 33.8911 0.274037518987 0.274030063291
TA.Z13A.z -113.657 33.1999 0.269759666667 0.269447866667
TA.228A.z -102.592 32.118 0.270437549451 0.27028143956
TA.060Z.z -80.556 26.4062 0.266215583333 0.26589409375
TA.134A.z -98.0795 32.5729 0.277978788235 0.277589258824
TA.N63A.z -72.5206 40.9878 0.271188317308 0.270825846154
TA.448A.z -87.8608 30.9309 0.268175980583 0.267928553398
TA.P13A.z -114.016 39.455 0.272290115942 0.272128652174
TA.S49A.z -85.2875 37.7849 0.275783539823 0.275804663717
TA.B17A.z -110.799 48.2921 0.27401421 0.27375221
TA.058A.z -81.8049 27.0569 0.267528862385 0.267228357798
TA.T39A.z -93.3774 37.0241 0.271851883495 0.271835242718
TA.N40A.z -91.5837 40.8841 0.271327508333 0.271045758333
TA.T52A.z -82.9852 37.1076 0.2723312 0.272134481818
TA.R57A.z -78.5232 38.297 0.269274858491 0.269295443396
TA.N53A.z -80.8377 40.8065 0.272161125 0.27193853125
TA.P25A.z -104.168 39.5125 0.271197384615 0.271060205128
TA.I29A.z -100.303 44.0215 0.271724307692 0.271500241758
TA.F42A.z -88.1347 45.7587 0.26980329661 0.269413932203
TA.K52A.z -80.7139 42.7805 0.271535324324 0.271515927928
TA.Q22A.z -106.91 38.8627 0.268755938776 0.268584102041
TA.HDIL.z -89.294 40.5559 0.27129020339 0.271077627119
TA.526A.z -104.09 30.0609 0.272851711538 0.272248096154
TA.857A.z -82.2291 28.267 0.264119171053 0.263952381579
TA.V45A.z -88.9591 35.7403 0.270636094737 0.270646905263
TA.U37A.z -95.1161 36.406 0.270378859813 0.270143383178
TA.E41A.z -88.9636 46.4643 0.270765216216 0.270689594595
TA.C34A.z -94.9106 47.6501 0.270955918699 0.270645056911
