TA.324A.z -105.483 31.4425 0.245987931507 0.243410383562
TA.118A.z -109.97 32.6399 0.244304461538 0.24818375
TA.O10A.z -116.5 40.2917 0.247381 0.245001388889
TA.Z17A.z -110.472 33.2969 0.244639468085 0.24698806383
TA.TIGA.z -83.5898 31.4389 0.24750945 0.2443809
TA.M11A.z -115.791 41.4311 0.244005824561 0.244527701754
TA.H14A.z -113.367 44.6165 0.24514456 0.247399173333
TA.F48A.z -82.6185 45.8278 0.247016419753 0.246380888889
TA.L05A.z -120.834 42.0472 0.243548025641 0.244710871795
TA.Q50A.z -83.979 38.8436 0.245857368421 0.245091776316
TA.U15A.z -112.291 36.428 0.245113272727 0.243569727273
TA.B28A.z -100.362 48.4492 0.24754957377 0.246535704918
TA.B05A.z -122.096 48.2641 0.247191390244 0.243150195122
TA.M47A.z -85.6214 41.3594 0.244976794118 0.245572661765
TA.R50A.z -84.3274 38.2816 0.242309716216 0.242414810811
TA.W18A.z -109.736 35.1181 0.243246863636 0.244586795455
TA.M04C.z -121.839 41.7826 0.244207133333 0.249887266667
TA.635A.z -97.7736 29.3877 0.246899873239 0.246305690141
TA.A15A.z -112.733 48.9777 0.243484514286 0.243975957143
TA.EYMN.z -91.4953 47.9462 0.244163067797 0.245083237288
TA.Q26A.z -103.52 38.9234 0.246156264706 0.246484485294
TA.K04A.z -121.731 42.6133 0.241639181818 0.24536869697
TA.J28A.z -101.236 43.4239 0.24965571875 0.25072065625
TA.E04A.z -122.72 46.5934 0.243857705882 0.243598529412
TA.F07A.z -119.928 45.8951 0.244844155172 0.247437810345
TA.S48A.z -86.0569 37.6574 0.248191 0.246118352941
TA.D57A.z -73.8878 47.0172 0.244061833333 0.245136895833
TA.D62A.z -69.0501 47.0819 0.24950031746 0.249304444444
TA.X50B.z -85.6499 34.4611 0.245949020833 0.247435958333
TA.R10A.z -116.302 38.2886 0.24640315493 0.247872619718
TA.F62A.z -69.9664 45.8968 0.24829295 0.247465825
TA.LAVA.z -120.74 38.7552 0.245287 0.244807266667
TA.U04C.z -120.783 36.3627 0.246300181818 0.246191181818
TA.N39A.z -92.5023 40.8776 0.244483184615 0.243328815385
TA.O15A.z -112.469 40.2807 0.242327535211 0.241666380282
TA.K07A.z -119.247 42.6912 0.24548052459 0.245015327869
TA.P52A.z -82.1325 39.6337 0.2485167 0.24723015
TA.R38A.z -93.9056 38.1868 0.250930155172 0.251659465517
TA.R53A.z -81.9522 38.3307 0.244201218391 0.246214356322
TA.Z31A.z -100.144 33.3183 0.248629787234 0.247228191489
TA.K42A.z -89.3457 42.7792 0.24771526 0.24746902
TA.H33A.z -96.7434 44.6812 0.243725940299 0.243622477612
TA.241A.z -92.9188 32.0227 0.244741445946 0.246819608108
TA.N55A.z -78.9862 40.7808 0.247915057692 0.247451596154
TA.B06A.z -121.484 48.5183 0.245528442308 0.242714423077
TA.Q25A.z -104.247 38.9145 0.244130767123 0.242378191781
TA.J36A.z -94.3395 43.3292 0.249430635135 0.246581635135
TA.D22A.z -106.18 47.1498 0.249253611111 0.246871819444
TA.L35A.z -95.5448 42.1123 0.243442428571 0.243794365079
TA.I37A.z -93.4003 44.0148 0.2484326125 0.24833005
TA.K46A.z -85.7834 42.6864 0.246362660714 0.245360053571
TA.933A.z -99.2746 27.6133 0.248281549296 0.250825140845
TA.D17A.z -110.687 47.1523 0.244883573529 0.243546529412
TA.Y49A.z -86.4119 33.8577 0.246939796875 0.2445429375
TA.M13A.z -114.165 41.3602 0.24392766 0.2422434
TA.R36A.z -95.504 38.3237 0.246444484375 0.247183875
TA.IRM.z -115.145 34.1574 0.248125958333 0.243345583333
TA.JCT.z -99.8022 30.4794 0.245628220588 0.248022088235
TA.V27A.z -102.836 35.7569 0.247429912281 0.246032877193
TA.J20A.z -108.084 43.3531 0.245364204819 0.245669554217
TA.SNCC.z -119.524 33.2479 0.2489525 0.242867333333
TA.Q11A.z -115.654 38.8455 0.245479882353 0.246710838235
TA.H57A.z -75.3905 44.4624 0.245145711111 0.248049244444
TA.233A.z -98.8998 32.0179 0.245341333333 0.2441866
TA.Y42A.z -91.7871 33.8364 0.248067915493 0.251083661972
TA.O54A.z -80.3778 40.1821 0.249567313725 0.249181176471
TA.226A.z -104.101 32.0618 0.241439171429 0.247870114286
TA.330A.z -101.175 31.4063 0.246327747126 0.243038229885
TA.W34A.z -97.7733 35.2352 0.248146514706 0.246814455882
TA.121A.z -107.785 32.5324 0.243486307692 0.243367307692
TA.733A.z -99.2939 28.7192 0.245892878788 0.245647181818
TA.K09A.z -117.725 42.6996 0.242805163934 0.245346278689
TA.V21A.z -107.638 35.8054 0.246264206897 0.245676948276
TA.TUL1.z -95.7919 35.9104 0.248535761194 0.247806626866
TA.M59A.z -75.4321 41.5413 0.246055289855 0.248939884058
TA.P16A.z -111.66 39.6092 0.244385611111 0.247372180556
TA.116A.z -111.704 32.5618 0.249076844828 0.247921017241
TA.G26A.z -102.599 45.2937 0.243823215385 0.241807923077
TA.545A.z -90.4894 30.0441 0.249560769231 0.247184830769
TA.I61A.z -72.2087 43.9323 0.244130048387 0.241913903226
TA.V54A.z -81.9478 35.7771 0.244223341463 0.244302256098
TA.F08A.z -118.777 45.7971 0.247672881356 0.244921779661
TA.K35A.z -95.2328 42.7218 0.244250323077 0.243618646154
TA.R31A.z -99.5271 38.2888 0.245600353846 0.244320676923
TA.W15A.z -112.267 35.1787 0.250906594937 0.251315835443
TA.428A.z -102.685 30.7263 0.248573291667 0.246496611111
TA.M54A.z -79.6647 41.5079 0.246897854545 0.2462566
TA.BLA.z -80.4205 37.2113 0.246826048387 0.247408322581
TA.D05A.z -121.989 47.1881 0.246452563636 0.246068
TA.154A.z -83.1066 32.6131 0.248873196429 0.247710982143
TA.N25A.z -104.087 40.8132 0.246441465753 0.24814360274
TA.I28A.z -101.169 43.9996 0.244911322034 0.24296359322
TA.R18A.z -109.894 38.3862 0.244710639344 0.242900311475
TA.D14A.z -113.506 47.0816 0.250158354839 0.247055774194
TA.E36A.z -93.2557 46.5177 0.247816811321 0.247796603774
TA.I59A.z -73.8744 43.7957 0.244715 0.247214509091
TA.345A.z -90.0309 31.308 0.247863983333 0.2498354
TA.E47A.z -83.2777 46.4547 0.243526422535 0.246049591549
TA.G15A.z -112.489 45.166 0.247806630435 0.248054782609
TA.542A.z -92.5513 30.1247 0.244964467742 0.247027967742
TA.127A.z -103.357 32.6764 0.246316466667 0.24522024
TA.F44A.z -86.4226 45.9737 0.242545959184 0.241955204082
TA.C31A.z -97.7336 47.7927 0.248057681818 0.246750530303
TA.Y40A.z -93.2798 34.0124 0.249355242424 0.246578015152
TA.IBP.z -116.093 32.6611 0.265411 0.239284
TA.IBP.z -116.093 32.6612 0.252155 0.245603692308
TA.X20A.z -108.498 34.5421 0.247804761194 0.247486029851
TA.M43A.z -88.9581 41.4365 0.246202754717 0.246250018868
TA.G32A.z -97.4994 45.2555 0.245299870968 0.244722096774
TA.E55A.z -76.0572 46.4538 0.245436377358 0.244409056604
TA.OXF.z -89.4092 34.5118 0.246211222222 0.241912688889
TA.456A.z -82.0223 30.7248 0.249087291139 0.246039050633
TA.V53A.z -82.8124 35.6694 0.244740136364 0.244876348485
TA.U49A.z -85.7796 36.5129 0.243928561404 0.244051596491
TA.H59A.z -73.6905 44.6455 0.248958676923 0.247142615385
TA.Y17A.z -110.844 33.6953 0.247325226415 0.248118433962
TA.D24A.z -104.327 47.1152 0.244048741935 0.242213516129
TA.MUR.z -117.195 33.6 0.247009185185 0.245553814815
TA.P33A.z -97.6946 39.4363 0.247385366667 0.2461668
TA.N48A.z -85.0271 40.8591 0.24615159375 0.245979890625
TA.LBNH.z -71.9259 44.2401 0.247082479167 0.249129291667
TA.K37A.z -93.6388 42.7669 0.243860916667 0.242504597222
TA.G08A.z -118.96 45.2904 0.243809163636 0.243225290909
TA.M19A.z -109.157 41.5047 0.245992859375 0.244349578125
TA.F20A.z -108.149 45.8006 0.245890297619 0.24436522619
TA.D37A.z -92.4262 47.1581 0.2445125 0.246092142857
TA.I58A.z -74.9733 43.6901 0.244241773585 0.246164792453
TA.ACSO.z -82.982 40.2319 0.245741929577 0.248781478873
TA.W24A.z -105.408 35.2106 0.244645066667 0.2469762
TA.X46A.z -88.5844 34.5564 0.246831897959 0.247003938776
TA.F58A.z -73.8145 45.8663 0.247719328571 0.247491214286
TA.CCM.z -91.2446 38.0557 0.245507166667 0.241984533333
TA.758A.z -81.1996 28.9621 0.249068468085 0.248010638298
TA.P50A.z -83.7988 39.6086 0.248520013699 0.248515041096
TA.U16A.z -111.13 36.1428 0.245653893939 0.24425130303
TA.I12A.z -115.133 43.7945 0.245829779412 0.243365294118
TA.SBC.z -119.715 34.4408 0.247627142857 0.250997047619
TA.A11A.z -116.363 48.958 0.245539964912 0.248845035088
TA.C25A.z -103.256 47.7124 0.246853596774 0.245860241935
TA.Y30A.z -100.898 33.8766 0.244220450704 0.245032408451
TA.G33A.z -96.4383 45.1946 0.245010055556 0.245085166667
TA.P42A.z -90.3443 39.5853 0.245157875 0.24736375
TA.D61A.z -70.1868 47.2022 0.245849432836 0.243923373134
TA.M60A.z -74.625 41.3265 0.246225929825 0.246904035088
TA.D41A.z -88.5657 47.0605 0.246420846154 0.244579794872
TA.M07A.z -119.171 41.3884 0.244567763636 0.246938963636
TA.A27A.z -101.241 48.9533 0.250615618421 0.248818131579
TA.M10A.z -116.54 41.522 0.245515345455 0.247576109091
TA.AMTX.z -101.681 34.8837 0.24789090625 0.24598740625
TA.J14A.z -113.518 43.3234 0.246079984127 0.247281349206
TA.R25A.z -104.283 38.1474 0.244731910448 0.245556686567
TA.I04A.z -122.411 43.7941 0.242807931034 0.244636034483
TA.B27A.z -101.26 48.4044 0.246791738462 0.248318276923
TA.A22A.z -105.915 48.9926 0.247793119403 0.245960059701
TA.K20A.z -108.342 42.6579 0.247377855072 0.244296768116
TA.U43A.z -90.4057 36.3693 0.248897442308 0.247130769231
TA.SCI2.z -118.547 32.9799 0.25166352 0.25173112
TA.G60A.z -72.3337 45.0977 0.247423421875 0.24700890625
TA.D33A.z -95.8448 47.1404 0.249294139535 0.24754427907
TA.I25A.z -103.732 44.0196 0.245583816667 0.246272116667
TA.859A.z -80.8984 28.0592 0.245673595745 0.242086191489
TA.V44A.z -89.8954 35.8282 0.244244910714 0.243367357143
TA.X23A.z -106.188 34.581 0.24496675 0.246561661765
TA.120A.z -108.633 32.5466 0.246449844156 0.245769545455
TA.J58A.z -75.2852 43.3603 0.246324578125 0.244371234375
TA.O31A.z -99.3261 40.1521 0.250036216216 0.247847445946
TA.J54A.z -78.6392 43.2728 0.246753314815 0.244030148148
TA.DWPF.z -81.4327 28.1103 0.248540673077 0.247709
TA.142A.z -91.9457 32.5488 0.248349520548 0.248162917808
TA.S45A.z -88.5804 37.6774 0.245551416667 0.244771369048
TA.Y25A.z -104.693 33.9229 0.245360232143 0.247107660714
TA.ABTX.z -99.6431 32.6238 0.246648444444 0.247295388889
TA.T15A.z -112.382 37.0183 0.247191885714 0.244728728571
TA.T48A.z -86.3943 37.1094 0.247536303571 0.247263071429
TA.F23A.z -105.406 45.7212 0.246130035088 0.244631368421
TA.P10A.z -116.464 39.6202 0.248669703704 0.248032462963
TA.E58A.z -73.2771 46.3721 0.246667320755 0.244623037736
TA.151A.z -85.3267 32.5269 0.246528230769 0.247832692308
TA.J23A.z -105.552 43.4036 0.245748670588 0.245331717647
TA.T60A.z -76.7349 37.1397 0.245257630137 0.245784835616
TA.D58A.z -72.8826 47.0954 0.246541180328 0.246244245902
TA.R27A.z -102.798 38.2859 0.245493661972 0.242944014085
TA.ERPA.z -79.9891 42.1175 0.245434675676 0.244541162162
TA.C16A.z -111.746 47.8012 0.243715493976 0.242342192771
TA.BGNE.z -98.1502 41.4083 0.246402041237 0.245665556701
TA.GLA.z -114.827 33.0515 0.249229454545 0.248803818182
TA.O32A.z -98.2764 40.261 0.24412425 0.244058367647
TA.Z37A.z -95.6229 33.1981 0.249713 0.252668322034
TA.D25A.z -103.32 47.1508 0.245586758621 0.244142603448
TA.L30A.z -99.7196 41.9492 0.245681075472 0.246794509434
TA.G10A.z -117.12 45.2925 0.245264030303 0.24634680303
TA.J33A.z -96.9667 43.3185 0.246613784615 0.245487923077
TA.W39A.z -93.784 35.196 0.245752923077 0.245380430769
TA.H56A.z -76.2594 44.593 0.244913324324 0.24424772973
TA.Y23A.z -106.055 33.9315 0.24283440625 0.24416678125
TA.V43A.z -90.5443 35.7857 0.246333480769 0.246508980769
TA.638A.z -95.4481 29.4193 0.25193416 0.2517636
TA.DVT.z -116.101 32.6591 0.232198 0.2252445
TA.V56A.z -80.4963 35.8097 0.2457177 0.2445069875
TA.N52A.z -81.6876 40.8125 0.244353193548 0.24614966129
TA.S61A.z -75.6727 37.6804 0.245866574074 0.245635240741
TA.D50A.z -79.8412 47.1668 0.244569194444 0.245771583333
TA.LAO.z -106.223 46.6885 0.250636230769 0.248526692308
TA.450A.z -86.5863 30.8038 0.244436244898 0.245096204082
TA.F55A.z -76.351 45.8338 0.242748984375 0.243302765625
TA.N41A.z -90.8552 40.7077 0.244045475 0.245998675
TA.G11A.z -116.268 45.3997 0.249619367347 0.245406938776
TA.M53A.z -80.675 41.4393 0.248370967213 0.246607868852
TA.252A.z -84.7357 31.9962 0.247182974359 0.246326923077
TA.I20A.z -108.128 43.9496 0.245474305882 0.243683952941
TA.X35A.z -96.9731 34.3995 0.247622948276 0.247533327586
TA.833A.z -99.3939 28.3236 0.248129338028 0.249937070423
TA.I49A.z -82.8246 43.94 0.245272315789 0.245251421053
TA.P36A.z -95.206 39.6204 0.247075015385 0.249757384615
TA.T14A.z -113.084 37.0615 0.245536835821 0.247730955224
TA.129A.z -101.866 32.6309 0.247755174603 0.248530269841
TA.O55A.z -79.3041 40.2076 0.242405025 0.24616185
TA.LRL.z -117.682 35.4795 0.249393 0.248050827586
TA.334A.z -98.2379 31.3325 0.248921408451 0.244697971831
TA.W21A.z -107.648 35.117 0.247527833333 0.249251651515
TA.Z50A.z -85.9226 33.254 0.249488711864 0.247496711864
TA.Z21A.z -107.671 33.3086 0.246226166667 0.245496185185
TA.V23A.z -106.183 35.7452 0.245589347222 0.247026305556
TA.D29A.z -99.5957 47.0605 0.246596761905 0.243606126984
TA.W38A.z -94.5184 35.0704 0.245396081967 0.242836377049
TA.F13A.z -114.332 45.7893 0.244566494382 0.243742168539
TA.Y47A.z -87.8494 33.9025 0.24958903125 0.2482304375
TA.V40A.z -92.8232 35.8044 0.2451468 0.245529276923
TA.Q40A.z -92.0748 38.9946 0.245625043478 0.242340985507
TA.E05A.z -121.761 46.5605 0.24638296875 0.2436125
TA.M50A.z -83.0428 41.4035 0.244433709677 0.245020516129
TA.W16A.z -111.532 35.0951 0.245141050847 0.246234508475
TA.F14A.z -113.37 45.8122 0.245434821053 0.243115042105
TA.D28A.z -100.569 47.1929 0.247899875 0.247279678571
TA.Y27A.z -103.163 33.8839 0.246898054545 0.246173018182
TA.J27A.z -102.007 43.2526 0.245559681159 0.247081695652
TA.556A.z -82.4057 30.0015 0.248384017857 0.2449035
TA.J37A.z -93.5527 43.3103 0.242072934426 0.239648655738
TA.231A.z -100.316 31.9353 0.246410328125 0.24608459375
TA.145A.z -89.9287 32.6035 0.249235743243 0.248150648649
TA.627A.z -103.389 29.4528 0.242480519481 0.244761116883
TA.C11A.z -116.256 47.8397 0.244220138462 0.241798953846
TA.W33A.z -98.4686 35.1518 0.245816029851 0.245783925373
TA.E60A.z -71.4469 46.3689 0.246792216667 0.2421444
TA.G17A.z -110.74 45.3212 0.244596608696 0.244933449275
TA.439A.z -94.766 30.7937 0.25016973913 0.248518673913
TA.K24A.z -104.815 42.7225 0.244769204819 0.245742349398
TA.CIA.z -118.415 33.4019 0.2498750625 0.2484174375
TA.Y45A.z -89.5431 33.8656 0.245503914286 0.245540057143
TA.H16A.z -111.248 44.7038 0.246052378378 0.246603
TA.C24A.z -104.425 47.5302 0.243205235294 0.243327176471
TA.Y39A.z -94.0936 33.938 0.246742423729 0.248743423729
TA.S41A.z -91.7458 37.5877 0.246798125 0.244601482143
TA.F52A.z -79.3227 45.7951 0.242923106383 0.242416212766
TA.MNTX.z -105.382 31.6985 0.24603075 0.2433765
TA.Q39A.z -92.9759 39.0455 0.247485362069 0.24626287931
TA.GMR.z -115.66 34.7846 0.249082636364 0.249663363636
TA.F06A.z -120.782 45.7664 0.248414645833 0.248920708333
TA.V48A.z -86.8219 35.74 0.247060566265 0.24564446988
TA.K23A.z -105.625 42.7546 0.245759304348 0.243534637681
TA.E20A.z -108.13 46.5038 0.244173088235 0.246096838235
TA.H32A.z -97.4363 44.5041 0.246366245283 0.246905037736
TA.K21A.z -107.251 42.6332 0.246636190476 0.247775095238
TA.M35A.z -95.6945 41.4665 0.243731918919 0.24434277027
TA.A18A.z -109.846 48.9198 0.247878626866 0.24883241791
TA.W49A.z -86.2645 35.1194 0.243725150943 0.244497830189
TA.329A.z -101.981 31.487 0.246870161765 0.245675558824
TA.J02A.z -123.575 43.3654 0.249671694444 0.245694194444
TA.N12A.z -115.039 40.8522 0.24599362 0.2491076
TA.K32A.z -97.9723 42.6597 0.246388149254 0.244957746269
TA.436A.z -96.796 30.7702 0.247926541667 0.250632555556
TA.636A.z -97.057 29.481 0.250882444444 0.24656768254
TA.O36A.z -94.9645 40.1315 0.245891661538 0.246707753846
TA.138A.z -95.0887 32.6604 0.250034820513 0.247081064103
TA.P31A.z -99.3783 39.5211 0.247573753846 0.247136738462
TA.X58A.z -79.3388 34.5548 0.245594642857 0.242707910714
TA.Y52A.z -84.0626 33.864 0.247962254237 0.251103881356
TA.339A.z -94.556 31.3331 0.250462349206 0.251454984127
TA.X38A.z -94.8288 34.6692 0.248933109091 0.251049890909
TA.S25A.z -104.435 37.6606 0.245834733333 0.24502236
TA.I30A.z -99.4262 43.9143 0.246427689655 0.24481237931
TA.R20A.z -108.379 38.1888 0.247090422535 0.246548183099
TA.W43A.z -90.7061 35.0877 0.247543065217 0.247053978261
TA.G20A.z -108.214 45.2202 0.246652304878 0.244130317073
TA.F04A.z -122.419 45.9325 0.250781372093 0.248341139535
TA.H08A.z -118.67 44.5191 0.24571380303 0.245435636364
TA.L42A.z -89.667 42.004 0.243169272727 0.243173254545
TA.115A.z -112.228 32.7006 0.246138886792 0.250478716981
TA.N51A.z -82.3748 40.9183 0.247128417722 0.247455291139
TA.SWS.z -115.8 32.9451 0.245227794118 0.248358176471
TA.M15A.z -112.448 41.4632 0.243216034884 0.241570953488
TA.C14A.z -113.747 47.7687 0.245297041237 0.24521385567
TA.B31A.z -97.6495 48.4236 0.24589094 0.24515364
TA.O47A.z -86.1742 40.2361 0.248856581818 0.246246690909
TA.L32A.z -98.008 42.0045 0.246655637931 0.247555344828
TA.L46A.z -86.2955 42.0127 0.243469393443 0.242298245902
TA.114A.z -112.883 32.7513 0.250208157895 0.251049315789
TA.527A.z -103.612 30.1456 0.245665984848 0.247498045455
TA.D10A.z -117.276 47.0547 0.243816852459 0.242215245902
TA.U61A.z -76.4464 36.3319 0.2454935 0.244856222222
TA.E12A.z -115.571 46.4151 0.246268535714 0.244138660714
TA.G34A.z -95.638 45.2419 0.24453809375 0.24376653125
TA.Y24A.z -105.436 33.9257 0.24916903125 0.24607653125
TA.C23A.z -105.184 47.8026 0.248452092593 0.249324092593
TA.M64A.z -71.2102 41.5509 0.24665755 0.246753825
TA.D27A.z -101.525 47.1081 0.246293842105 0.246390140351
TA.Z28A.z -102.387 33.2884 0.247968169811 0.247792981132
TA.E40A.z -89.8991 46.4446 0.244704238095 0.245141619048
TA.I40A.z -90.6177 43.8916 0.245839740741 0.244404611111
TA.I39A.z -91.5231 43.8543 0.245597035088 0.245596508772
TA.232A.z -99.6469 31.888 0.246233575758 0.242631348485
TA.M28A.z -101.371 41.3956 0.246972515152 0.247592727273
TA.S52A.z -83.0784 37.6791 0.243282768116 0.245663536232
TA.Z34A.z -97.9158 33.3712 0.247921636364 0.251993563636
TA.347A.z -88.5412 31.4017 0.249077014925 0.246497895522
TA.X54A.z -82.3743 34.5474 0.2484623875 0.246630125
TA.W60A.z -77.7133 35.0528 0.244424477612 0.245958179104
TA.530A.z -101.338 30.1489 0.247488985915 0.246262042254
TA.M56A.z -78.1826 41.4837 0.250107288462 0.250122076923
TA.I64A.z -69.6347 43.9197 0.249856982143 0.250653017857
TA.O48A.z -85.1553 40.2571 0.244993745763 0.243662559322
TA.S34A.z -97.1111 37.7009 0.247309760563 0.24666928169
TA.J30A.z -99.4922 43.3248 0.242573058824 0.2412365
TA.O17A.z -110.738 40.1948 0.247624520548 0.245842945205
TA.I36A.z -94.0143 44.0191 0.248405974684 0.247435924051
TA.L58A.z -75.8502 42.0447 0.243416 0.246000075472
TA.I19A.z -108.994 44.0363 0.245411074468 0.245125808511
TA.K26A.z -103.178 42.7016 0.243994356164 0.243905068493
TA.533A.z -99.0351 30.0718 0.248896064516 0.247904306452
TA.R06C.z -119.451 38.5226 0.248757272727 0.249525072727
TA.U48A.z -86.5402 36.5107 0.243487773585 0.245044962264
TA.246A.z -89.1286 32.0143 0.248071615385 0.247664138462
TA.X18A.z -109.95 34.5293 0.246450482759 0.248967793103
TA.217A.z -110.816 31.7748 0.248655074074 0.247666037037
TA.K60A.z -73.8886 42.6168 0.2432459375 0.2471555625
TA.656A.z -82.5348 29.3689 0.24545745 0.246294716667
TA.C10A.z -117.308 47.8192 0.246941333333 0.2423471875
TA.J41A.z -90.0137 43.3655 0.246612657143 0.245902742857
TA.E63A.z -68.422 46.422 0.244540045455 0.244142704545
TA.S33A.z -98.0016 37.5936 0.247840836066 0.250160754098
TA.F35A.z -94.5734 45.858 0.2433651875 0.242316645833
TA.V12A.z -114.851 35.7266 0.247258323077 0.246482646154
TA.O06A.z -119.827 40.165 0.243366114286 0.245973057143
TA.T47A.z -87.1055 36.9881 0.244855333333 0.244447368421
TA.F10A.z -117.228 45.9734 0.243905065574 0.243512622951
TA.M30A.z -99.8723 41.5371 0.244567596774 0.246841209677
TA.P27A.z -102.578 39.5559 0.244139191176 0.245406058824
TA.Q33A.z -97.8327 38.9982 0.244884132353 0.244868514706
TA.N33A.z -97.4506 40.7384 0.247368492754 0.246898753623
TA.K61A.z -73.2676 42.6695 0.244232674419 0.243812906977
TA.Q38A.z -93.6182 38.9609 0.2434955 0.247899714286
TA.M31A.z -98.9766 41.344 0.248818661765 0.250505558824
TA.P35A.z -96.0188 39.5286 0.244936083333 0.24558225
TA.M44A.z -88.0432 41.3882 0.242817745098 0.245645588235
TA.156A.z -81.495 32.6542 0.24621159375 0.24910840625
TA.Z14A.z -112.946 33.3627 0.249282204545 0.246347318182
TA.SCIA.z -93.2153 41.9069 0.2444743 0.24074705
TA.D18A.z -109.802 47.1961 0.246099457143 0.245336785714
TA.125A.z -104.657 32.6588 0.2466384 0.245226927273
TA.P57A.z -78.0126 39.4835 0.244492228571 0.244378771429
TA.X27A.z -103.097 34.6469 0.2454749 0.245875871429
TA.X52A.z -83.8938 34.6032 0.249056115942 0.248465608696
TA.K34A.z -96.0957 42.6865 0.248266486486 0.246796662162
TA.I60A.z -73.2916 43.844 0.246368833333 0.248066555556
TA.L37A.z -93.7546 42.1246 0.247307103448 0.245774827586
TA.W37B.z -95.4316 35.139 0.2445444 0.247029822222
TA.Q46A.z -87.3575 39.0231 0.245772777778 0.245294055556
TA.433A.z -99.091 30.7544 0.246359347826 0.247338884058
TA.P58A.z -77.3005 39.4891 0.245706833333 0.242463866667
TA.E39A.z -90.5557 46.3777 0.246240803922 0.247386431373
TA.R22A.z -106.756 38.2289 0.248493457831 0.247313120482
TA.K33A.z -97.0012 42.6052 0.24643141791 0.246361283582
TA.Q15A.z -112.379 38.9995 0.246565213115 0.244449
TA.B22A.z -105.996 48.3008 0.245042903226 0.244128080645
TA.M46A.z -86.3524 41.4079 0.243221185185 0.24208562963
TA.Y43A.z -90.9285 33.9121 0.251594787879 0.249763272727
TA.V03C.z -121.236 36.0214 0.251944947368 0.249326921053
TA.A21A.z -106.925 48.9912 0.248265757576 0.244318772727
TA.341A.z -93.1681 31.3334 0.245471985294 0.244961176471
TA.L09A.z -117.667 42.0192 0.246071369565 0.246042478261
TA.K17A.z -110.92 42.7507 0.245014362069 0.242539017241
TA.254A.z -83.2905 31.9457 0.248490902778 0.246799152778
TA.J47A.z -84.8214 43.2382 0.246025596774 0.245574080645
TA.O08A.z -118.155 40.2903 0.246033904762 0.247406309524
TA.Q52A.z -82.2669 38.9622 0.246580802632 0.247001368421
TA.ISA.z -118.474 35.6628 0.2452857 0.2444313
TA.M52A.z -81.357 41.5405 0.248852483333 0.244789166667
TA.W41A.z -92.2478 35.1736 0.249186866667 0.253933933333
TA.WCI.z -86.2939 38.2289 0.244990154762 0.244081
TA.I09A.z -117.741 43.9733 0.246298396825 0.244688888889
TA.C36A.z -92.8378 47.758 0.248704728571 0.249559142857
TA.320A.z -108.528 31.3369 0.248560271605 0.247392839506
TA.128A.z -102.485 32.6213 0.251175984375 0.249067515625
TA.Q58A.z -77.682 38.9413 0.24489621875 0.246750953125
TA.AAM.z -83.6567 42.3012 0.248862130435 0.249065594203
TA.BFS.z -117.659 34.2388 0.247491384615 0.246329461538
TA.M39A.z -92.1725 41.4786 0.24842234375 0.24863965625
TA.H02A.z -124 44.6764 0.248471977273 0.246583227273
TA.Q19A.z -109.263 38.9553 0.243686815789 0.243317736842
TA.M61A.z -73.7673 41.3104 0.246511 0.249572910714
TA.F60A.z -71.9514 45.9688 0.246153661538 0.243329184615
TA.T38A.z -94.293 37.0354 0.247062046154 0.245240846154
TA.T13A.z -113.907 37.0195 0.246906035088 0.250081263158
TA.216A.z -111.457 32.0022 0.247279508475 0.247507932203
TA.T50A.z -84.8384 37.0204 0.247285732143 0.246473767857
TA.L24A.z -104.933 42.0432 0.246605175676 0.24576077027
TA.V50A.z -85.1 35.6713 0.246588886792 0.246448886792
TA.NHSC.z -80.1778 33.1067 0.246869591549 0.24730543662
TA.ISCO.z -105.613 39.7997 0.243514166667 0.241961875
TA.E43A.z -86.9954 46.3758 0.245331493151 0.245087
TA.E59A.z -72.5108 46.4803 0.246387313725 0.244919901961
TA.P08A.z -118.08 39.6946 0.25194186 0.24881478
TA.V51A.z -84.3511 35.8033 0.248479305556 0.248113125
TA.U12A.z -114.539 36.4321 0.248216584615 0.250146876923
TA.218A.z -110.046 31.9737 0.244647728814 0.246087457627
TA.G21A.z -107.207 45.225 0.249523842105 0.248175960526
TA.T37A.z -94.9176 37.123 0.244992137931 0.248257155172
TA.K38A.z -92.7709 42.6472 0.245258229508 0.244196606557
TA.X36A.z -96.352 34.5704 0.247220210526 0.244696245614
TA.Y21A.z -107.674 34.0087 0.245929694915 0.245387661017
TA.S12A.z -114.849 37.6083 0.243785138462 0.245606876923
TA.Q49A.z -84.8956 39.005 0.246966714286 0.245207457143
TA.I35A.z -94.9829 43.8565 0.243659101695 0.241218322034
TA.T40A.z -92.5193 37.1504 0.245509151515 0.246192590909
TA.U28A.z -102.224 36.3793 0.247750438596 0.245129052632
TA.D36A.z -93.1645 47.1765 0.247429157143 0.2460822
TA.Y15A.z -112.333 33.9535 0.244993127273 0.246420309091
TA.V33A.z -98.2862 35.8209 0.24975 0.248640787879
TA.PDM.z -114.142 34.3034 0.242565592593 0.242406703704
TA.W50A.z -85.3119 35.2002 0.246512446154 0.244471676923
TA.R14A.z -113.021 38.2987 0.246555971831 0.245460619718
TA.Q04C.z -121.377 38.839 0.24674664 0.24883844
TA.F38A.z -91.8775 45.9588 0.248728703704 0.248161796296
TA.E15A.z -112.641 46.4246 0.24812486 0.24937142
TA.S26A.z -103.471 37.6216 0.247341239437 0.246434338028
TA.Q36A.z -95.4609 38.9612 0.248645887097 0.247923145161
TA.S57A.z -78.9536 37.7605 0.245839056604 0.248764962264
TA.Y48A.z -87.1696 33.9131 0.245178022222 0.242732377778
TA.C21A.z -107.096 47.8264 0.24362756338 0.243604915493
TA.S38A.z -93.9078 37.6304 0.247330943662 0.247718225352
TA.Z58A.z -79.8129 33.3349 0.2465895 0.241111125
TA.R33A.z -97.9842 38.3081 0.247337953846 0.247757938462
TA.H09A.z -117.664 44.6653 0.247803581818 0.247713054545
TA.E14A.z -113.493 46.4162 0.247189746835 0.245587594937
TA.T41A.z -91.7636 37.0436 0.247424015625 0.2455696875
TA.F17A.z -110.659 45.9054 0.245109534247 0.244895246575
TA.D08A.z -118.921 47.0573 0.24500832 0.24611776
TA.331A.z -100.427 31.3085 0.2466175 0.243810088235
TA.Q20A.z -108.296 38.9541 0.241446942529 0.244752275862
TA.EDW2.z -117.994 34.8811 0.242854433333 0.2393417
TA.G24A.z -104.416 45.328 0.248495435484 0.247580419355
TA.R09A.z -117.072 38.2397 0.24898455102 0.244412877551
TA.T33A.z -98.2444 37.0824 0.248795532468 0.248301935065
TA.Z38A.z -94.9851 33.2599 0.246365285714 0.246863971429
TA.N59A.z -75.7703 40.9168 0.247775490566 0.245089037736
TA.Q31A.z -99.395 39.0048 0.246209607595 0.247527177215
TA.H35A.z -94.8311 44.6985 0.247007327869 0.246653852459
TA.N31A.z -98.9544 40.8235 0.249867465753 0.247872410959
TA.Y46A.z -88.8577 33.8828 0.247326896552 0.247641293103
TA.F57A.z -74.6928 45.8122 0.24845060274 0.248263712329
TA.K13A.z -114.084 42.6493 0.246532716418 0.245295358209
TA.U18A.z -109.87 36.4199 0.244345885246 0.246953704918
TA.I51A.z -81.0231 43.8036 0.247673661017 0.245056559322
TA.F12A.z -115.255 45.7565 0.245461728261 0.244147673913
TA.255A.z -82.4758 31.9263 0.243958305085 0.246784220339
TA.W45A.z -89.186 35.1568 0.248434283582 0.248028313433
TA.D55A.z -75.4732 47.019 0.246528578125 0.242838625
TA.U17A.z -110.662 36.5996 0.247415015625 0.24308478125
TA.Z49A.z -86.5311 33.1942 0.248784792453 0.246870320755
TA.K05A.z -120.893 42.7258 0.246211542857 0.246440314286
TA.H05A.z -121.227 44.6473 0.241468697674 0.240712488372
TA.E52A.z -78.6569 46.2851 0.241611612245 0.24330222449
TA.MSTX.z -102.772 33.9696 0.247103559633 0.247022715596
TA.N20A.z -108.263 40.8338 0.242943653846 0.242759128205
TA.G14A.z -113.46 45.2432 0.245002551724 0.243472666667
TA.L27A.z -102.315 42.0837 0.246336054795 0.245875643836
TA.F61A.z -70.9921 45.9743 0.246833318182 0.243967242424
TA.I48A.z -83.7022 44.1873 0.246861175439 0.244161017544
TA.243A.z -91.4827 31.8803 0.248459733333 0.250869
TA.626A.z -104.133 29.554 0.246272522388 0.247171089552
TA.M09A.z -117.45 41.423 0.244248166667 0.2463299375
TA.E08A.z -119.06 46.4911 0.242956 0.242277703704
TA.Q55A.z -80.0812 38.9952 0.246386447761 0.250063089552
TA.V28A.z -102.224 35.7505 0.245985927273 0.244683218182
TA.U21A.z -107.658 36.4277 0.247625929825 0.246255368421
TA.O38A.z -93.4731 40.1215 0.246888328767 0.245337
TA.K18A.z -110.042 42.6372 0.242381115385 0.243331980769
TA.438A.z -95.4741 30.75 0.248522075758 0.248966166667
TA.U36A.z -95.7325 36.3927 0.249931595745 0.250025148936
TA.Y38A.z -94.7311 33.9278 0.246265553571 0.247270875
TA.G07A.z -119.669 45.2664 0.245773185185 0.250668777778
TA.U57A.z -79.3364 36.4319 0.24552725 0.246994588235
TA.V58A.z -79.115 35.794 0.247243866667 0.248765733333
TA.F11A.z -116.155 45.8883 0.247883166667 0.244487259259
TA.O45A.z -87.7244 40.2489 0.245619275862 0.245373293103
TA.C32A.z -96.5281 47.8255 0.25006525 0.24738175
TA.U19A.z -109.208 36.2925 0.246873928571 0.247100809524
TA.H31A.z -98.4772 44.4795 0.247397736842 0.244732666667
TA.238A.z -95.1203 32.0034 0.252027767123 0.248973287671
TA.337A.z -95.8854 31.3159 0.246096833333 0.245342757576
TA.E23A.z -105.306 46.4978 0.246192568966 0.247025155172
TA.J60A.z -73.4212 43.2438 0.247164480769 0.247893096154
TA.541A.z -93.1875 30.0596 0.247189765625 0.24726971875
TA.H64A.z -69.2203 44.6412 0.243062557377 0.243310754098
TA.S06C.z -119.849 37.8817 0.245418259259 0.246153851852
TA.H60A.z -72.6986 44.5606 0.249747823529 0.24873427451
TA.Q14A.z -113.277 38.9882 0.249754393443 0.250540295082
TA.M48A.z -84.7171 41.4846 0.247812348485 0.249128212121
TA.S21A.z -107.792 37.662 0.244504479452 0.246271712329
TA.F16A.z -111.626 45.7843 0.244926919355 0.245688080645
TA.W57A.z -79.9928 35.1529 0.249619079365 0.24956652381
TA.I55A.z -77.6817 44.2161 0.242955346939 0.243758265306
TA.Y57A.z -80.3915 34.017 0.248883862069 0.250251172414
TA.W44A.z -89.8161 35.1395 0.249034446429 0.249621982143
TA.R37A.z -94.8294 38.3133 0.252001892857 0.248438767857
TA.L25A.z -103.966 42.1548 0.2461678875 0.2452942125
TA.V30A.z -100.689 35.7623 0.246984183099 0.247812971831
TA.R41A.z -91.3795 38.2976 0.247756409091 0.248237181818
TA.R34A.z -97.247 38.3008 0.248215232143 0.248064196429
TA.G35A.z -94.4855 45.2199 0.24392968254 0.243289809524
TA.G22A.z -106.292 45.2189 0.243982783333 0.24245675
TA.F28A.z -100.8 45.8485 0.246182851852 0.245815592593
TA.X33A.z -98.5006 34.541 0.248521083333 0.245710513889
TA.P60A.z -75.6358 39.8113 0.24410571875 0.245373890625
TA.M29A.z -100.689 41.4441 0.247421357143 0.2469075
TA.ELFS.z -120.728 40.6183 0.253550821429 0.252743178571
TA.U22A.z -106.855 36.3773 0.245603191781 0.245466164384
TA.Q51A.z -83.3456 39.026 0.246982171429 0.245154128571
TA.K59A.z -74.8525 42.775 0.246380235294 0.246634647059
TA.W22A.z -106.867 35.0719 0.246769016393 0.244770819672
TA.U39A.z -93.4805 36.3823 0.245282028986 0.24708273913
TA.S39A.z -93.3226 37.691 0.246364630769 0.248203646154
TA.529A.z -102.22 30.1246 0.245153537313 0.24668141791
TA.G53A.z -78.6237 45.1222 0.241125533333 0.242137044444
TA.BC3.z -115.454 33.6552 0.246813454545 0.247834060606
TA.M37A.z -94.0575 41.4028 0.246710148148 0.248101703704
TA.S18A.z -109.995 37.6903 0.244222833333 0.241570257576
TA.S60A.z -76.6535 37.7055 0.244805703704 0.244844740741
TA.S35A.z -96.319 37.6821 0.249497083333 0.248763055556
TA.J35A.z -95.2078 43.3655 0.245880852459 0.242574016393
TA.E56A.z -75.0341 46.5436 0.246496348837 0.245048069767
TA.Q43A.z -89.6991 38.941 0.243075544118 0.242550029412
TA.432A.z -99.7937 30.8755 0.247496985714 0.246742357143
TA.E28A.z -100.693 46.5748 0.247421344262 0.246123377049
TA.A31A.z -97.1888 48.932 0.248472676923 0.245213569231
TA.A04A.z -122.707 48.7197 0.249176783333 0.24855315
TA.O27A.z -102.479 40.19 0.245768384615 0.244018261538
TA.N13A.z -114.204 40.8556 0.246844638889 0.245838138889
TA.O22A.z -106.547 40.1618 0.243705755814 0.243423023256
TA.E54A.z -77.1869 46.4339 0.242930424242 0.245101030303
TA.L59A.z -75.0426 42.1902 0.244708459016 0.244546672131
TA.U05C.z -120.12 36.3356 0.246360142857 0.247940809524
TA.V19A.z -109.046 35.7147 0.246846911765 0.245135102941
TA.J32A.z -97.8476 43.3719 0.243973673077 0.243402461538
TA.Y28A.z -102.248 33.9086 0.245814166667 0.247232925926
TA.X19A.z -109.29 34.4275 0.247276614035 0.248258368421
TA.X16A.z -111.441 34.4178 0.246043340426 0.249320957447
TA.M18A.z -110.067 41.4272 0.246518269231 0.242911365385
TA.S22A.z -106.829 37.7461 0.246781366667 0.246609166667
TA.A13A.z -114.413 48.933 0.246716695122 0.244053097561
TA.Q03C.z -122.015 38.6333 0.244445146341 0.244985560976
TA.257A.z -81.0261 31.9746 0.245123753247 0.24455938961
TA.E35A.z -94.4043 46.5572 0.248411392857 0.247882767857
TA.F37A.z -92.6264 45.7243 0.244304679245 0.243837113208
TA.Q45A.z -88.1565 38.8948 0.243772048387 0.242730629032
TA.P49A.z -84.7164 39.5342 0.248614402985 0.247361074627
TA.W26A.z -103.766 35.0891 0.24683284058 0.247969768116
TA.Y35A.z -97.0374 33.9059 0.2498804375 0.250063125
TA.E09A.z -118.146 46.5139 0.24297659375 0.244402703125
TA.HELL.z -119.023 36.6801 0.248273204545 0.247461477273
TA.F05A.z -121.459 45.8839 0.251780228571 0.253604714286
TA.N50A.z -83.1486 40.7711 0.244830743243 0.245753351351
TA.Y20A.z -108.377 33.9085 0.241886045455 0.243801318182
TA.L23A.z -105.701 42.1143 0.244415662338 0.245862857143
TA.V25A.z -104.616 35.8383 0.245678625 0.244701222222
TA.137A.z -95.7559 32.5973 0.249405378049 0.245048914634
TA.J16A.z -111.612 43.2741 0.244428203704 0.245108981481
TA.G30A.z -99.1446 45.1293 0.251035932203 0.247919355932
TA.P01C.z -123.338 39.469 0.249968886364 0.250105068182
TA.A09A.z -118.585 48.9752 0.242792 0.245650730769
TA.E44A.z -85.9214 46.6199 0.242220544304 0.242427481013
TA.346A.z -89.4649 31.3876 0.247955129032 0.248342919355
TA.H28A.z -101.021 44.6751 0.247646125 0.246511875
TA.P38A.z -93.5321 39.6248 0.247742211538 0.246846461538
TA.N06A.z -119.835 40.7484 0.248342309524 0.24627697619
TA.X37A.z -95.3713 34.5892 0.247282451613 0.250101241935
TA.T24A.z -105.052 37.0738 0.247022529412 0.244916676471
TA.RRX.z -116.997 34.8753 0.244105884615 0.244949576923
TA.632A.z -99.7863 29.5071 0.2452864875 0.2464283
TA.G47A.z -83.8551 45.173 0.245520917808 0.244069205479
TA.446A.z -89.3645 30.7912 0.248033084507 0.249139
TA.K49A.z -83.4556 42.7835 0.246549626866 0.245133835821
TA.E37A.z -92.4 46.5658 0.249041890625 0.244559375
TA.L15A.z -112.386 42.0041 0.245286690141 0.24433943662
TA.834A.z -98.5519 28.1251 0.247760214286 0.247653946429
TA.427A.z -103.402 30.8498 0.246057441176 0.245432161765
TA.240A.z -93.7626 32.0387 0.246829123077 0.245831261538
TA.W53A.z -83.163 35.1696 0.2460652 0.244436569231
TA.W23A.z -106.15 35.1605 0.245243193548 0.24777866129
TA.J22A.z -106.479 43.4126 0.247353571429 0.246902666667
TA.R15A.z -112.277 38.2108 0.247570233766 0.244677688312
TA.R28A.z -101.811 38.3423 0.2434125 0.241890530303
TA.V34A.z -97.5176 35.8345 0.248522701299 0.246538727273
TA.112A.z -114.58 32.5356 0.246714884615 0.244967961538
TA.U11A.z -115.383 36.423 0.246192206897 0.250950396552
TA.P48A.z -85.4258 39.4605 0.245797953846 0.246234353846
TA.F22A.z -106.257 45.7794 0.247551117647 0.248126926471
TA.D54A.z -76.657 47.152 0.246480272727 0.245558818182
TA.R54A.z -80.9904 38.1909 0.244525 0.246637529412
TA.L29A.z -100.478 42.0641 0.249094818182 0.247194527273
TA.U51A.z -84.0165 36.3786 0.244497048387 0.245905564516
TA.S29A.z -101.118 37.6199 0.24640109375 0.245490375
TA.R11A.z -115.585 38.3489 0.245958763889 0.246826625
TA.I27A.z -102.052 44.069 0.248154567568 0.248262783784
TA.N43A.z -89.1735 40.9394 0.248186740741 0.247381685185
TA.D16A.z -111.549 47.0308 0.245516509091 0.244155909091
TA.Q54A.z -80.8338 38.9836 0.243237183333 0.246357716667
TA.144A.z -90.4226 32.6304 0.247878032258 0.246454096774
TA.V14A.z -113.105 35.6339 0.246624459459 0.247429891892
TA.X48A.z -87.0452 34.4517 0.245746414634 0.247220243902
TA.F30A.z -99.025 45.8356 0.247481741379 0.24595412069
TA.H15A.z -112.644 44.6173 0.24324119403 0.246618074627
TA.N58A.z -76.7158 40.8396 0.246075303571 0.247485803571
TA.P07A.z -118.889 39.5399 0.245499588235 0.245468392157
TA.SUSD.z -98.9556 44.4429 0.245936138462 0.247760538462
TA.R35A.z -96.1988 38.3231 0.246822101695 0.245933457627
TA.R12A.z -114.608 38.3281 0.244846349206 0.244563222222
TA.K22A.z -106.524 42.6507 0.246174087912 0.246318912088
TA.O12A.z -114.745 40.2679 0.242375448718 0.24312274359
TA.Z48A.z -87.5556 33.3764 0.24864597619 0.244488404762
TA.D35A.z -94.0529 47.081 0.246532822581 0.24788383871
TA.W28A.z -102.206 35.2574 0.246726962963 0.246625185185
TA.P18A.z -110.246 39.6279 0.24448225 0.240666946429
TA.534A.z -98.4753 30.0284 0.2497593625 0.248926525
TA.C20A.z -108.004 47.7133 0.246110619718 0.245744408451
TA.BBR.z -116.921 34.2623 0.24672875 0.249985428571
TA.Q60A.z -75.8429 39.0016 0.244380206349 0.242297095238
TA.Z15A.z -112.158 33.2893 0.245588705882 0.246799794118
TA.X49A.z -86.326 34.5126 0.246369127273 0.244251527273
TA.R07C.z -119.047 38.089 0.24531015625 0.249797875
TA.U53A.z -82.5765 36.3644 0.245629285714 0.244478809524
TA.L10A.z -116.471 42.0773 0.249029322034 0.251780457627
TA.I45A.z -86.2348 44.0361 0.244867272727 0.245002530303
TA.V60A.z -77.2629 35.765 0.246298545455 0.246494909091
TA.U45A.z -88.7635 36.3481 0.246294857143 0.244157904762
TA.I14A.z -113.452 43.9286 0.244662684211 0.246160092105
TA.Z27A.z -103.215 33.315 0.24868148 0.24542572
TA.K36A.z -94.4507 42.6381 0.243102088235 0.242939352941
TA.CNNC.z -77.8901 35.2393 0.251100826087 0.247616586957
TA.B29A.z -99.3535 48.4649 0.246783575758 0.245654969697
TA.M41A.z -90.5422 41.375 0.247859942029 0.247699072464
TA.G63A.z -69.6186 45.1147 0.244687796296 0.249565537037
TA.Q59A.z -76.6548 38.8644 0.246899016667 0.2456962
TA.H22A.z -106.352 44.5943 0.244188386667 0.243965733333
TA.TIN.z -118.23 37.0542 0.247765689655 0.252203689655
TA.L53A.z -80.2598 41.9539 0.249166246753 0.247315168831
TA.S20A.z -108.36 37.83 0.24249075 0.243809227273
TA.Z32A.z -99.4783 33.3066 0.247093135135 0.247122027027
TA.357A.z -81.4855 31.4239 0.245142875 0.243676569444
TA.J39A.z -91.7062 43.3354 0.242349482759 0.242059034483
TA.M42A.z -89.7581 41.4546 0.24618606383 0.246865361702
TA.Q10A.z -116.4 38.8247 0.244655969231 0.243722584615
TA.T42A.z -91.0927 37.0301 0.245618594595 0.244007351351
TA.E38A.z -91.5542 46.6058 0.249786870968 0.245851693548
TA.P45A.z -87.7439 39.5277 0.242998784314 0.244106313725
TA.351A.z -85.6036 31.2753 0.248873270833 0.24948325
TA.U31A.z -99.8508 36.3695 0.245935887097 0.244725403226
TA.K48A.z -84.1197 42.8032 0.242585029412 0.244827985294
TA.735A.z -97.8081 28.8553 0.246190188406 0.245865565217
TA.A33A.z -95.3904 48.9371 0.249464927273 0.252070272727
TA.W56A.z -80.5828 35.135 0.245062776471 0.245151211765
TA.F18A.z -109.716 45.9046 0.244645051948 0.243757207792
TA.C40A.z -89.1514 47.9154 0.246208962963 0.245043111111
TA.W37A.z -95.4269 35.138 0.244083529412 0.248319411765
TA.158A.z -80.1935 32.7364 0.250465861538 0.248620169231
TA.R47A.z -86.527 38.2957 0.24728562069 0.245269103448
TA.A26A.z -102.038 48.8973 0.246167661765 0.246108617647
TA.Z16A.z -111.427 33.341 0.24207727027 0.245223405405
TA.G45A.z -85.6571 45.0404 0.242461090909 0.24228
TA.Q28A.z -101.831 39.0623 0.247876177419 0.248171709677
TA.O23A.z -105.918 40.2109 0.245902730769 0.244943448718
TA.O41A.z -90.882 40.1156 0.247534076923 0.247146969231
TA.W40A.z -93.0693 35.1923 0.244141742857 0.2467077
TA.646A.z -89.8245 29.5832 0.251378105263 0.250779157895
TA.K02A.z -123.49 42.7667 0.249152269231 0.253744961538
TA.EGMT.z -109.755 48.024 0.244662 0.244580166667
TA.Q35A.z -96.0368 38.8586 0.247092037037 0.247161111111
TA.BRSD.z -98.9563 44.443 0.246265484848 0.24593869697
TA.C13A.z -114.574 47.6795 0.244858356322 0.247077367816
TA.E42A.z -87.914 46.4301 0.248392066667 0.24720005
TA.256A.z -81.8878 31.9799 0.24595230137 0.246039273973
TA.Z20A.z -108.592 33.1132 0.244829195652 0.243759847826
TA.W46A.z -88.3783 35.1333 0.24673814 0.24665306
TA.P46A.z -87.2067 39.6178 0.242731328125 0.24241325
TA.U24A.z -105.278 36.4093 0.246905666667 0.24552015873
TA.E18A.z -109.914 46.5663 0.245035971429 0.243182014286
TA.I16A.z -111.487 43.8756 0.247722635135 0.247665554054
TA.J34A.z -95.9579 43.2844 0.246369676471 0.247504294118
TA.M49A.z -83.9752 41.4745 0.248517721311 0.249227803279
TA.H06A.z -120.335 44.7344 0.244290982143 0.246708589286
TA.P54A.z -80.4796 39.602 0.245581781818 0.246710054545
TA.NEE2.z -114.619 34.7676 0.244721371429 0.243089285714
TA.N45A.z -87.5118 40.8479 0.241318490196 0.244038196078
TA.E27A.z -101.564 46.4293 0.245430321429 0.242271428571
TA.T36A.z -95.8789 37.0605 0.246892955224 0.250297835821
TA.P34A.z -96.8268 39.5471 0.24648154386 0.246468719298
TA.N54A.z -79.9892 40.9617 0.248368563636 0.248648945455
TA.L62A.z -72.6617 42.0328 0.247765241379 0.244455155172
TA.BEL.z -115.998 34.0006 0.248081419355 0.248226612903
TA.M36A.z -94.8021 41.4537 0.244541969697 0.246684666667
TA.V38A.z -94.4077 35.8626 0.248266683333 0.247602533333
TA.U47A.z -87.2892 36.4413 0.244335885246 0.243932213115
TA.L61A.z -73.5543 42.1934 0.245814581818 0.245826727273
TA.Q07A.z -118.808 38.9383 0.247792196078 0.247866215686
TA.226B.z -104.165 32.0778 0.246493567568 0.245491351351
TA.M57A.z -77.128 41.3372 0.246328253731 0.247242701493
TA.U52A.z -83.3671 36.3929 0.247932609375 0.248365109375
TA.R19A.z -109.261 38.2916 0.244501678571 0.242455803571
TA.N11A.z -115.736 40.8167 0.241901469697 0.245965106061
TA.P29A.z -100.932 39.6021 0.245424132353 0.246902808824
TA.G62A.z -70.5319 45.2186 0.25204876 0.25006984
TA.230A.z -101.112 31.8878 0.246494265625 0.245814015625
TA.X55A.z -81.6336 34.4701 0.246301428571 0.246170928571
TA.U56A.z -80.3829 36.3472 0.248624638889 0.246439402778
TA.M25A.z -104.055 41.4347 0.245223 0.24470057971
TA.T45A.z -88.6447 37.0196 0.245114083333 0.24573405
TA.E57A.z -74.1471 46.4117 0.250606108696 0.246489630435
TA.DEC.z -118.334 34.2535 0.245331611111 0.253857277778
TA.W31A.z -99.9435 35.1864 0.243772621212 0.243796954545
TA.N22A.z -106.454 40.8023 0.244691795455 0.245368625
TA.130A.z -100.965 32.5961 0.247199 0.248987079365
TA.L40A.z -91.2218 42.0628 0.246098732394 0.242831591549
TA.R49A.z -85.1714 38.2916 0.243769791667 0.244309666667
TA.J17A.z -110.712 43.3629 0.241161647059 0.241154264706
TA.L43A.z -88.7423 42.1833 0.246388395833 0.246658916667
TA.N16A.z -111.437 40.8869 0.245634894737 0.242302175439
TA.245A.z -89.8958 32.0322 0.24893421875 0.247103046875
TA.B08A.z -119.333 48.3584 0.245741085106 0.241250893617
TA.I46A.z -85.4472 43.9411 0.243106676471 0.243618308824
TA.V18A.z -109.933 35.7113 0.244426383333 0.245827833333
TA.T26A.z -103.593 37.1747 0.246672112676 0.249827802817
TA.544A.z -91.1612 30.11 0.251466085714 0.247679328571
TA.L04A.z -121.891 42.175 0.2429878125 0.24356765625
TA.H65A.z -68.2469 44.6961 0.2472268 0.245595527273
TA.X39A.z -94.1138 34.5105 0.250073056604 0.250901264151
TA.S36A.z -95.5923 37.724 0.248801951613 0.247304532258
TA.R24A.z -105.107 38.2315 0.245396722222 0.243935277778
TA.S46A.z -87.7153 37.6849 0.245737453125 0.247103625
TA.325A.z -104.971 31.3711 0.246749672131 0.24355842623
TA.429A.z -101.894 30.6248 0.24544528125 0.245542296875
TA.X51A.z -84.8574 34.5658 0.24600084375 0.24456990625
TA.A24A.z -104.002 48.9239 0.245947105263 0.242886929825
TA.U33A.z -98.1135 36.4327 0.246780460317 0.247676809524
TA.T23A.z -106.037 37.0361 0.24999292 0.24737788
TA.K08A.z -118.486 42.7308 0.246260229167 0.249805354167
TA.N24A.z -104.882 40.8271 0.241886088235 0.242097985294
TA.PFO.z -116.459 33.6117 0.251092785714 0.251894
TA.E45A.z -85.1774 46.3563 0.244688961538 0.243208423077
TA.S56A.z -79.5662 37.6771 0.245227174603 0.243929777778
TA.W41B.z -92.2479 35.1736 0.245550746479 0.247798647887
TA.T44A.z -89.5896 37.086 0.247621696429 0.245803410714
TA.Q57A.z -78.4107 39.0353 0.244120916667 0.243278316667
TA.E16A.z -111.676 46.5336 0.245526238095 0.244475873016
TA.V61A.z -76.5776 35.7912 0.241653377049 0.241825360656
TA.119A.z -109.303 32.7663 0.242982238095 0.246472015873
TA.P30A.z -100.247 39.5442 0.248000571429 0.246320714286
TA.153A.z -83.8316 32.6499 0.250742072727 0.251628363636
TA.N26A.z -103.222 40.8289 0.245270735294 0.244563485294
TA.225A.z -104.823 32.1101 0.243946870968 0.243949919355
TA.P15A.z -112.279 39.5708 0.242080151515 0.244959954545
TA.Y14A.z -113.005 33.9383 0.247055121212 0.250025333333
TA.G39A.z -91.1698 45.2867 0.246965671875 0.244194734375
TA.034A.z -98.6833 27.0647 0.246636642857 0.245293585714
TA.E51A.z -79.4924 46.5333 0.240337857143 0.240738809524
TA.H39A.z -91.2833 44.6797 0.244222758621 0.244674206897
TA.336A.z -96.8443 31.387 0.243436969231 0.243968661538
TA.B30A.z -98.3286 48.4505 0.248059560606 0.250305212121
TA.W61A.z -76.9909 35.1773 0.246861253731 0.242119641791
TA.W27A.z -103.063 35.0637 0.244220820896 0.245064507463
TA.J31A.z -98.7396 43.2915 0.248020622951 0.243577114754
TA.P40A.z -92.0483 39.5299 0.24665145283 0.242556056604
TA.I17A.z -110.576 43.92 0.247471382716 0.246821962963
TA.N61A.z -74.2969 40.7519 0.247392981481 0.248252259259
TA.W48A.z -86.9333 35.1386 0.245731326087 0.245668434783
TA.O40A.z -91.874 40.1212 0.24782919697 0.248052742424
TA.Q30A.z -100.221 38.9772 0.247240135593 0.246443508475
TA.E62A.z -69.5227 46.6201 0.245649673077 0.242212711538
TA.249A.z -87.1225 31.9752 0.246846019608 0.248076470588
TA.Z52A.z -84.4176 33.1893 0.252141976744 0.248334674419
TA.GRA.z -117.366 36.9961 0.244895666667 0.245276541667
TA.V39A.z -93.645 35.8389 0.243319138462 0.245894738462
TA.Q41A.z -91.2317 38.9539 0.24497673913 0.248362978261
TA.SHO.z -116.275 35.8996 0.25265416129 0.252695548387
TA.543A.z -91.8557 30.0856 0.246880955882 0.248153779412
TA.L38A.z -92.9597 42.141 0.24549424 0.24728524
TA.J07A.z -119.311 43.3736 0.243427 0.2444668
TA.X28A.z -102.197 34.5185 0.248806648148 0.252937092593
TA.035Z.z -98.0683 26.463 0.248443338235 0.244419382353
TA.E11A.z -116.209 46.3559 0.240910021277 0.242683617021
TA.F27A.z -102.02 45.8727 0.248732790323 0.245543403226
TA.D03A.z -123.771 47.1161 0.241619340426 0.241288
TA.H63A.z -70.0353 44.6616 0.248755508197 0.246996622951
TA.E48A.z -82.1653 46.4809 0.244756857143 0.244732142857
TA.Y26A.z -103.825 33.9232 0.247511730769 0.245077788462
TA.G09A.z -117.78 45.2781 0.246951183673 0.247441142857
TA.V31A.z -99.8425 35.7739 0.248279564516 0.245127354839
TA.W35A.z -96.8745 35.1527 0.246565603448 0.247594775862
TA.Z25A.z -104.717 33.2797 0.24568216 0.24617734
TA.333A.z -98.9841 31.3249 0.244952786667 0.245138106667
TA.U58A.z -78.5493 36.3944 0.244156259259 0.245457611111
TA.X30A.z -100.874 34.4461 0.246905121622 0.246391851351
TA.Y44A.z -90.2112 33.9618 0.24736004918 0.247861163934
TA.349A.z -87.1924 31.3504 0.251425042553 0.252860680851
TA.X22A.z -107.01 34.5058 0.24432640625 0.24673440625
TA.V46A.z -88.1177 35.8007 0.2459595 0.243360086957
TA.J38A.z -92.4755 43.319 0.244633 0.244116183099
TA.M66A.z -70.1353 41.259 0.247423131579 0.247806605263
TA.537A.z -96.3155 30.0799 0.247427654321 0.247569938272
TA.U25A.z -104.408 36.3998 0.244185166667 0.243425807692
TA.457A.z -81.5563 30.6199 0.248643351351 0.246579135135
TA.342A.z -92.3249 31.3747 0.247801311688 0.247653220779
TA.Q09A.z -117.182 38.834 0.247827913043 0.24760976087
TA.H26A.z -102.774 44.6168 0.245540720588 0.243055132353
TA.SPMN.z -92.8037 45.2246 0.243655566667 0.243659911111
TA.D30A.z -98.7576 47.1082 0.245444508197 0.244658344262
TA.D48A.z -81.8072 47.1743 0.243169290323 0.245258064516
TA.Z46A.z -88.9414 33.1933 0.243925169492 0.244838186441
TA.447A.z -88.6542 30.7952 0.248410112676 0.244017802817
TA.M45A.z -87.2504 41.3881 0.245806666667 0.24527854386
TA.WVT.z -87.83 36.1297 0.246892966102 0.24724940678
TA.Z54A.z -82.8417 33.2362 0.250287702703 0.249162972973
TA.G41A.z -89.1816 45.2118 0.246141644068 0.243951288136
TA.T57A.z -79.2538 36.9983 0.242226859375 0.245913125
TA.Y31A.z -100.261 33.9629 0.24716927027 0.246104635135
TA.J09A.z -117.754 43.3471 0.243982015385 0.243932323077
TA.M40A.z -91.5121 41.406 0.249845244444 0.249184577778
TA.U44A.z -89.6863 36.5047 0.245834538462 0.248651384615
TA.D21A.z -106.994 47.0658 0.245544071429 0.2424356
TA.K41A.z -90.3046 42.6071 0.246206230769 0.247222969231
TA.R43A.z -89.9308 38.276 0.248997105263 0.246568877193
TA.Q08A.z -117.932 38.8606 0.249614413043 0.252072717391
TA.N27A.z -102.537 40.8063 0.242668333333 0.244145853333
TA.Y12C.z -114.524 33.7503 0.2470124 0.2474699375
TA.P12A.z -114.908 39.4731 0.247431157895 0.248576491228
TA.D07A.z -119.973 47.1936 0.24562087234 0.240897382979
TA.O20A.z -108.242 40.1348 0.243757901099 0.242994164835
TA.L57A.z -76.8492 42.0005 0.247545213115 0.247409114754
TA.H45A.z -86.044 44.6232 0.243931732143 0.244626107143
TA.H40A.z -90.3905 44.622 0.243233277778 0.244551481481
TA.R42A.z -90.7944 38.2804 0.247329118644 0.243708016949
TA.V47A.z -87.5205 35.8278 0.24634014 0.24650742
TA.K16A.z -111.588 42.8321 0.24691568254 0.243235793651
TA.O13A.z -113.981 40.1314 0.246844764706 0.244804691176
TA.AGMN.z -95.8619 48.2977 0.245390244898 0.245803081633
TA.I18A.z -109.817 43.7013 0.243955014925 0.243940328358
TA.H37A.z -92.9181 44.5812 0.246865146667 0.24427736
TA.Y34A.z -97.7573 33.9574 0.247510307692 0.248279292308
TA.X56A.z -81.0319 34.4923 0.2446973 0.243787128571
TA.D04A.z -122.803 47.1109 0.244535914286 0.244528857143
TA.Z18A.z -110.036 33.0851 0.243414511111 0.247331711111
TA.S30A.z -100.464 37.6402 0.24677768254 0.244868111111
TA.O25A.z -104.12 40.1129 0.246007239437 0.244206338028
TA.E25A.z -103.401 46.5009 0.246389280702 0.244580614035
TA.736A.z -97.0673 28.955 0.246770513889 0.246480208333
TA.CWC.z -118.08 36.4399 0.243514315789 0.242891
TA.N49A.z -84.1825 40.922 0.247045096774 0.246256580645
TA.E30A.z -98.9098 46.5021 0.249061791045 0.24924480597
TA.I42A.z -88.9134 43.8908 0.24408058 0.24265798
TA.O57A.z -77.6354 40.2104 0.246345067568 0.246513716216
TA.Z39A.z -94.1822 33.2418 0.250633423077 0.241917846154
TA.528A.z -102.788 30.1615 0.24195715493 0.243448422535
TA.Z51A.z -85.1747 33.3167 0.248892196429 0.24713325
TA.MLAC.z -118.836 37.6302 0.248185625 0.248758666667
TA.244A.z -90.6856 32.0422 0.248811271429 0.248880914286
TA.L18A.z -110.036 41.9243 0.247602375 0.2438245
TA.M55A.z -78.7649 41.4686 0.245779130435 0.246298717391
TA.U50A.z -84.8431 36.4156 0.2481913125 0.249699666667
TA.T46A.z -87.8941 37.0417 0.245163678571 0.24582875
TA.P19A.z -108.981 39.6333 0.243719506024 0.245476385542
TA.P39B.z -92.7541 39.4876 0.251683354167 0.249044375
TA.Y33A.z -98.6256 34.0081 0.2449951875 0.24466409375
TA.D12A.z -115.353 47.0528 0.242700682353 0.241773764706
TA.SFIN.z -87.0967 40.379 0.245550826923 0.244484865385
TA.O53A.z -81.2129 40.2493 0.247034229508 0.248860459016
TA.K57A.z -76.5163 42.7313 0.246028559322 0.245139237288
TA.U20A.z -108.52 36.3758 0.244981662338 0.243821233766
TA.S58A.z -78.0511 37.6126 0.245713204082 0.245761877551
TA.S44A.z -89.2551 37.6936 0.247037328571 0.247654057143
TA.C07A.z -120.061 47.6902 0.246621780488 0.244614512195
TA.251A.z -85.409 32.0929 0.244834583333 0.245057958333
TA.J13A.z -114.174 43.3979 0.245664553191 0.245147265957
TA.T58A.z -78.5338 36.9454 0.244070166667 0.246942777778
TA.A20A.z -107.926 48.8799 0.246912353846 0.245654984615
TA.Z47A.z -88.0696 33.199 0.249377784314 0.247909921569
TA.M34A.z -96.583 41.5025 0.246954337662 0.245652662338
TA.N21A.z -107.52 40.76 0.243312643836 0.245159164384
TA.K39A.z -91.8878 42.705 0.244185030769 0.241949646154
TA.426A.z -104.029 30.6689 0.245096432836 0.24210480597
TA.W51A.z -84.7599 35.1606 0.243873391304 0.244958115942
TA.O59A.z -76.1859 40.3114 0.243073285714 0.244491204082
TA.G55A.z -76.7187 45.2532 0.24564964 0.24415384
TA.P06A.z -119.898 39.6785 0.247345047619 0.249312785714
TA.X34A.z -97.8326 34.601 0.249553725806 0.249235048387
TA.G27A.z -101.931 45.3791 0.246218391304 0.244652681159
TA.R45A.z -88.2812 38.2926 0.244278733333 0.242746716667
TA.F31A.z -98.2525 45.8598 0.247401611111 0.24689737037
TA.C38A.z -91.2732 47.7171 0.248399716667 0.24725005
TA.H52A.z -79.8888 44.6422 0.240789066667 0.240073822222
TA.U14A.z -113.18 36.4182 0.245426285714 0.24738897619
TA.H41A.z -89.6534 44.6164 0.245042107692 0.243364815385
TA.P43A.z -89.5213 39.6409 0.244182169811 0.244497943396
TA.958A.z -81.7543 27.5855 0.244614714286 0.247806885714
TA.X29A.z -101.701 34.4452 0.247683349206 0.247606873016
TA.140A.z -93.574 32.6408 0.246776813559 0.246496983051
TA.R59A.z -77.1164 38.2005 0.242161612245 0.245948285714
TA.V29A.z -101.521 35.8734 0.246882405797 0.246537057971
TA.S11A.z -115.747 37.6444 0.244390671429 0.243369671429
TA.V59A.z -78.2394 35.7649 0.246816515152 0.248784015152
TA.F21A.z -107.123 45.8231 0.2458109 0.2470615
TA.A16A.z -111.597 48.9482 0.244319661972 0.244701859155
TA.O39A.z -92.5438 40.2544 0.246996382353 0.246259529412
TA.131A.z -100.389 32.6737 0.244054656716 0.245552716418
TA.A23A.z -104.879 48.9592 0.246810516667 0.245836683333
TA.M05C.z -121.146 41.3593 0.249256333333 0.2487835
TA.O34A.z -96.6936 40.1831 0.246196735294 0.245991117647
TA.832A.z -99.9743 28.2844 0.248078704225 0.249941309859
TA.E06A.z -120.979 46.5433 0.248993675 0.249706175
TA.738A.z -95.6481 28.8404 0.246952808824 0.245763720588
TA.328A.z -102.81 31.3818 0.241724246377 0.244592521739
TA.W20A.z -108.5 35.1259 0.246664753846 0.246746261538
TA.N47A.z -85.6942 40.8801 0.243228978723 0.243647234043
TA.C05A.z -121.689 47.6947 0.244834542857 0.243380857143
TA.HRV.z -71.5583 42.5064 0.247735020833 0.247028645833
TA.F09A.z -117.909 45.7087 0.24550512963 0.242469
TA.S09A.z -117.225 37.7243 0.245753458333 0.246691291667
TA.W25A.z -104.461 35.2177 0.244617147727 0.2467205
TA.318A.z -109.991 31.439 0.247184459459 0.246969364865
TA.V11A.z -115.43 35.8384 0.244830088235 0.245432029412
TA.H10A.z -116.747 44.589 0.245316746032 0.245886349206
TA.637A.z -96.3324 29.439 0.250585196721 0.249251901639
TA.J55A.z -77.8167 43.2657 0.246943489796 0.244190938776
TA.I31A.z -98.5352 44.0297 0.246956084746 0.24453120339
TA.J57A.z -75.9968 43.4099 0.247744509434 0.246925962264
TA.SCZ2.z -119.635 33.9954 0.246620625 0.248061666667
TA.247A.z -88.6102 32.053 0.247108262295 0.248219065574
TA.U27A.z -102.825 36.4213 0.246952109091 0.249268545455
TA.425A.z -104.986 30.7862 0.245659623377 0.244356545455
TA.S15A.z -112.363 37.6761 0.248403530303 0.242206863636
TA.I22A.z -106.484 43.8924 0.245168424658 0.245659767123
TA.H17A.z -110.576 44.3951 0.24465353012 0.249845096386
TA.Z56A.z -81.3687 33.3253 0.248781854167 0.248511020833
TA.Z35A.z -97.253 33.3308 0.24926 0.252018469388
TA.227A.z -103.292 32.012 0.245148197183 0.244897549296
TA.V37A.z -95.141 35.883 0.249285788462 0.249502115385
TA.G12A.z -115.326 45.1285 0.246284951613 0.245724241935
TA.O11A.z -115.657 40.1313 0.247446442623 0.246550098361
TA.H04A.z -122.186 44.6837 0.24493322807 0.244160631579
TA.VES.z -119.085 35.8409 0.248234541667 0.249515958333
TA.S05C.z -120.33 37.346 0.242765464286 0.246845607143
TA.N35A.z -95.6425 40.8612 0.248399123457 0.24748154321
TA.T19A.z -109.025 36.8299 0.243432267857 0.245548553571
TA.U42A.z -91.2383 36.3514 0.24836416 0.24918186
TA.L39A.z -92.0007 42.1234 0.246134635135 0.245139743243
TA.S27A.z -102.898 37.6837 0.246398609375 0.244799671875
TA.J25A.z -103.803 43.3901 0.244640902778 0.244362930556
TA.658A.z -81.2578 29.422 0.2460574375 0.244642875
TA.V41A.z -92.1554 35.7851 0.24861080303 0.248609242424
TA.S59A.z -77.2942 37.762 0.243147215686 0.243832294118
TA.Z26A.z -103.98 33.2716 0.243462 0.243673433333
TA.M58A.z -76.4603 41.3721 0.247419571429 0.2459969
TA.J52A.z -80.4764 43.2407 0.249060238806 0.246404373134
TA.557A.z -81.7291 30.016 0.246635797101 0.244808710145
TA.V26A.z -103.786 35.7964 0.245347328947 0.244367828947
TA.G25A.z -103.417 45.1935 0.245763271429 0.244232714286
TA.F32A.z -97.1264 45.8705 0.242911369231 0.242382707692
TA.L34A.z -96.3762 41.9666 0.246701333333 0.246591097222
TA.W17A.z -110.713 35.0789 0.246341872727 0.244312909091
TA.338A.z -95.3106 31.3567 0.2499599 0.250891771429
TA.K31A.z -98.7546 42.6229 0.247457795918 0.248168489796
TA.U35A.z -96.7318 36.3709 0.247097979592 0.247478795918
TA.I06A.z -120.211 43.9437 0.245712622222 0.244387066667
TA.GLMI.z -84.6175 44.8245 0.248737292308 0.2494338
TA.OGNE.z -102.033 40.9451 0.247656 0.247939955556
TA.I43A.z -88.146 43.8844 0.246022627451 0.247897627451
TA.431A.z -100.608 30.6824 0.243697974684 0.244625544304
TA.326A.z -103.979 31.3165 0.244019301587 0.241797238095
TA.Q12A.z -114.83 39.04 0.248045041096 0.246241493151
TA.S24A.z -105.213 37.6407 0.247358378788 0.247637878788
TA.D31A.z -97.7226 47.0481 0.247998979167 0.2485604375
TA.O50A.z -83.6199 40.1468 0.246329285714 0.25041584127
TA.O61A.z -74.553 40.0934 0.247235044118 0.245538058824
TA.H61A.z -71.9271 44.5339 0.24953422 0.24942686
TA.J21A.z -107.446 43.3459 0.246657032967 0.247461395604
TA.Q24A.z -105.149 38.9641 0.246013012658 0.243883037975
TA.P59A.z -76.4327 39.6101 0.243459671642 0.243076552239
TA.G38A.z -91.8549 45.1693 0.246197606061 0.24454130303
TA.344A.z -90.7318 31.4527 0.249223415385 0.249532384615
TA.F15A.z -112.493 45.8409 0.245852211111 0.245744622222
TA.BW06.z -109.558 42.7667 0.243227290323 0.241849096774
TA.J18A.z -110.02 43.2112 0.2450285 0.243821982759
TA.M06C.z -120.477 41.2047 0.243690971429 0.247178571429
TA.E13A.z -114.188 46.4423 0.244530681818 0.241859113636
TA.U46A.z -88.1773 36.359 0.245211213115 0.244935606557
TA.O37A.z -94.1461 40.1664 0.246406183333 0.243910433333
TA.E64A.z -67.8285 46.4184 0.248499492308 0.247879615385
TA.F45A.z -85.5156 45.6837 0.243610962617 0.24228664486
TA.L54A.z -79.3162 42.2345 0.245915037736 0.245241113208
TA.532A.z -99.9049 30.1278 0.247417333333 0.246110277778
TA.N38A.z -93.235 40.7931 0.246357116667 0.24834845
TA.Y55A.z -81.8581 33.9375 0.244484490196 0.243416803922
TA.MVCO.z -108.499 37.2103 0.254652666667 0.257874333333
TA.H11A.z -116.013 44.7035 0.2494678 0.247392183333
TA.G40A.z -90.2006 45.2684 0.244559358491 0.245141132075
TA.H55A.z -77.183 44.5505 0.246365821429 0.242213892857
TA.E21A.z -107.076 46.5408 0.244908472973 0.242042635135
TA.I11A.z -115.958 43.9121 0.24471228125 0.2422745625
TA.G31A.z -98.2083 45.2254 0.248088721311 0.244266606557
TA.348A.z -87.9023 31.4129 0.245114109589 0.245442534247
TA.552A.z -85.2938 30.1327 0.247616190476 0.249245650794
TA.K54A.z -78.6908 42.6097 0.248044673469 0.245742142857
TA.757A.z -82.0685 28.9413 0.248057020408 0.244839040816
TA.Z44A.z -90.4322 33.2773 0.250024916667 0.247876166667
TA.C09A.z -118.274 47.8006 0.244350092308 0.241769538462
TA.K51A.z -81.5082 42.7223 0.245928948276 0.243954482759
TA.P37A.z -94.3491 39.5882 0.245876392157 0.248982764706
TA.I32A.z -97.4643 44.0271 0.247846546875 0.24839928125
TA.X17A.z -110.806 34.3371 0.248481591837 0.250340510204
TA.634A.z -98.3515 29.3815 0.248093202899 0.248985536232
TA.Z30A.z -101.128 33.2861 0.245783313725 0.244317294118
TA.143A.z -91.4036 32.7032 0.249535623529 0.2491354
TA.M24A.z -104.825 41.4676 0.245744837838 0.245048189189
TA.936A.z -97.3091 27.4208 0.251695989011 0.249607120879
TA.J12A.z -115.098 43.25 0.246342895522 0.246466940299
TA.K55A.z -78.0696 42.7278 0.247936618182 0.246099345455
TA.Q32A.z -98.5596 38.9908 0.2436622 0.243966628571
TA.G58A.z -74.054 45.1492 0.250438597222 0.249644958333
TA.G57A.z -74.9855 45.1036 0.246774703125 0.248905421875
TA.O30A.z -100.057 40.1791 0.247186984848 0.246416030303
TA.N28A.z -101.541 40.6873 0.244104285714 0.244282339286
TA.R51A.z -83.5834 38.3001 0.246334493671 0.245175582278
TA.OSI.z -118.724 34.6145 0.24953125 0.244601357143
TA.535A.z -97.5711 30.029 0.248636871429 0.246858785714
TA.Y22D.z -106.921 34.0739 0.246725337838 0.246452418919
TA.L14A.z -113.24 42.0343 0.245338450704 0.242188619718
TA.I47A.z -84.5096 44.0193 0.243667811594 0.244319536232
TA.350A.z -86.3353 31.4207 0.246527653061 0.245958653061
TA.T17A.z -110.804 36.9969 0.245856678571 0.2454105
TA.B09A.z -118.149 48.4226 0.241433958333 0.239546770833
TA.R23A.z -105.826 38.1907 0.247860722222 0.245317486111
TA.I52A.z -80.177 44.068 0.247564348485 0.243233075758
TA.NATX.z -94.661 31.7598 0.248090432836 0.246476492537
TA.Y53A.z -83.5836 33.8554 0.249400546875 0.24623303125
TA.U32A.z -99.0014 36.3795 0.249245180328 0.245144786885
TA.Q29A.z -100.979 38.8905 0.24316446875 0.243767015625
TA.E07A.z -119.855 46.5585 0.246198981132 0.249223830189
TA.O04C.z -121.086 40.32 0.250407378378 0.247237702703
TA.O18A.z -110.008 40.2655 0.245659341772 0.243916468354
TA.V24A.z -105.272 35.7259 0.247474803279 0.247740688525
TA.G28A.z -100.916 45.0749 0.248315216667 0.24611235
TA.113A.z -113.767 32.7683 0.246667714286 0.250647571429
TA.434A.z -98.269 30.8142 0.247405615385 0.243992705128
TA.H03A.z -123.292 44.6765 0.240314925 0.23999735
TA.V49A.z -85.903 35.7663 0.245174712121 0.243741954545
TA.L20A.z -108.34 42.0073 0.244755633803 0.244649647887
TA.X53A.z -83.3013 34.5031 0.246010621622 0.243069864865
TA.U44B.z -89.3507 36.3391 0.248013046512 0.248051255814
TA.J45A.z -86.3889 43.4354 0.248206076923 0.247475794872
TA.S23A.z -106.002 37.7059 0.250097378049 0.249126621951
TA.S19A.z -109.137 37.7459 0.244599267606 0.244525239437
TA.P32A.z -98.6011 39.6223 0.24621212987 0.247222636364
TA.Z33A.z -98.7648 33.2865 0.246399137931 0.25128387931
TA.239A.z -94.4707 32.0179 0.251097292308 0.249877769231
TA.E29A.z -99.642 46.5682 0.246280385965 0.247395175439
TA.M38A.z -93.1965 41.4175 0.247523690909 0.246920781818
TA.I34A.z -95.86 44.0392 0.244778438596 0.243755087719
TA.X21A.z -107.786 34.4457 0.246877403226 0.246242241935
TA.K62A.z -72.2345 42.6651 0.247824692308 0.248854538462
TA.Y58A.z -79.6665 33.9057 0.249231212766 0.246299148936
TA.W54A.z -82.1859 35.0857 0.2444961 0.243520525
TA.P61A.z -74.7919 39.6734 0.24580318 0.25021266
TA.P55A.z -79.8265 39.5078 0.241136142857 0.242258410714
TA.M17A.z -110.666 41.4729 0.245682096774 0.242237612903
TA.O01C.z -123.82 40.1398 0.246924489362 0.24732893617
TA.A29A.z -99.2321 48.9228 0.244957448276 0.244305896552
TA.X14A.z -112.891 34.4692 0.246515380952 0.248351222222
TA.C37A.z -92.1853 47.7283 0.248047770492 0.247519442623
TA.F26A.z -102.67 45.8512 0.244322951613 0.244055258065
TA.Y54A.z -82.688 33.8621 0.251843603448 0.247820465517
TA.M01C.z -124.122 41.8473 0.248133674419 0.24583544186
TA.M02C.z -122.854 41.392 0.245455862069 0.245428862069
TA.X40A.z -92.8342 34.4873 0.248955537313 0.248762253731
TA.K47A.z -84.9993 42.6704 0.247005540984 0.244424409836
TA.355A.z -82.8518 31.3438 0.246340460526 0.245200671053
TA.E03A.z -123.563 46.5459 0.246337690909 0.244634218182
TA.H25A.z -103.598 44.6215 0.246716986667 0.246312973333
TA.A14A.z -113.422 48.9725 0.245861887097 0.244660645161
TA.V04C.z -120.87 35.636 0.244772863636 0.244043272727
TA.M23A.z -105.722 41.468 0.246182458333 0.246766722222
TA.O09A.z -117.19 40.1697 0.250782173913 0.247854347826
TA.P28A.z -101.755 39.5732 0.243040868852 0.245310360656
TA.139A.z -94.3927 32.6795 0.248174446429 0.249410964286
TA.353A.z -84.2172 31.3474 0.245328940299 0.243968298507
TA.R40A.z -92.2684 38.2909 0.246701067797 0.246149966102
TA.V15A.z -112.173 35.8191 0.247531140845 0.248167535211
TA.Z41A.z -92.803 33.2577 0.246315313725 0.246225392157
TA.C12B.z -115.475 47.7092 0.240537041096 0.242640616438
TA.L61B.z -72.6802 42.4498 0.245668983607 0.244824295082
TA.343A.z -91.6169 31.2839 0.246009686747 0.246167662651
TA.E10A.z -117.11 46.485 0.244385826923 0.24298775
TA.E24A.z -104.307 46.5608 0.244628948276 0.245986155172
TA.E19A.z -108.786 46.4611 0.244772153846 0.244932615385
TA.U59A.z -77.7925 36.3526 0.247637238095 0.247722761905
TA.D51A.z -79.3733 47.0904 0.244450658537 0.243105780488
TA.X25A.z -104.662 34.5271 0.245435602941 0.244022426471
TA.G65A.z -67.5632 45.2002 0.249512592593 0.248510907407
TA.O43A.z -89.313 40.2856 0.246689313725 0.245524235294
TA.MPP.z -119.814 34.8885 0.252746555556 0.254944388889
TA.250A.z -86.2677 31.9778 0.247770081967 0.24625604918
TA.536A.z -97.0652 30.0756 0.247051296875 0.2445745
TA.437A.z -96.1386 30.8292 0.249191931507 0.250496616438
TA.P24A.z -104.908 39.5144 0.247362776119 0.244960641791
TA.T28A.z -102.114 37.1204 0.24908968 0.24799756
TA.237A.z -95.8084 32.0015 0.2476780625 0.24731425
TA.R39A.z -93.0383 38.3138 0.245321619048 0.246903539683
TA.531A.z -100.546 30.1645 0.2444402 0.244756061538
TA.633A.z -99.1766 29.4591 0.247555 0.245665578125
TA.O29A.z -100.798 40.1253 0.250571904762 0.248621285714
TA.N30A.z -100.1 40.7957 0.248042333333 0.246574710145
TA.U38A.z -94.3857 36.4394 0.245424092593 0.247787203704
TA.H18A.z -109.664 44.6769 0.246258412698 0.24631568254
TA.430A.z -101.236 30.7866 0.246227322581 0.244368564516
TA.835A.z -97.8297 28.287 0.24778375641 0.245563807692
TA.X32A.z -99.2854 34.4214 0.247094863014 0.247254232877
TA.S47A.z -86.8779 37.5946 0.246265846154 0.242456435897
TA.G04A.z -122.478 45.2059 0.246407964286 0.246560535714
TA.K14A.z -113.176 42.5452 0.246704955556 0.246041155556
TA.U60A.z -77.1596 36.4718 0.243945447761 0.242741716418
TA.K01A.z -124.469 42.8088 0.247004191489 0.248457468085
TA.109C.z -117.105 32.8889 0.248621923077 0.244861115385
TA.D49A.z -81.3562 47.2726 0.244156404255 0.243411297872
TA.T29A.z -101.294 37.1565 0.24367903125 0.243336296875
TA.O52A.z -81.8361 40.1158 0.245837716667 0.245235133333
TA.R17A.z -110.711 38.4187 0.246860067797 0.244706677966
TA.H46A.z -85.2034 44.5397 0.245256863636 0.245151242424
TA.L07A.z -119.34 42.0187 0.246034741935 0.243548758065
TA.KSCO.z -102.627 39.0112 0.246003053763 0.246125741935
TA.U54A.z -81.8204 36.5209 0.245935776316 0.243171671053
TA.O42A.z -90.0812 40.1956 0.246972108696 0.245605782609
TA.G03A.z -123.281 45.3153 0.2474392 0.248833125
TA.H47A.z -84.2062 44.5994 0.241876677419 0.241891048387
TA.SUTB.z -121.786 39.2291 0.24865575 0.246426125
TA.126A.z -104.02 32.6462 0.245389761905 0.242584142857
TA.C39A.z -90.1289 47.8171 0.248201953125 0.24594840625
TA.R46A.z -87.5114 38.2124 0.245587548387 0.244380387097
TA.S10A.z -116.595 37.923 0.246935208955 0.244539746269
TA.858A.z -81.3616 28.2126 0.249123577778 0.246938644444
TA.TPNV.z -116.249 36.9488 0.25077115 0.2518141
TA.N57A.z -77.5509 40.7556 0.244504590164 0.245765885246
TA.R44A.z -89.0809 38.2475 0.248412616438 0.246346273973
TA.D34A.z -95.1952 47.0851 0.246651396552 0.245066155172
TA.X42A.z -91.6262 34.5532 0.247146 0.248312509091
TA.S31A.z -99.4845 37.6193 0.246260625 0.24482121875
TA.HATC.z -121.461 40.8161 0.249308444444 0.2479735
TA.MPM.z -117.489 36.058 0.247669421053 0.244693263158
TA.Q18A.z -110.133 39.1025 0.242507683333 0.239660466667
TA.L13A.z -113.944 42.0886 0.24399575 0.2439393
TA.N08A.z -118.134 40.7811 0.242709424242 0.250754727273
TA.G59A.z -73.1809 45.0807 0.249598935484 0.249510403226
TA.G64A.z -68.7558 45.2527 0.244720093023 0.24071027907
TA.ECSD.z -96.6141 43.7337 0.24701 0.246363305556
TA.Y59A.z -78.8737 33.9897 0.251158122449 0.250427959184
TA.T56A.z -80.0311 37.0288 0.244331146667 0.246164226667
TA.335A.z -97.4271 31.2819 0.2446315 0.243263414286
TA.C08A.z -119.045 47.7849 0.242118186441 0.24113679661
TA.T12A.z -114.715 36.7256 0.245479895522 0.248381552239
TA.Y60A.z -78.2163 34.0046 0.245426851064 0.244350851064
TA.I10A.z -116.803 44.086 0.248271606557 0.244393557377
TA.L49A.z -83.7672 42.1088 0.246632434783 0.245753376812
TA.L26A.z -103.079 42.0367 0.244508857143 0.244595985714
TA.M16A.z -111.63 41.3146 0.247836266667 0.246972716667
TA.M20A.z -108.187 41.4906 0.245121176471 0.242972558824
TA.D19A.z -108.88 47.1646 0.244319515152 0.245122893939
TA.K15A.z -112.531 42.6852 0.245333131148 0.243083278689
TA.B34A.z -94.6501 48.486 0.24904175 0.248068777778
TA.M63A.z -72.0464 41.4038 0.248426543478 0.247913847826
TA.B35A.z -93.7261 48.3603 0.248253728814 0.248224067797
TA.R21A.z -107.55 38.3685 0.243902098765 0.244027691358
TA.J61A.z -72.5535 43.3462 0.245486114754 0.247703770492
TA.219A.z -109.259 31.9989 0.246295033333 0.247243133333
TA.P26A.z -103.346 39.5602 0.247214363636 0.246854571429
TA.R08A.z -118.106 38.3489 0.248520271186 0.245918101695
TA.Z57A.z -80.7039 33.297 0.248098433333 0.247367966667
TA.T05C.z -120.674 36.8953 0.245973333333 0.244988857143
TA.H23A.z -105.401 44.562 0.2473604875 0.24662235
TA.T30A.z -100.527 37.0526 0.248613069444 0.246366305556
TA.U10A.z -116.33 36.4193 0.244469626866 0.246101626866
TA.G05A.z -121.317 45.2422 0.246391653061 0.244137183673
TA.HEC.z -116.335 34.8294 0.252701185185 0.251208777778
TA.Y51A.z -85.064 33.8993 0.248012960784 0.246616098039
TA.J29A.z -100.325 43.4061 0.24786109434 0.247677735849
TA.540A.z -93.9796 30.2093 0.246285604651 0.251003534884
TA.X59A.z -78.6023 34.572 0.2470555 0.2452055
TA.S32A.z -98.9363 37.7001 0.250369829268 0.247504207317
TA.T25A.z -104.411 37.1388 0.2456792375 0.24468235
TA.737A.z -96.4402 28.7639 0.247678477612 0.243874477612
TA.R61A.z -75.339 38.3303 0.244444467742 0.241912096774
TA.Q16A.z -111.172 38.9176 0.242534098592 0.242012633803
TA.D23A.z -105.207 47.173 0.249424555556 0.246503730159
TA.X57A.z -80.094 34.4643 0.246685883333 0.246565216667
TA.H66A.z -67.3115 44.7859 0.245923543478 0.245144847826
TA.N14A.z -113.187 40.8513 0.244484444444 0.244891492063
TA.L22A.z -106.434 42.031 0.248521404255 0.246393117021
TA.J46A.z -85.6466 43.3478 0.247668887097 0.248013
TA.934A.z -98.5192 27.6018 0.246563166667 0.24659845
TA.P53A.z -81.3896 39.4868 0.248872386667 0.249190973333
TA.D11A.z -116.335 47.0477 0.244317095238 0.241873047619
TA.B19A.z -108.944 48.4551 0.244175712329 0.239641794521
TA.B14A.z -113.273 48.3609 0.245913032787 0.245058901639
TA.P56A.z -78.8386 39.5044 0.244617442623 0.246553803279
TA.035A.z -98.1023 26.9379 0.245353958333 0.251747979167
TA.655A.z -83.2552 29.5107 0.247629448276 0.245626086207
TA.061Z.z -80.907 25.8657 0.244514219178 0.242612616438
TA.S08C.z -118.171 37.4993 0.2511566 0.252844571429
TA.ANMO.z -106.457 34.9459 0.245511444444 0.247074111111
TA.H21A.z -107.042 44.6277 0.245284594937 0.245347101266
TA.R58A.z -78.0034 38.2989 0.243431644068 0.246127440678
TA.K50A.z -82.6231 42.7749 0.243533055556 0.241927907407
TA.K27A.z -102.236 42.7036 0.245762826667 0.24577284
TA.X24A.z -105.435 34.5646 0.244725029851 0.244180985075
TA.352A.z -84.9274 31.4793 0.246227910448 0.24562158209
TA.R58B.z -77.8787 37.9636 0.243024386364 0.244536386364
TA.M27A.z -102.387 41.5281 0.24607633871 0.246210064516
TA.U26A.z -103.744 36.3945 0.244098882353 0.245658970588
TA.546A.z -89.7191 30.233 0.24762156338 0.245723211268
TA.H12A.z -114.855 44.5494 0.24322542268 0.243310814433
TA.147A.z -88.2708 32.6738 0.246925253165 0.244321607595
TA.W12A.z -114.87 35.301 0.245891742424 0.248447181818
TA.U23A.z -106.192 36.3289 0.246684774648 0.246226549296
TA.E46A.z -84.3062 46.3665 0.245015933333 0.243396433333
TA.M62A.z -72.8939 41.4423 0.247084596154 0.248843903846
TA.O05C.z -120.918 39.962 0.250451392857 0.252174285714
TA.J56A.z -76.8579 43.276 0.244143843137 0.243950058824
TA.WHTX.z -97.4561 31.9913 0.24556342029 0.246888753623
TA.D32A.z -97.0164 47.1354 0.246404509434 0.248668188679
TA.M22A.z -106.596 41.4033 0.246619412371 0.247178835052
TA.BRAL.z -87.0506 31.1687 0.249592307692 0.250227615385
TA.628A.z -102.888 29.4862 0.246847833333 0.247000435897
TA.117A.z -110.739 32.5716 0.24776037931 0.250855396552
TA.E50A.z -80.7378 46.4232 0.244744033898 0.239948050847
TA.645A.z -90.5966 29.4573 0.248023623188 0.247341913043
TA.059A.z -81.144 26.9671 0.246740859375 0.24898159375
TA.F41A.z -89.1046 45.7387 0.248097947368 0.243849842105
TA.PKME.z -69.2917 45.2644 0.24382662963 0.241662722222
TA.J08A.z -118.474 43.358 0.246193652174 0.246296492754
TA.T06C.z -119.709 37.0069 0.247885405405 0.248170594595
TA.R29A.z -101.138 38.4243 0.245107278689 0.245968819672
TA.S50A.z -84.4003 37.679 0.243550951613 0.247536516129
TA.S28A.z -101.898 37.5899 0.248030387097 0.248333241935
TA.R13A.z -113.969 38.1802 0.2465559 0.24424232
TA.T53A.z -82.535 36.9823 0.244751160714 0.246232285714
TA.J04A.z -122.109 43.2406 0.244043652174 0.243844695652
TA.WMOK.z -98.7807 34.7379 0.244756210526 0.243106631579
TA.G13A.z -114.233 45.0931 0.245859948454 0.246486690722
TA.B15A.z -112.562 48.3129 0.247018166667 0.243095240741
TA.L12A.z -115.016 42.146 0.242470444444 0.248589466667
TA.T31A.z -99.6771 37.0977 0.248144095238 0.24401247619
TA.059Z.z -81.4432 26.3373 0.24281175 0.240414220588
TA.W13A.z -113.885 35.099 0.245806884058 0.247397623188
TA.B16A.z -111.707 48.4128 0.244181474576 0.242244745763
TA.S42A.z -90.7939 37.77 0.247167792453 0.246807735849
TA.C15A.z -112.607 47.775 0.248565971014 0.247037724638
TA.W32A.z -99.2458 35.1238 0.247378705882 0.245956264706
TA.N62A.z -73.4677 40.9313 0.247605333333 0.247263333333
TA.B33A.z -95.588 48.2722 0.246878021739 0.247867282609
TA.J62A.z -71.8127 43.2262 0.245503413043 0.249287869565
TA.X45A.z -89.3931 34.4241 0.249549 0.246306476923
TA.J40A.z -90.7406 43.3965 0.243805693548 0.244598983871
TA.Z19A.z -109.266 33.2921 0.246989568182 0.250861545455
TA.U40A.z -92.8535 36.3563 0.244651459016 0.245723786885
TA.H13A.z -114.255 44.5642 0.247282173469 0.247140714286
TA.X60A.z -77.9768 34.5773 0.246933983871 0.247037370968
TA.Y32A.z -99.442 34.0036 0.248909881356 0.244030694915
TA.S54A.z -81.3114 37.7997 0.24606315 0.245400175
TA.N02C.z -123.306 40.822 0.2447614375 0.2436161875
TA.Y19A.z -109.254 33.9571 0.246436333333 0.248102730159
TA.J26A.z -103.075 43.3126 0.247198493333 0.247586733333
TA.DGMT.z -104.196 48.4702 0.248081581818 0.247412036364
TA.453A.z -84.3197 30.8541 0.24725325 0.248063607143
TA.Y56A.z -81.3047 33.7922 0.247224433333 0.249037766667
TA.L36A.z -94.6676 42.1009 0.244961783333 0.242430966667
TA.A06A.z -121.48 49.0983 0.249079804878 0.248331170732
TA.R05C.z -120.076 38.7028 0.239886153846 0.243670346154
TA.B23A.z -104.991 48.4643 0.245975333333 0.244292490196
TA.R55A.z -80.1195 38.2825 0.248048287671 0.249640917808
TA.L33A.z -97.2724 42.1659 0.246885436364 0.246906618182
TA.356A.z -82.1275 31.3247 0.246052852459 0.244859803279
TA.D46A.z -84.0357 46.891 0.241921576923 0.242704
TA.T11A.z -115.22 37.2408 0.246899708333 0.249988875
TA.R60A.z -76.5807 38.2684 0.24468875 0.24294515
TA.S37A.z -94.8279 37.7597 0.248444050847 0.247360338983
TA.F64A.z -68.3496 45.8633 0.245890857143 0.245156460317
TA.N18A.z -109.673 40.9763 0.241235104478 0.241523492537
TA.O35A.z -95.9097 40.2665 0.246563302632 0.245609263158
TA.MIAR.z -93.5765 34.5454 0.247661291139 0.244925898734
TA.O07A.z -118.877 40.1614 0.25046725 0.25107175
TA.E22A.z -105.949 46.4386 0.244512796875 0.2440296875
TA.K43A.z -88.332 42.7044 0.246182765957 0.24675312766
TA.Q23A.z -105.834 38.9045 0.245869858974 0.245074794872
TA.N37A.z -94.2095 40.7582 0.243884450704 0.242508225352
TA.T43A.z -90.2878 37.0833 0.247755350877 0.243544333333
TA.B13A.z -114.468 48.3739 0.243786842697 0.245150820225
TA.V55A.z -81.2149 35.8518 0.244215532468 0.242645766234
TA.O49A.z -84.3353 40.188 0.246792342466 0.247948383562
TA.TUQ.z -115.924 35.4358 0.246818708333 0.249565208333
TA.G42A.z -88.4277 45.2418 0.243088166667 0.246295888889
TA.I21A.z -107.292 43.8122 0.247429779221 0.245260324675
TA.K28A.z -101.367 42.7136 0.248149530303 0.245858060606
TA.FMP.z -118.294 33.7126 0.24829392 0.2502984
TA.I05A.z -121.268 44.1626 0.247189446809 0.248241680851
TA.062Z.z -81.0523 24.7266 0.247095631579 0.244959463158
TA.222A.z -107.101 32.1046 0.24689456338 0.248565760563
TA.J11A.z -115.828 43.4151 0.244330521739 0.241264666667
TA.441A.z -93.1898 30.7498 0.246934015385 0.245912430769
TA.F46A.z -84.7586 45.7737 0.245698960784 0.243799901961
TA.V17A.z -110.794 35.6218 0.244894948718 0.246439589744
TA.FUR.z -116.863 36.4672 0.24700052 0.24507104
TA.VBMS.z -90.5177 32.2185 0.245616933333 0.245076416667
TA.E17A.z -110.858 46.462 0.245264475 0.245022975
TA.I03A.z -123.278 43.9726 0.244030851852 0.244694296296
TA.M26A.z -103.143 41.4661 0.241104485294 0.242046485294
TA.D56A.z -74.7568 47.0485 0.24759577551 0.243126816327
TA.B32A.z -96.5363 48.3951 0.248989078431 0.248270784314
TA.442A.z -92.4314 30.7119 0.246406382353 0.244471661765
TA.BNLO.z -122.173 37.1311 0.242451516129 0.243119741935
TA.220A.z -108.527 31.9041 0.24438272 0.248476013333
TA.I57A.z -75.6599 43.9377 0.245567294118 0.245259843137
TA.R26A.z -103.447 38.3009 0.250224833333 0.248650736111
TA.B18A.z -109.777 48.3943 0.248653936709 0.247286253165
TA.K63A.z -71.5283 42.6888 0.247172946429 0.245996982143
TA.C22A.z -105.884 47.7456 0.24676919403 0.247054567164
TA.L19A.z -109.357 42.1012 0.245108233766 0.24225174026
TA.L65A.z -70.0528 42.0295 0.249492744681 0.248739085106
TA.X50A.z -85.6486 34.4596 0.243492636364 0.245227636364
TA.F25A.z -103.458 45.9256 0.250298443038 0.247124278481
TA.LRAL.z -86.9978 33.0348 0.249621842105 0.245685789474
TA.O44A.z -88.4671 40.1526 0.248199678571 0.244167410714
TA.I08A.z -118.569 43.9104 0.245021306122 0.248949346939
TA.J48A.z -83.7849 43.2986 0.244847253968 0.246385238095
TA.Z55A.z -82.1359 33.2211 0.24375673913 0.241757347826
TA.T35A.z -96.5121 36.9161 0.2483645 0.248584064516
TA.L44A.z -87.9119 42.1782 0.251022448276 0.24906087931
TA.Z45A.z -89.6913 33.3705 0.244372347826 0.245242413043
TA.CBN.z -77.3732 38.2046 0.246388391304 0.246982565217
TA.H34A.z -95.777 44.6673 0.2436878 0.244611266667
TA.L63A.z -71.6095 41.8631 0.245700238095 0.246839738095
TA.A08A.z -119.272 48.9534 0.24230437931 0.244921706897
TA.157A.z -80.9972 32.678 0.245814361111 0.245297763889
TA.G29A.z -99.9234 45.1926 0.246161380952 0.244885936508
TA.S16A.z -111.596 37.7222 0.245584586207 0.247141844828
TA.C30A.z -98.4783 47.7026 0.245124366197 0.246098676056
TA.S13A.z -113.86 37.5808 0.249245362319 0.246808855072
TA.Q61A.z -75.3256 38.8799 0.2463346 0.245698569231
TA.221A.z -107.778 32.0094 0.243497512195 0.245485365854
TA.I26A.z -102.86 44.0309 0.245526166667 0.246015212121
TA.O51A.z -82.6056 40.147 0.242318265625 0.24581184375
TA.P47A.z -86.2699 39.4869 0.244245346939 0.245487612245
TA.H19A.z -108.986 44.6704 0.242854118421 0.243040197368
TA.D47A.z -83.1038 47.0558 0.244474707692 0.243865646154
TA.E26A.z -102.462 46.4712 0.245816328947 0.24292575
TA.X26A.z -103.81 34.5508 0.246428184615 0.244933569231
TA.I07A.z -119.504 44.082 0.246395824561 0.247058175439
TA.229A.z -101.811 31.9671 0.246260865672 0.246203119403
TA.K58A.z -75.6473 42.7633 0.245310037037 0.245768981481
TA.W30A.z -100.577 35.1818 0.245196015625 0.243735046875
TA.D52A.z -78.4117 46.9764 0.244735333333 0.244451
TA.H42A.z -88.5311 44.5091 0.244301661017 0.241814779661
TA.553A.z -84.4317 30.189 0.24685015493 0.246255450704
TA.A30A.z -98.3009 48.9402 0.247996245902 0.247528508197
TA.L60A.z -74.2226 41.989 0.246985672414 0.246398586207
TA.959A.z -80.8791 27.524 0.247495606061 0.245342924242
TA.H38A.z -92.282 44.6753 0.247157606061 0.242962954545
TA.B21A.z -107.017 48.4278 0.245485466667 0.242851916667
TA.F03A.z -123.559 45.9306 0.245239065217 0.245683956522
TA.K56A.z -77.3244 42.6981 0.249034235294 0.24812845098
TA.PAL.z -73.9079 41.0056 0.248134517857 0.246673821429
TA.O02C.z -122.788 40.1767 0.2431740625 0.2427533125
TA.M33A.z -97.195 41.5726 0.249699810345 0.252415155172
TA.150A.z -86.022 32.6067 0.242836944444 0.242085833333
TA.P44A.z -88.6209 39.4676 0.247338163636 0.247120727273
TA.T59A.z -77.5541 36.9716 0.245167474576 0.247957355932
TA.L48A.z -84.4329 41.9438 0.247553037975 0.24665456962
TA.F39A.z -90.919 45.9153 0.249041462963 0.246936925926
TA.SMM.z -119.996 35.3142 0.248962038462 0.247810576923
TA.K19A.z -108.847 42.8247 0.246985529412 0.245756867647
TA.149A.z -86.7916 32.5983 0.247270021277 0.247373531915
TA.E33A.z -96.0054 46.5035 0.245691272727 0.243684272727
TA.L11A.z -115.754 42.1669 0.243770677966 0.246372372881
TA.H62A.z -71.1559 44.5743 0.246597277778 0.245945425926
TA.T32A.z -98.9247 37.1797 0.246868695652 0.247203768116
TA.C19A.z -109.049 47.7343 0.24227212987 0.24150787013
TA.N17A.z -110.834 40.9425 0.248397125 0.246884527778
TA.455A.z -83.026 30.7422 0.246625180556 0.2463265
TA.T55A.z -80.7843 37.117 0.246705466667 0.242841316667
TA.B07A.z -120.12 48.4607 0.24403706383 0.245539340426
TA.W29A.z -101.648 35.1212 0.247565098361 0.246843442623
TA.L55A.z -78.4368 42.1831 0.245948377778 0.246297733333
TA.D06A.z -120.844 47.1935 0.24809745098 0.245161137255
TA.V42A.z -91.39 35.806 0.246398857143 0.2470818
TA.146A.z -89.0573 32.6368 0.247027285714 0.245332492063
TA.J03A.z -122.965 43.3717 0.242101428571 0.241491190476
TA.135A.z -97.4099 32.5573 0.246574757576 0.249776848485
TA.J59A.z -74.5041 43.4647 0.243845836066 0.24532747541
TA.N10A.z -116.508 40.7186 0.247505981132 0.253216622642
TA.G43A.z -87.6861 45.2572 0.245659444444 0.245744644444
TA.Z53A.z -83.5713 33.2801 0.248115763158 0.248608894737
TA.D59A.z -71.8358 47.0073 0.244131753846 0.241274769231
TA.148A.z -87.571 32.6469 0.24443648 0.24498
TA.O16A.z -111.502 40.2067 0.242422 0.240594169231
TA.Z24A.z -105.365 33.3298 0.248736944444 0.246528944444
TA.W47A.z -87.5946 35.2511 0.247438444444 0.249224911111
TA.E61A.z -70.489 46.4312 0.244219631579 0.243975614035
TA.N32A.z -98.2955 40.7639 0.247453148649 0.246717
TA.I24A.z -104.626 43.8594 0.245647266667 0.247948033333
TA.C27A.z -101.503 47.7139 0.249752459016 0.249159147541
TA.D53A.z -77.7001 47.0795 0.243411117647 0.243589568627
TA.452A.z -85.183 30.8492 0.249235125 0.250173979167
TA.G61A.z -71.5273 45.2827 0.24538590566 0.244720320755
TA.T49A.z -85.5334 37.105 0.245885140845 0.245977197183
TA.J06A.z -120.153 43.2515 0.242715777778 0.244043444444
TA.F34A.z -95.2581 45.7954 0.244871204082 0.244886612245
TA.L64A.z -70.8391 41.9359 0.248478411765 0.246248588235
TA.N34A.z -96.5005 40.8378 0.248430014493 0.246715318841
TA.D13A.z -114.459 47.0943 0.24603008642 0.246146962963
TA.248A.z -87.7393 32.094 0.246318560606 0.245138530303
TA.Q44A.z -89.017 38.9032 0.243779918033 0.244073
TA.J10A.z -116.767 43.4275 0.247736308824 0.24404025
TA.H48A.z -83.3249 44.7006 0.246255517857 0.244764285714
TA.M12A.z -114.915 41.4157 0.247858538462 0.246345865385
TA.155A.z -82.4665 32.6219 0.247101926471 0.246748823529
TA.S51A.z -83.5935 37.6392 0.243932525424 0.242493949153
TA.S43A.z -90.0754 37.5716 0.244174815385 0.245035938462
TA.R30A.z -100.277 38.2844 0.2463085 0.245284985294
TA.W59A.z -78.443 35.1673 0.2447796 0.244962116667
TA.Z23A.z -106.232 33.2621 0.241114783784 0.242772675676
TA.C35A.z -93.9763 47.7007 0.248326111111 0.248537518519
TA.S55A.z -80.5013 37.7724 0.24402461039 0.244288701299
TA.M51A.z -82.1831 41.3321 0.247884773333 0.243574706667
TA.W42A.z -91.5224 35.2732 0.243714836364 0.243399672727
TA.A28A.z -100.267 48.9096 0.245356344262 0.245462639344
TA.657A.z -81.8665 29.5852 0.245120510204 0.246100959184
TA.G06A.z -120.635 45.2357 0.244657948276 0.242799103448
TA.F49A.z -82.0423 45.7627 0.24342238961 0.244793688312
TA.152A.z -84.7188 32.6686 0.249077358209 0.250347373134
TA.340A.z -93.8896 31.4167 0.248899936508 0.249371047619
TA.H27A.z -102.077 44.6329 0.250046654545 0.247089763636
TA.Z22A.z -106.964 33.2555 0.243437037037 0.246391222222
TA.B10A.z -117.225 48.2995 0.246956319149 0.245793297872
TA.A19A.z -108.743 48.9286 0.246494666667 0.245508902778
TA.RCT.z -119.244 36.3052 0.25081673913 0.246626086957
TA.V20A.z -108.466 35.7992 0.244803114286 0.243297671429
TA.G18A.z -109.563 45.3171 0.246535383562 0.245877315068
TA.V32A.z -99.0437 35.7202 0.248137916667 0.247402555556
TA.LGU.z -119.066 34.1082 0.250932 0.246239692308
TA.U55A.z -81.0472 36.5023 0.24527758209 0.243936432836
TA.327A.z -103.492 31.3691 0.248483857143 0.246855904762
TA.O03C.z -122.032 39.9971 0.243408607143 0.244203071429
TA.J63A.z -71.0781 43.2792 0.246652490566 0.246863528302
TA.L41A.z -90.4977 42.0751 0.245798791045 0.246065656716
TA.MCWV.z -79.8456 39.6581 0.243906916667 0.241271791667
TA.319A.z -109.281 31.3757 0.248607823529 0.248081044118
TA.Q34A.z -96.9408 38.9214 0.247068277778 0.246678240741
TA.GOGA.z -83.4666 33.4112 0.247420627119 0.246658542373
TA.Q13A.z -114.02 38.9551 0.248128423077 0.248412384615
TA.O33A.z -97.5845 40.0755 0.248957351351 0.248302067568
TA.T24B.z -105.382 37.0624 0.244438827586 0.245664827586
TA.Q56A.z -79.1871 39.041 0.243460428571 0.245061142857
TA.F29A.z -99.8273 45.8336 0.246749933333 0.244774666667
TA.539A.z -94.7236 30.1084 0.2482013125 0.245882979167
TA.T34A.z -97.1883 37.0222 0.2471572 0.248842033333
TA.LONY.z -74.5829 44.6197 0.247606279412 0.247782235294
TA.Q53A.z -81.5251 38.8586 0.246483236111 0.248825986111
TA.H24A.z -104.552 44.7473 0.244639861111 0.244289625
TA.N42A.z -90.0345 40.829 0.249938939394 0.251350181818
TA.I13A.z -114.117 43.9146 0.24464337 0.24347774
TA.P21A.z -107.449 39.524 0.245311084337 0.246550108434
TA.T27A.z -102.721 37.0614 0.245532196429 0.248516375
TA.444A.z -90.7463 30.7153 0.248901107143 0.24635825
TA.I02A.z -123.83 44.0035 0.246530787879 0.249842424242
TA.P20A.z -108.391 39.4998 0.24360804 0.243003346667
TA.R04C.z -120.936 38.2571 0.243827538462 0.247245820513
TA.S14A.z -113.168 37.7601 0.248970449275 0.244491594203
TA.Y22A.z -106.965 33.937 0.250643416667 0.249737233333
TA.O24A.z -105.073 40.1227 0.243127679487 0.244460358974
TA.D09A.z -118.309 47.0615 0.247321098039 0.248633254902
TA.Q47A.z -86.4261 38.9362 0.250321490566 0.249150792453
TA.734A.z -98.5576 28.8473 0.245279411765 0.246241397059
TA.W14A.z -113.083 35.2127 0.244955684211 0.249169368421
TA.O28A.z -101.773 40.1262 0.247018169014 0.247643309859
TA.CBKS.z -99.7374 38.814 0.245415896552 0.248164568966
TA.Y18A.z -110.034 33.7776 0.245149837209 0.246882813953
TA.C06A.z -120.894 47.923 0.247417257143 0.245218114286
TA.Y37A.z -95.621 33.9789 0.248727035714 0.251601125
TA.X15A.z -112.237 34.4866 0.249245648148 0.249147185185
TA.P39A.z -92.7549 39.4877 0.245481636364 0.243334181818
TA.555A.z -82.9666 30.1212 0.251493142857 0.248667047619
TA.K12A.z -114.903 42.636 0.242022714286 0.245497767857
TA.N44A.z -88.1333 40.7953 0.247893232143 0.247170464286
TA.957A.z -82.2357 27.6702 0.245141 0.252042857143
TA.U41A.z -91.9203 36.344 0.246173849057 0.24535309434
TA.J24A.z -104.661 43.3305 0.247676897059 0.246730294118
TA.R16A.z -111.483 38.2843 0.2428174 0.242415153846
TA.P09A.z -117.14 39.5516 0.247169348837 0.248432418605
TA.Z36A.z -96.4344 33.2702 0.2500106 0.24753296
TA.I62A.z -71.3359 43.8743 0.245256467742 0.243589741935
TA.123A.z -106.262 32.6349 0.243833095238 0.246365634921
TA.BINY.z -75.9861 42.1993 0.247526641026 0.248291487179
TA.Z40A.z -93.3995 33.2584 0.249016966102 0.248176152542
TA.SSPA.z -77.8876 40.6358 0.243374263158 0.243770561404
TA.C17A.z -110.763 47.6327 0.245796955882 0.245220941176
TA.435B.z -97.585 30.7827 0.247380787879 0.248417106061
TA.F43A.z -87.1694 45.8313 0.243743863636 0.241328833333
TA.D20A.z -108.136 47.0911 0.244499296875 0.245404890625
TA.MDND.z -99.6029 47.8481 0.246839783333 0.24639345
TA.T21A.z -107.534 36.9914 0.245343813559 0.246119932203
TA.SDCO.z -105.501 37.7456 0.249335 0.242381866667
TA.O19A.z -109.124 40.2982 0.244326752941 0.243335870588
TA.F63A.z -69.1029 45.703 0.2455929 0.2458004
TA.J43A.z -88.4185 43.3808 0.245901816667 0.243977383333
TA.H07A.z -119.565 44.5913 0.24297754 0.24568334
TA.K29A.z -100.318 42.7612 0.248532862069 0.247397793103
TA.RLMT.z -109.267 45.1221 0.246191548387 0.246968709677
TA.F51A.z -79.915 45.9284 0.240004846154 0.242254038462
TA.332A.z -99.7423 31.3829 0.248562089552 0.248526731343
TA.M21A.z -107.364 41.6067 0.245229367647 0.247858338235
TA.N60A.z -75.1 40.8704 0.246545192982 0.247622947368
TA.U29A.z -101.27 36.4519 0.250069272727 0.2478854
TA.S04C.z -121.328 37.5049 0.242471769231 0.244686615385
TA.242A.z -92.1521 32.0617 0.24702975 0.248430411765
TA.V36A.z -95.9425 35.7863 0.247536590909 0.245648636364
TA.223A.z -106.428 32.0062 0.246214157895 0.245576894737
TA.N46A.z -86.7352 40.8949 0.247144019608 0.24438772549
TA.H20A.z -107.999 44.4868 0.245928265823 0.246399379747
TA.U30A.z -100.651 36.5304 0.246191626866 0.246029179104
TA.G54A.z -78.0898 45.3979 0.242213641509 0.242846037736
TA.M14A.z -113.347 41.503 0.245764527273 0.246879309091
TA.Q42A.z -90.5331 38.912 0.245578333333 0.245099409091
TA.L21A.z -107.369 41.9641 0.244520333333 0.245084045455
TA.V35A.z -96.8378 35.7626 0.248277596774 0.248501919355
TA.F36A.z -93.5241 45.8618 0.246423307692 0.246503596154
TA.D63A.z -68.1066 47.037 0.245628964286 0.247307732143
TA.L17A.z -110.873 42.0995 0.244968788462 0.249232596154
TA.E32A.z -97.0701 46.5927 0.249655724138 0.248019448276
TA.060A.z -80.3618 27.0361 0.246021657534 0.245167260274
TA.F40A.z -90.1217 45.919 0.245653953125 0.243792953125
TA.C33A.z -95.7725 47.7586 0.25004224359 0.248426025641
TA.G46A.z -84.8621 45.3176 0.244286519231 0.243612192308
TA.V22A.z -106.909 35.9138 0.246042513158 0.245121184211
TA.454A.z -83.6302 30.7145 0.247889952381 0.24637347619
TA.K30A.z -99.6131 42.6742 0.247043028169 0.246526971831
TA.K10A.z -116.87 42.7779 0.243937333333 0.243989769231
TA.440A.z -93.9587 30.7456 0.250472489362 0.24795693617
TA.I63A.z -70.5809 44.0505 0.248246603448 0.247093534483
TA.MONP2.z -116.422 32.892 0.250647666667 0.248501333333
TA.KSU1.z -96.6094 39.1009 0.245286314286 0.242489914286
TA.L31A.z -98.8387 42.176 0.246122263889 0.245254138889
TA.449A.z -87.2151 30.7596 0.246317306122 0.246243857143
TA.X44A.z -90.1462 34.4998 0.248343966667 0.247143033333
TA.V52A.z -83.5959 35.8417 0.246868476923 0.248134276923
TA.W58A.z -79.2333 35.0208 0.249216848485 0.247849848485
TA.N15A.z -112.52 40.8903 0.245013918605 0.24330994186
TA.C28A.z -100.387 47.7157 0.248234916667 0.247835283333
TA.TZTN.z -83.549 36.5439 0.244980015873 0.245677142857
TA.H29A.z -100.213 44.6261 0.248090178571 0.245058928571
TA.H43A.z -87.7704 44.4697 0.248525478261 0.24646376087
TA.443A.z -91.7809 30.7642 0.247981375 0.2459543125
TA.A17A.z -110.699 48.9448 0.2474395 0.247715796875
TA.E53A.z -77.6638 46.3784 0.240416425532 0.241406765957
TA.451A.z -85.7467 30.616 0.244762844444 0.246456622222
TA.B25A.z -103.161 48.2716 0.247346558824 0.245920279412
TA.W36A.z -96.2264 35.1393 0.248931507463 0.246914238806
TA.H53A.z -78.5832 44.5736 0.241021111111 0.241587822222
TA.122A.z -107.001 32.6995 0.245153 0.247390813559
TA.H58A.z -74.1798 44.4176 0.246730360656 0.24290495082
TA.C04A.z -122.972 47.7172 0.245961315789 0.242131631579
TA.N36A.z -94.9604 40.8156 0.246176333333 0.244143
TA.P23A.z -105.839 39.3741 0.24657442029 0.246279782609
TA.V57A.z -79.7758 35.8875 0.247293940299 0.247679492537
TA.L08A.z -118.344 42.1901 0.245129537037 0.246961055556
TA.ARV.z -118.83 35.1269 0.250367030303 0.251762545455
TA.N19A.z -109.177 40.8936 0.243953315789 0.24549845614
TA.L50A.z -82.8095 42.043 0.245844357143 0.244446042857
TA.236A.z -96.531 31.9997 0.249132694915 0.248877
TA.U13A.z -113.965 36.4151 0.247671973333 0.251426146667
TA.J49A.z -83.1389 43.36 0.246347412698 0.244767333333
TA.B04A.z -123.504 48.0575 0.245133181818 0.243736145455
TA.538A.z -95.49 30.2219 0.248409557143 0.247714042857
TA.B11A.z -116.367 48.4366 0.242519618182 0.242573109091
TA.Y29A.z -101.671 33.8602 0.24705446875 0.2469780625
TA.K25A.z -103.87 42.612 0.24614137037 0.245931
TA.F33A.z -96.2929 45.8398 0.246153884058 0.24600657971
TA.HAST.z -121.551 36.3887 0.247578766667 0.2478128
TA.253A.z -84.1294 32.0612 0.248985257576 0.248530090909
TA.234A.z -98.1368 32.004 0.2453797 0.244661928571
TA.N29A.z -100.626 40.8189 0.247400903226 0.247481967742
TA.O58A.z -76.9228 40.1231 0.245634926471 0.243926308824
TA.M65A.z -70.6466 41.562 0.245062666667 0.246773285714
TA.F24A.z -104.445 45.8452 0.246971435484 0.245981467742
TA.X47A.z -87.8571 34.5178 0.247031612245 0.247026326531
TA.Y13A.z -113.829 33.8142 0.251706980392 0.249430627451
TA.V13A.z -113.984 35.8522 0.247570676923 0.245591430769
TA.S40A.z -92.5014 37.5988 0.246445087719 0.244753526316
TA.G36A.z -93.7509 45.2344 0.245615769231 0.242982576923
TA.Q21A.z -107.574 38.8347 0.242869013514 0.242551797297
TA.GSC.z -116.806 35.3018 0.252219615385 0.257389076923
TA.P22A.z -106.759 39.5952 0.244354833333 0.244545227273
TA.X31A.z -99.9793 34.6309 0.247391986111 0.246997013889
TA.554A.z -83.6836 30.0841 0.24718774 0.24749466
TA.224A.z -105.523 32.076 0.245600684932 0.244929739726
TA.L02A.z -123.602 42.156 0.2467759375 0.250372875
TA.B26A.z -102.234 48.3762 0.246714436364 0.247565563636
TA.N09A.z -117.524 40.852 0.247050069767 0.247034813953
TA.E31A.z -97.8879 46.5583 0.248707339623 0.24553290566
TA.Y36A.z -96.2848 33.8996 0.247359492958 0.247223971831
TA.J19A.z -109.053 43.2649 0.246264666667 0.245177850575
TA.141A.z -92.9049 32.6046 0.246199175676 0.249966486486
TA.R52A.z -82.6443 38.3366 0.246089606061 0.245002560606
TA.T18A.z -109.874 37.1364 0.245922768116 0.244492231884
TA.D60A.z -70.9237 46.9139 0.244362293103 0.24132437931
TA.F59A.z -72.7833 45.8513 0.245915609375 0.243400953125
TA.L28A.z -101.52 42.0073 0.246567820896 0.244626776119
TA.Y16A.z -111.478 33.8798 0.245325595238 0.248204880952
TA.A12A.z -115.653 48.9339 0.244923989362 0.248777021277
TA.A07A.z -120.384 49.048 0.244442295082 0.244962065574
TA.L16A.z -111.432 42.0149 0.247591741379 0.246377844828
TA.L56A.z -77.5591 42.1365 0.246585423729 0.247537932203
TA.U34A.z -97.5354 36.4365 0.2482099 0.246941614286
TA.P14A.z -113.069 39.5906 0.249647884615 0.247532096154
TA.I33A.z -96.7989 44.0475 0.24448759375 0.2444341875
TA.D15A.z -112.52 47.0418 0.248977878788 0.248258292929
TA.X13A.z -113.83 34.5935 0.245372948276 0.247632103448
TA.A05A.z -122.085 48.9983 0.248697666667 0.247518859649
TA.P41A.z -91.0619 39.675 0.245946415094 0.246513754717
TA.R48A.z -85.8714 38.4001 0.24760286 0.24886984
TA.S53A.z -82.1264 37.6815 0.242786123288 0.244563821918
TA.K06A.z -120.251 42.7991 0.244827735294 0.248541588235
TA.L47A.z -85.2021 41.9756 0.247009068182 0.244612227273
TA.O56A.z -78.5663 40.2683 0.244637575758 0.245986621212
TA.I41A.z -89.8697 44.0592 0.242386 0.242862533333
TA.N07B.z -118.971 40.7797 0.246984888889 0.248479733333
TA.T16A.z -111.506 36.9839 0.247177125 0.245116111111
TA.136A.z -96.5297 32.4746 0.246283163265 0.246413510204
TA.R32A.z -98.7111 38.4225 0.246067208333 0.243184819444
TA.JFWS.z -90.2481 42.9142 0.246848510638 0.244006765957
TA.RSSD.z -104.036 44.1212 0.25031062 0.25124904
TA.E34A.z -95.1691 46.5136 0.248243735294 0.245610558824
TA.C03A.z -124.566 47.9475 0.247595175676 0.246702324324
TA.M03C.z -122.122 41.2742 0.245569551724 0.247845413793
TA.O21A.z -107.47 40.2149 0.24118247561 0.242668987805
TA.R56A.z -79.4031 38.4071 0.24620320339 0.245582864407
TA.W52A.z -83.9277 35.0935 0.243499969697 0.24123319697
TA.445A.z -90.338 30.7303 0.249484295775 0.248402211268
TA.A25A.z -103.113 48.9388 0.2485013625 0.2499155
TA.H36A.z -93.9281 44.5775 0.243799089286 0.243521678571
TA.N56A.z -78.2953 40.9171 0.247476545455 0.249179290909
TA.G16A.z -111.805 45.2285 0.248332459016 0.247592459016
TA.X41A.z -92.5137 34.4949 0.245830378788 0.246768060606
TA.V62A.z -75.957 35.5612 0.244455528571 0.243555157143
TA.G23A.z -105.391 45.2012 0.246403153846 0.244103492308
TA.631A.z -100.576 29.4123 0.244629620253 0.243491708861
TA.Z42A.z -91.9474 33.2739 0.247396133333 0.247763283333
TA.P17A.z -110.74 39.473 0.245425753623 0.242459217391
TA.A32A.z -96.4935 48.9172 0.248565707317 0.24864602439
TA.B20A.z -108.021 48.4389 0.246033647059 0.244335926471
TA.D26A.z -102.436 47.0301 0.246397150943 0.243699735849
TA.P05C.z -120.608 39.3028 0.246574571429 0.2416395
TA.P51A.z -83.0601 39.4818 0.246323065789 0.246308315789
TA.A10A.z -117.559 48.9813 0.24529130303 0.246288727273
TA.I15A.z -112.485 43.9997 0.245258466667 0.243560933333
TA.T51A.z -83.9454 36.9655 0.248959533333 0.249286666667
TA.O26A.z -103.313 40.2422 0.249059631579 0.247594236842
TA.K40A.z -91.1383 42.6999 0.244132055556 0.241480462963
TA.P11A.z -115.754 39.553 0.24584878125 0.244485734375
TA.214A.z -112.812 31.9559 0.246075184211 0.245432078947
TA.B12A.z -115.589 48.4694 0.244702758242 0.245659538462
TA.I53A.z -79.5912 43.8238 0.241146857143 0.238852047619
TA.X43A.z -90.8812 34.518 0.249814614035 0.248793666667
TA.124A.z -105.454 32.7001 0.242898695652 0.244847956522
TA.T54A.z -81.5762 37.0608 0.244399892308 0.244283984615
TA.732A.z -99.9707 28.7292 0.2446428 0.244183325
TA.T22A.z -106.903 37.0138 0.243890290909 0.244746581818
TA.Q37A.z -94.4522 38.8763 0.247650674699 0.249181481928
TA.F19A.z -108.944 45.8538 0.242719702703 0.243052527027
TA.C26A.z -102.096 47.8259 0.245087381818 0.242974236364
TA.J15A.z -112.433 43.3998 0.242302283333 0.245533883333
TA.I23A.z -105.463 43.9605 0.2434497 0.242717042857
TA.Q48A.z -85.7311 38.9295 0.244683928571 0.246520285714
TA.Z43A.z -91.2441 33.21 0.247383185185 0.245168222222
TA.Y41A.z -92.6113 33.8807 0.246869027778 0.246755541667
TA.N23A.z -105.944 40.8947 0.246782367647 0.243700058824
TA.133A.z -98.9162 32.6083 0.246789287671 0.24665290411
TA.I38A.z -92.3306 44.0405 0.244228083333 0.24427275
TA.W19A.z -109.388 35.1118 0.246160842105 0.2448585
TA.J05A.z -121.236 43.2843 0.243665236842 0.247062342105
TA.V05C.z -119.903 35.8667 0.24686430303 0.249628727273
TA.S17A.z -110.802 37.6354 0.245497818182 0.243178393939
TA.J42A.z -89.1234 43.3179 0.247028911111 0.245569088889
TA.Z29A.z -101.706 33.2595 0.248268934783 0.249187065217
TA.M08A.z -118.379 41.4483 0.246672069767 0.24678244186
TA.KMSC.z -81.3333 35.142 0.245328955056 0.243409235955
TA.O60A.z -75.405 40.3177 0.24329 0.242011517241
TA.K11A.z -116.032 42.7713 0.244529133333 0.2473722
TA.Y50A.z -85.7347 33.8911 0.246484604167 0.243817895833
TA.Z13A.z -113.657 33.1999 0.251112 0.250683521739
TA.228A.z -102.592 32.118 0.245051451613 0.24431916129
TA.060Z.z -80.556 26.4062 0.243941107692 0.242922046154
TA.134A.z -98.0795 32.5729 0.247299338235 0.248316397059
TA.N63A.z -72.5206 40.9878 0.249235233333 0.248797983333
TA.448A.z -87.8608 30.9309 0.247127696629 0.246821752809
TA.P13A.z -114.016 39.455 0.251129679245 0.250631981132
TA.S49A.z -85.2875 37.7849 0.240716852459 0.240485147541
TA.B17A.z -110.799 48.2921 0.246750257576 0.244499151515
TA.058A.z -81.8049 27.0569 0.243710192308 0.244275923077
TA.T39A.z -93.3774 37.0241 0.244701265306 0.24488755102
TA.N40A.z -91.5837 40.8841 0.247524916667 0.247681395833
TA.T52A.z -82.9852 37.1076 0.246115875 0.244826390625
TA.R57A.z -78.5232 38.297 0.247971946429 0.248699053571
TA.N53A.z -80.8377 40.8065 0.246720130435 0.246079536232
TA.P25A.z -104.168 39.5125 0.245770232877 0.242816109589
TA.I29A.z -100.303 44.0215 0.24808715493 0.246778267606
TA.F42A.z -88.1347 45.7587 0.245208701493 0.246174820896
TA.K52A.z -80.7139 42.7805 0.246335984615 0.2450362
TA.Q22A.z -106.91 38.8627 0.247379125 0.246663763889
TA.HDIL.z -89.294 40.5559 0.24812390625 0.24664609375
TA.526A.z -104.09 30.0609 0.245074358209 0.247168597015
TA.857A.z -82.2291 28.267 0.247738047619 0.248192761905
TA.V45A.z -88.9591 35.7403 0.246894732143 0.24730525
TA.U37A.z -95.1161 36.406 0.248618622951 0.248980836066
TA.E41A.z -88.9636 46.4643 0.245862933333 0.2457815
TA.C34A.z -94.9106 47.6501 0.251608782051 0.251556064103
