TA.324A.z -105.483 31.4425 0.245441711538 0.242003846154
TA.118A.z -109.97 32.6399 0.247225489583 0.249428208333
TA.O10A.z -116.5 40.2917 0.250173009804 0.248308647059
TA.Z17A.z -110.472 33.2969 0.249577620253 0.251658949367
TA.TIGA.z -83.5898 31.4389 0.247644355556 0.2454968
TA.Y22C.z -106.921 34.0741 0.278007 0.269249
TA.M11A.z -115.791 41.4311 0.246975704762 0.246495914286
TA.H14A.z -113.367 44.6165 0.247044106383 0.246841617021
TA.F48A.z -82.6185 45.8278 0.242481566038 0.242815462264
TA.L05A.z -120.834 42.0472 0.250725438596 0.249599614035
TA.Q50A.z -83.979 38.8436 0.243898195402 0.242020931034
TA.U15A.z -112.291 36.428 0.250332352273 0.249005965909
TA.B28A.z -100.362 48.4492 0.244957391304 0.242111804348
TA.B05A.z -122.096 48.2641 0.246171547945 0.243257205479
TA.M47A.z -85.6214 41.3594 0.245418702128 0.244062851064
TA.R50A.z -84.3274 38.2816 0.24467287 0.24486216
TA.W18A.z -109.736 35.1181 0.246600642857 0.246802035714
TA.M04C.z -121.839 41.7826 0.250233023256 0.250097860465
TA.635A.z -97.7736 29.3877 0.247376715909 0.245910068182
TA.A15A.z -112.733 48.9777 0.24373778 0.24320264
TA.EYMN.z -91.4953 47.9462 0.24164158427 0.242607179775
TA.Q26A.z -103.52 38.9234 0.246381895349 0.24620305814
TA.K04A.z -121.731 42.6133 0.247606 0.246144811321
TA.J28A.z -101.236 43.4239 0.245548361702 0.246139
TA.E04A.z -122.72 46.5934 0.24468953125 0.242832796875
TA.F07A.z -119.928 45.8951 0.24818609 0.24895912
TA.S48A.z -86.0569 37.6574 0.243732028986 0.242939173913
TA.D57A.z -73.8878 47.0172 0.244615746269 0.24465441791
TA.D62A.z -69.0501 47.0819 0.246541743902 0.246535158537
TA.X50B.z -85.6499 34.4611 0.248029733333 0.2464733
TA.R10A.z -116.302 38.2886 0.249597230088 0.247630486726
TA.F62A.z -69.9664 45.8968 0.24478138806 0.243149268657
TA.LAVA.z -120.74 38.7552 0.247685290909 0.246227145455
TA.U04C.z -120.783 36.3627 0.247429641509 0.247711113208
TA.N39A.z -92.5023 40.8776 0.246707979592 0.246810663265
TA.O15A.z -112.469 40.2807 0.248481798165 0.248189155963
TA.K07A.z -119.247 42.6912 0.246818303371 0.246247764045
TA.P52A.z -82.1325 39.6337 0.241867933333 0.243716983333
TA.R38A.z -93.9056 38.1868 0.243648424658 0.243135780822
TA.R53A.z -81.9522 38.3307 0.246445433628 0.246946814159
TA.Z31A.z -100.144 33.3183 0.24507224 0.24450898
TA.K42A.z -89.3457 42.7792 0.243691790323 0.241691145161
TA.H33A.z -96.7434 44.6812 0.243514853933 0.242945337079
TA.241A.z -92.9188 32.0227 0.247321504673 0.246886009346
TA.N55A.z -78.9862 40.7808 0.245155058824 0.245312573529
TA.B06A.z -121.484 48.5183 0.24332973494 0.241322939759
TA.Q25A.z -104.247 38.9145 0.245825252525 0.244492959596
TA.J36A.z -94.3395 43.3292 0.242185654321 0.240189814815
TA.D22A.z -106.18 47.1498 0.247165733333 0.246026611111
TA.L35A.z -95.5448 42.1123 0.243603413043 0.243234130435
TA.I37A.z -93.4003 44.0148 0.245535642857 0.243733091837
TA.K46A.z -85.7834 42.6864 0.242683209302 0.240825034884
TA.933A.z -99.2746 27.6133 0.250105546392 0.249856381443
TA.D17A.z -110.687 47.1523 0.247326908046 0.244786609195
TA.Y49A.z -86.4119 33.8577 0.245814738095 0.24411347619
TA.M13A.z -114.165 41.3602 0.247288968421 0.249006663158
TA.R36A.z -95.504 38.3237 0.24464027381 0.242352619048
TA.IRM.z -115.145 34.1574 0.253019444444 0.248078611111
TA.JCT.z -99.8022 30.4794 0.244449367816 0.244583712644
TA.V27A.z -102.836 35.7569 0.244018452055 0.242120479452
TA.J20A.z -108.084 43.3531 0.246979180952 0.24635932381
TA.SNCC.z -119.524 33.2479 0.244782142857 0.24838
TA.Q11A.z -115.654 38.8455 0.246878666667 0.248503957265
TA.H57A.z -75.3905 44.4624 0.243436 0.2410834
TA.233A.z -98.8998 32.0179 0.24482556044 0.243018703297
TA.Y42A.z -91.7871 33.8364 0.245753611765 0.246174552941
TA.O54A.z -80.3778 40.1821 0.246431228571 0.242362928571
TA.226A.z -104.101 32.0618 0.249575770833 0.247169270833
TA.330A.z -101.175 31.4063 0.245004731959 0.243547020619
TA.W34A.z -97.7733 35.2352 0.247788 0.243938392857
TA.121A.z -107.785 32.5324 0.246859017544 0.247362236842
TA.733A.z -99.2939 28.7192 0.245706456522 0.246596369565
TA.K09A.z -117.725 42.6996 0.250433964706 0.251170541176
TA.V21A.z -107.638 35.8054 0.2464018 0.248142652632
TA.TUL1.z -95.7919 35.9104 0.244501943182 0.245356897727
TA.M59A.z -75.4321 41.5413 0.244529118421 0.244560868421
TA.P16A.z -111.66 39.6092 0.247688389474 0.249390157895
TA.116A.z -111.704 32.5618 0.24960504878 0.250462853659
TA.G26A.z -102.599 45.2937 0.242474322222 0.241448755556
TA.545A.z -90.4894 30.0441 0.250562045455 0.249705545455
TA.I61A.z -72.2087 43.9323 0.245040054795 0.243664219178
TA.V54A.z -81.9478 35.7771 0.243872027778 0.242703074074
TA.F08A.z -118.777 45.7971 0.2450846 0.244397178947
TA.K35A.z -95.2328 42.7218 0.241090752577 0.240323515464
TA.R31A.z -99.5271 38.2888 0.246277930233 0.245057744186
TA.W15A.z -112.267 35.1787 0.249817776596 0.249544159574
TA.428A.z -102.685 30.7263 0.248931804348 0.24714825
TA.M54A.z -79.6647 41.5079 0.244128698795 0.241826457831
TA.BLA.z -80.4205 37.2113 0.245999894118 0.243280658824
TA.D05A.z -121.989 47.1881 0.251124567901 0.248238506173
TA.154A.z -83.1066 32.6131 0.242677454545 0.243574987013
TA.N25A.z -104.087 40.8132 0.247483271028 0.24771282243
TA.I28A.z -101.169 43.9996 0.242747174419 0.242180965116
TA.R18A.z -109.894 38.3862 0.24735605 0.24483623
TA.D14A.z -113.506 47.0816 0.248779303448 0.247723641379
TA.E36A.z -93.2557 46.5177 0.244927657143 0.242567428571
TA.I59A.z -73.8744 43.7957 0.245729777778 0.245983382716
TA.345A.z -90.0309 31.308 0.250333241379 0.249557712644
TA.E47A.z -83.2777 46.4547 0.242227786517 0.243145977528
TA.G15A.z -112.489 45.166 0.246984030534 0.247866656489
TA.542A.z -92.5513 30.1247 0.247512518072 0.247813
TA.127A.z -103.357 32.6764 0.247748257143 0.245335704762
TA.F44A.z -86.4226 45.9737 0.242185957143 0.241394014286
TA.C31A.z -97.7336 47.7927 0.243977135135 0.242542094595
TA.Y40A.z -93.2798 34.0124 0.246139202247 0.245033359551
TA.IBP.z -116.093 32.6611 0.266293 0.255559
TA.IBP.z -116.093 32.6612 0.247217636364 0.244749318182
TA.X20A.z -108.498 34.5421 0.246760950495 0.248016663366
TA.M43A.z -88.9581 41.4365 0.246566189189 0.247002391892
TA.G32A.z -97.4994 45.2555 0.24252146988 0.242246554217
TA.E55A.z -76.0572 46.4538 0.241296160494 0.240983407407
TA.OXF.z -89.4092 34.5118 0.242684697674 0.243129627907
TA.456A.z -82.0223 30.7248 0.245828612245 0.24507372449
TA.V53A.z -82.8124 35.6694 0.245003951807 0.244639216867
TA.U49A.z -85.7796 36.5129 0.245676567901 0.246450876543
TA.H59A.z -73.6905 44.6455 0.248134873418 0.248101481013
TA.Y17A.z -110.844 33.6953 0.250658927711 0.24880426506
TA.D24A.z -104.327 47.1152 0.24563375641 0.244715782051
TA.MUR.z -117.195 33.6 0.247764428571 0.250153542857
TA.P33A.z -97.6946 39.4363 0.244903968421 0.245099084211
TA.N48A.z -85.0271 40.8591 0.24294237234 0.240847914894
TA.LBNH.z -71.9259 44.2401 0.244070136986 0.24273
TA.K37A.z -93.6388 42.7669 0.240599422222 0.238598266667
TA.G08A.z -118.96 45.2904 0.247314495238 0.246509819048
TA.M19A.z -109.157 41.5047 0.245490536842 0.241897263158
TA.F20A.z -108.149 45.8006 0.243587460784 0.243668205882
TA.D37A.z -92.4262 47.1581 0.243609421053 0.242025013158
TA.I58A.z -74.9733 43.6901 0.245509675325 0.246299207792
TA.ACSO.z -82.982 40.2319 0.247521677083 0.246226197917
TA.W24A.z -105.408 35.2106 0.246648777778 0.247183711111
TA.X46A.z -88.5844 34.5564 0.241086315789 0.241264491228
TA.F58A.z -73.8145 45.8663 0.243591845238 0.24244627381
TA.CCM.z -91.2446 38.0557 0.244267808511 0.243461659574
TA.758A.z -81.1996 28.9621 0.246818677419 0.246955193548
TA.P50A.z -83.7988 39.6086 0.243661981481 0.242224490741
TA.U16A.z -111.13 36.1428 0.247390641509 0.24841295283
TA.I12A.z -115.133 43.7945 0.244553378378 0.244201171171
TA.SBC.z -119.715 34.4408 0.250583054054 0.249828351351
TA.A11A.z -116.363 48.958 0.245716654762 0.248938940476
TA.C25A.z -103.256 47.7124 0.244364444444 0.243517123457
TA.Y30A.z -100.898 33.8766 0.245635064516 0.246947301075
TA.G33A.z -96.4383 45.1946 0.245148170213 0.244160755319
TA.P42A.z -90.3443 39.5853 0.242184157895 0.242796144737
TA.D61A.z -70.1868 47.2022 0.247015696629 0.246927786517
TA.M60A.z -74.625 41.3265 0.24465238961 0.243491727273
TA.D41A.z -88.5657 47.0605 0.241076589744 0.240215512821
TA.M07A.z -119.171 41.3884 0.249042807229 0.251322554217
TA.A27A.z -101.241 48.9533 0.246280462366 0.245629387097
TA.M10A.z -116.54 41.522 0.248286647059 0.250936401961
TA.AMTX.z -101.681 34.8837 0.247319840909 0.247391840909
TA.J14A.z -113.518 43.3234 0.248356425532 0.250318382979
TA.R25A.z -104.283 38.1474 0.244744363636 0.243749535354
TA.I04A.z -122.411 43.7941 0.248720327586 0.247550137931
TA.B27A.z -101.26 48.4044 0.242229276316 0.239914039474
TA.A22A.z -105.915 48.9926 0.245669488372 0.24477605814
TA.K20A.z -108.342 42.6579 0.246340340206 0.244213453608
TA.U43A.z -90.4057 36.3693 0.243632166667 0.245795611111
TA.SCI2.z -118.547 32.9799 0.250634852941 0.251418382353
TA.G60A.z -72.3337 45.0977 0.242208666667 0.241167935897
TA.D33A.z -95.8448 47.1404 0.242237921875 0.242165921875
TA.I25A.z -103.732 44.0196 0.244080225806 0.244164709677
TA.859A.z -80.8984 28.0592 0.245954701299 0.244429363636
TA.V44A.z -89.8954 35.8282 0.243101650602 0.244212493976
TA.X23A.z -106.188 34.581 0.249373239583 0.2490455625
TA.120A.z -108.633 32.5466 0.248593790476 0.248248819048
TA.J58A.z -75.2852 43.3603 0.245217807229 0.244253554217
TA.O31A.z -99.3261 40.1521 0.244890861702 0.244428031915
TA.J54A.z -78.6392 43.2728 0.244841057143 0.244428442857
TA.DWPF.z -81.4327 28.1103 0.244833049383 0.245323679012
TA.142A.z -91.9457 32.5488 0.247718445652 0.248524597826
TA.S45A.z -88.5804 37.6774 0.244596137255 0.244084068627
TA.Y25A.z -104.693 33.9229 0.247444802198 0.247461131868
TA.ABTX.z -99.6431 32.6238 0.243820341085 0.241813449612
TA.T15A.z -112.382 37.0183 0.249813817391 0.248724834783
TA.T48A.z -86.3943 37.1094 0.243548 0.240627421875
TA.F23A.z -105.406 45.7212 0.245577851852 0.244151358025
TA.P10A.z -116.464 39.6202 0.24652169697 0.247498818182
TA.E58A.z -73.2771 46.3721 0.242247256757 0.239920013514
TA.151A.z -85.3267 32.5269 0.246433984375 0.24559125
TA.J23A.z -105.552 43.4036 0.245943622642 0.245370962264
TA.T60A.z -76.7349 37.1397 0.244058540816 0.243191102041
TA.D58A.z -72.8826 47.0954 0.242269746667 0.241794893333
TA.R27A.z -102.798 38.2859 0.247019625 0.245834083333
TA.ERPA.z -79.9891 42.1175 0.244150744681 0.244122191489
TA.C16A.z -111.746 47.8012 0.245130029703 0.244472306931
TA.BGNE.z -98.1502 41.4083 0.243485450382 0.242661206107
TA.GLA.z -114.827 33.0515 0.252592709677 0.250670677419
TA.O32A.z -98.2764 40.261 0.24332209901 0.241887108911
TA.Z37A.z -95.6229 33.1981 0.250189275862 0.249014051724
TA.D25A.z -103.32 47.1508 0.241897423529 0.241756141176
TA.L30A.z -99.7196 41.9492 0.24643125 0.245472977273
TA.G10A.z -117.12 45.2925 0.243640333333 0.24207328125
TA.J33A.z -96.9667 43.3185 0.242820589744 0.243730833333
TA.W39A.z -93.784 35.196 0.244272970874 0.244370048544
TA.H56A.z -76.2594 44.593 0.242426388889 0.243652625
TA.Y23A.z -106.055 33.9315 0.245984819149 0.246221978723
TA.V43A.z -90.5443 35.7857 0.244048794118 0.244427735294
TA.638A.z -95.4481 29.4193 0.247175382353 0.243436029412
TA.DVT.z -116.101 32.6591 0.2379415 0.2334695
TA.V56A.z -80.4963 35.8097 0.243764982143 0.243425285714
TA.N52A.z -81.6876 40.8125 0.242694633333 0.240668511111
TA.S61A.z -75.6727 37.6804 0.245314013158 0.243908302632
TA.D50A.z -79.8412 47.1668 0.242464864407 0.244609474576
TA.LAO.z -106.223 46.6885 0.248576782609 0.246067869565
TA.450A.z -86.5863 30.8038 0.243579833333 0.244518983333
TA.F55A.z -76.351 45.8338 0.241578462687 0.241853820896
TA.N41A.z -90.8552 40.7077 0.243391987654 0.241089074074
TA.G11A.z -116.268 45.3997 0.246309446809 0.243928308511
TA.M53A.z -80.675 41.4393 0.243636322917 0.242794875
TA.252A.z -84.7357 31.9962 0.246098550562 0.243183078652
TA.I20A.z -108.128 43.9496 0.244858568627 0.243511245098
TA.X35A.z -96.9731 34.3995 0.245517012346 0.24502562963
TA.833A.z -99.3939 28.3236 0.245986655914 0.24513688172
TA.I49A.z -82.8246 43.94 0.244595466667 0.244018388889
TA.P36A.z -95.206 39.6204 0.243310735632 0.24212945977
TA.T14A.z -113.084 37.0615 0.24936211215 0.251961869159
TA.129A.z -101.866 32.6309 0.245792380952 0.243484761905
TA.O55A.z -79.3041 40.2076 0.245365842105 0.248036719298
TA.LRL.z -117.682 35.4795 0.246783818182 0.246403727273
TA.334A.z -98.2379 31.3325 0.244325822917 0.24190228125
TA.W21A.z -107.648 35.117 0.246594836538 0.248872423077
TA.Z50A.z -85.9226 33.254 0.246081180556 0.246726777778
TA.Z21A.z -107.671 33.3086 0.2443767625 0.2469003125
TA.V23A.z -106.183 35.7452 0.245464882353 0.245653205882
TA.D29A.z -99.5957 47.0605 0.243477381579 0.241391789474
TA.W38A.z -94.5184 35.0704 0.246496166667 0.244800051282
TA.F13A.z -114.332 45.7893 0.246542934307 0.245814766423
TA.Y47A.z -87.8494 33.9025 0.247138178082 0.246006082192
TA.V40A.z -92.8232 35.8044 0.245059966292 0.243731123596
TA.Q40A.z -92.0748 38.9946 0.243831924051 0.242272772152
TA.E05A.z -121.761 46.5605 0.24780825 0.247917683333
TA.M50A.z -83.0428 41.4035 0.243740119565 0.242970130435
TA.W16A.z -111.532 35.0951 0.251077072165 0.250066134021
TA.F14A.z -113.37 45.8122 0.246458832 0.247203952
TA.D28A.z -100.569 47.1929 0.242297376471 0.241467094118
TA.Y27A.z -103.163 33.8839 0.247611510204 0.246898061224
TA.J27A.z -102.007 43.2526 0.242854117647 0.244252882353
TA.556A.z -82.4057 30.0015 0.247008573333 0.245844666667
TA.J37A.z -93.5527 43.3103 0.242568957447 0.240118648936
TA.231A.z -100.316 31.9353 0.243517395349 0.241632616279
TA.145A.z -89.9287 32.6035 0.24855929703 0.246379138614
TA.627A.z -103.389 29.4528 0.246772610526 0.247554463158
TA.C11A.z -116.256 47.8397 0.244594142857 0.244274956044
TA.W33A.z -98.4686 35.1518 0.246819061856 0.245310917526
TA.E60A.z -71.4469 46.3689 0.241043333333 0.240205833333
TA.G17A.z -110.74 45.3212 0.246349550562 0.246845314607
TA.439A.z -94.766 30.7937 0.246333926471 0.245197117647
TA.K24A.z -104.815 42.7225 0.243967057143 0.244242009524
TA.CIA.z -118.415 33.4019 0.248503875 0.2486339
TA.Y45A.z -89.5431 33.8656 0.247474328947 0.246583460526
TA.H16A.z -111.248 44.7038 0.244646604167 0.2463191875
TA.C24A.z -104.425 47.5302 0.245692620253 0.245055291139
TA.Y39A.z -94.0936 33.938 0.245730746988 0.244606722892
TA.S41A.z -91.7458 37.5877 0.244256986842 0.243969960526
TA.F52A.z -79.3227 45.7951 0.242244138462 0.242598738462
TA.MNTX.z -105.382 31.6985 0.2403024 0.247907
TA.Q39A.z -92.9759 39.0455 0.244347972603 0.24357239726
TA.GMR.z -115.66 34.7846 0.252435852941 0.252449676471
TA.F06A.z -120.782 45.7664 0.251161633803 0.252245070423
TA.V48A.z -86.8219 35.74 0.244220267442 0.243796569767
TA.K23A.z -105.625 42.7546 0.245565130435 0.244290543478
TA.E20A.z -108.13 46.5038 0.245696639175 0.244250969072
TA.H32A.z -97.4363 44.5041 0.242267282353 0.240894152941
TA.K21A.z -107.251 42.6332 0.245175975904 0.24454646988
TA.M35A.z -95.6945 41.4665 0.245366116279 0.243069604651
TA.A18A.z -109.846 48.9198 0.245390125 0.24364396875
TA.W49A.z -86.2645 35.1194 0.245104654762 0.243731202381
TA.329A.z -101.981 31.487 0.243795550562 0.24198541573
TA.J02A.z -123.575 43.3654 0.253726745098 0.251675803922
TA.N12A.z -115.039 40.8522 0.249976315789 0.250666284211
TA.K32A.z -97.9723 42.6597 0.244763675325 0.244081116883
TA.436A.z -96.796 30.7702 0.247793869565 0.2486195
TA.636A.z -97.057 29.481 0.246708956044 0.246039835165
TA.O36A.z -94.9645 40.1315 0.242009342105 0.241114736842
TA.138A.z -95.0887 32.6604 0.252829860759 0.251317658228
TA.P31A.z -99.3783 39.5211 0.246188247191 0.245649044944
TA.X58A.z -79.3388 34.5548 0.243558642857 0.244821614286
TA.Y52A.z -84.0626 33.864 0.245248164384 0.243043575342
TA.339A.z -94.556 31.3331 0.248758911392 0.251265848101
TA.X38A.z -94.8288 34.6692 0.243034702703 0.243380108108
TA.S25A.z -104.435 37.6606 0.247987767677 0.246051646465
TA.I30A.z -99.4262 43.9143 0.245085216216 0.245381662162
TA.R20A.z -108.379 38.1888 0.246395714286 0.24654177551
TA.W43A.z -90.7061 35.0877 0.2470539 0.24799375
TA.G20A.z -108.214 45.2202 0.244029102041 0.243378459184
TA.F04A.z -122.419 45.9325 0.245267826667 0.244661973333
TA.H08A.z -118.67 44.5191 0.24705818018 0.248511441441
TA.L42A.z -89.667 42.004 0.242432684932 0.240953972603
TA.115A.z -112.228 32.7006 0.249401695652 0.251651956522
TA.N51A.z -82.3748 40.9183 0.242540781513 0.242453310924
TA.SWS.z -115.8 32.9451 0.250210125 0.251339375
TA.M15A.z -112.448 41.4632 0.247686438462 0.246587323077
TA.C14A.z -113.747 47.7687 0.245469285714 0.244174907143
TA.B31A.z -97.6495 48.4236 0.245618916667 0.243689833333
TA.O47A.z -86.1742 40.2361 0.244489567164 0.24516061194
TA.L32A.z -98.008 42.0045 0.243525444444 0.241424617284
TA.L46A.z -86.2955 42.0127 0.243904361446 0.243206445783
TA.114A.z -112.883 32.7513 0.247263520833 0.246598083333
TA.527A.z -103.612 30.1456 0.245408621053 0.245728063158
TA.D10A.z -117.276 47.0547 0.24215225 0.241483021739
TA.U61A.z -76.4464 36.3319 0.246294353535 0.244299040404
TA.E12A.z -115.571 46.4151 0.247687906667 0.244446386667
TA.G34A.z -95.638 45.2419 0.243634375 0.242141863636
TA.Y24A.z -105.436 33.9257 0.24561508046 0.246663275862
TA.C23A.z -105.184 47.8026 0.24463125641 0.245333961538
TA.M64A.z -71.2102 41.5509 0.244544234375 0.24347128125
TA.D27A.z -101.525 47.1081 0.246408117021 0.245502074468
TA.Z28A.z -102.387 33.2884 0.247443859375 0.244197359375
TA.E40A.z -89.8991 46.4446 0.245559622951 0.244218196721
TA.I40A.z -90.6177 43.8916 0.241115180556 0.240740375
TA.I39A.z -91.5231 43.8543 0.241810325301 0.241660024096
TA.232A.z -99.6469 31.888 0.244771146067 0.242404022472
TA.M28A.z -101.371 41.3956 0.245901 0.244512648936
TA.S52A.z -83.0784 37.6791 0.244904252525 0.242749616162
TA.Z34A.z -97.9158 33.3712 0.246032327586 0.247023793103
TA.347A.z -88.5412 31.4017 0.247646621053 0.246621936842
TA.X54A.z -82.3743 34.5474 0.244514242991 0.243697504673
TA.W60A.z -77.7133 35.0528 0.245121865854 0.245803743902
TA.530A.z -101.338 30.1489 0.242487857143 0.243054142857
TA.M56A.z -78.1826 41.4837 0.245743197531 0.24348791358
TA.I64A.z -69.6347 43.9197 0.242543541667 0.242174333333
TA.O48A.z -85.1553 40.2571 0.243012145833 0.24228540625
TA.S34A.z -97.1111 37.7009 0.246283061728 0.245254296296
TA.J30A.z -99.4922 43.3248 0.246573042105 0.244000578947
TA.O17A.z -110.738 40.1948 0.247138333333 0.244289533333
TA.I36A.z -94.0143 44.0191 0.244878505618 0.243483404494
TA.L58A.z -75.8502 42.0447 0.243014756757 0.242518040541
TA.I19A.z -108.994 44.0363 0.245203546296 0.244492796296
TA.K26A.z -103.178 42.7016 0.243517470588 0.242851519608
TA.533A.z -99.0351 30.0718 0.244360245098 0.245447745098
TA.R06C.z -119.451 38.5226 0.248782482759 0.249134333333
TA.U48A.z -86.5402 36.5107 0.244587077922 0.245794467532
TA.246A.z -89.1286 32.0143 0.246568298851 0.244942034483
TA.X18A.z -109.95 34.5293 0.249213242424 0.250197040404
TA.217A.z -110.816 31.7748 0.24767859375 0.247677395833
TA.K60A.z -73.8886 42.6168 0.247298260274 0.247024876712
TA.656A.z -82.5348 29.3689 0.245424804598 0.246766804598
TA.C10A.z -117.308 47.8192 0.244798133333 0.242106122222
TA.J41A.z -90.0137 43.3655 0.243914844444 0.242918066667
TA.E63A.z -68.422 46.422 0.244591219178 0.245647616438
TA.S33A.z -98.0016 37.5936 0.245102555556 0.246200864198
TA.F35A.z -94.5734 45.858 0.242665236842 0.241308289474
TA.V12A.z -114.851 35.7266 0.252189580952 0.251802438095
TA.O06A.z -119.827 40.165 0.250866507042 0.250405211268
TA.T47A.z -87.1055 36.9881 0.243724108108 0.242204527027
TA.F10A.z -117.228 45.9734 0.245041526882 0.243247827957
TA.M30A.z -99.8723 41.5371 0.244063717949 0.244986064103
TA.P27A.z -102.578 39.5559 0.245175395349 0.243898872093
TA.Q33A.z -97.8327 38.9982 0.246451114943 0.248007724138
TA.N33A.z -97.4506 40.7384 0.242765930233 0.242074848837
TA.K61A.z -73.2676 42.6695 0.246189093023 0.246301081395
TA.Q38A.z -93.6182 38.9609 0.245522492308 0.243949184615
TA.M31A.z -98.9766 41.344 0.244473235294 0.243647811765
TA.P35A.z -96.0188 39.5286 0.24575121519 0.247110468354
TA.M44A.z -88.0432 41.3882 0.244364414634 0.243204756098
TA.156A.z -81.495 32.6542 0.245696102564 0.245731179487
TA.Z14A.z -112.946 33.3627 0.251100785714 0.249241345238
TA.SCIA.z -93.2153 41.9069 0.243048708333 0.246026083333
TA.D18A.z -109.802 47.1961 0.245291967391 0.244797554348
TA.125A.z -104.657 32.6588 0.244060641304 0.244703630435
TA.P57A.z -78.0126 39.4835 0.243599619048 0.242452619048
TA.X27A.z -103.097 34.6469 0.248529714286 0.248106622449
TA.X52A.z -83.8938 34.6032 0.244868534884 0.244679488372
TA.K34A.z -96.0957 42.6865 0.2430580875 0.2420389125
TA.I60A.z -73.2916 43.844 0.246799753247 0.245735935065
TA.L37A.z -93.7546 42.1246 0.240990215909 0.240903590909
TA.W37B.z -95.4316 35.139 0.245464566038 0.244395716981
TA.Q46A.z -87.3575 39.0231 0.2426974625 0.240637425
TA.433A.z -99.091 30.7544 0.247699322917 0.245688729167
TA.P58A.z -77.3005 39.4891 0.245132817073 0.244475634146
TA.E39A.z -90.5557 46.3777 0.246159213115 0.242579508197
TA.R22A.z -106.756 38.2289 0.24794525 0.247296231481
TA.K33A.z -97.0012 42.6052 0.24366 0.242830111111
TA.Q15A.z -112.379 38.9995 0.249040244186 0.249132651163
TA.B22A.z -105.996 48.3008 0.24628795 0.2462208
TA.M46A.z -86.3524 41.4079 0.243106675676 0.243354594595
TA.Y43A.z -90.9285 33.9121 0.247542630952 0.246633083333
TA.V03C.z -121.236 36.0214 0.249470017544 0.248625280702
TA.A21A.z -106.925 48.9912 0.248446658537 0.246444646341
TA.341A.z -93.1681 31.3334 0.24870356383 0.249252989362
TA.L09A.z -117.667 42.0192 0.246510753086 0.247398864198
TA.K17A.z -110.92 42.7507 0.247982207792 0.242834
TA.254A.z -83.2905 31.9457 0.247683170213 0.246932042553
TA.J47A.z -84.8214 43.2382 0.243690602151 0.244856709677
TA.257A.z -81.0261 31.9746 0.245536774194 0.245019537634
TA.Q52A.z -82.2669 38.9622 0.243677408333 0.245448875
TA.ISA.z -118.474 35.6628 0.246747151515 0.247318454545
TA.M52A.z -81.357 41.5405 0.242503089888 0.241695921348
TA.W41A.z -92.2478 35.1736 0.250816809524 0.249810428571
TA.WCI.z -86.2939 38.2289 0.24540745 0.246966408333
TA.I09A.z -117.741 43.9733 0.247346157407 0.246252175926
TA.C36A.z -92.8378 47.758 0.246229465116 0.247482267442
TA.320A.z -108.528 31.3369 0.246140626263 0.245844363636
TA.128A.z -102.485 32.6213 0.247328663043 0.246105217391
TA.Q58A.z -77.682 38.9413 0.243672282353 0.2429036
TA.AAM.z -83.6567 42.3012 0.24783672449 0.245704091837
TA.BFS.z -117.659 34.2388 0.246586864865 0.247847702703
TA.M39A.z -92.1725 41.4786 0.243287515464 0.242901247423
TA.H02A.z -124 44.6764 0.248265080645 0.247201064516
TA.Q19A.z -109.263 38.9553 0.24599709901 0.244390772277
TA.M61A.z -73.7673 41.3104 0.244487521739 0.241317942029
TA.F60A.z -71.9514 45.9688 0.241304507246 0.238490376812
TA.T38A.z -94.293 37.0354 0.242475940476 0.241897869048
TA.T13A.z -113.907 37.0195 0.249643849558 0.253744982301
TA.216A.z -111.457 32.0022 0.250769941748 0.250619524272
TA.T50A.z -84.8384 37.0204 0.247141555556 0.2468367
TA.L24A.z -104.933 42.0432 0.244458255102 0.244678510204
TA.V50A.z -85.1 35.6713 0.245146078947 0.242426
TA.NHSC.z -80.1778 33.1067 0.243979168421 0.243071568421
TA.ISCO.z -105.613 39.7997 0.245941846154 0.244958115385
TA.E43A.z -86.9954 46.3758 0.242923688889 0.242779044444
TA.E59A.z -72.5108 46.4803 0.239449417722 0.238931278481
TA.P08A.z -118.08 39.6946 0.251545910256 0.251200358974
TA.V51A.z -84.3511 35.8033 0.244728413793 0.245718114943
TA.U12A.z -114.539 36.4321 0.249619783784 0.252625756757
TA.218A.z -110.046 31.9737 0.247607876289 0.249009783505
TA.G21A.z -107.207 45.225 0.245080836735 0.244014040816
TA.T37A.z -94.9176 37.123 0.243837178082 0.24575639726
TA.K38A.z -92.7709 42.6472 0.242448915789 0.240815821053
TA.X36A.z -96.352 34.5704 0.2470417 0.2453662125
TA.Y21A.z -107.674 34.0087 0.251088223404 0.251279829787
TA.S12A.z -114.849 37.6083 0.251037425926 0.250454759259
TA.Q49A.z -84.8956 39.005 0.24356757732 0.242652793814
TA.I35A.z -94.9829 43.8565 0.242636753086 0.242404037037
TA.T40A.z -92.5193 37.1504 0.243922866667 0.244094133333
TA.U28A.z -102.224 36.3793 0.245135059701 0.24667261194
TA.D36A.z -93.1645 47.1765 0.243920356322 0.24275191954
TA.Y15A.z -112.333 33.9535 0.250608333333 0.253360727273
TA.V33A.z -98.2862 35.8209 0.248070353659 0.247092829268
TA.PDM.z -114.142 34.3034 0.247685777778 0.247162361111
TA.W50A.z -85.3119 35.2002 0.244539034483 0.245961045977
TA.R14A.z -113.021 38.2987 0.246230219048 0.248606428571
TA.Q04C.z -121.377 38.839 0.254180781818 0.254096327273
TA.F38A.z -91.8775 45.9588 0.247623472222 0.245416319444
TA.E15A.z -112.641 46.4246 0.244458822222 0.244082296296
TA.S26A.z -103.471 37.6216 0.24704390625 0.245619635417
TA.Q36A.z -95.4609 38.9612 0.244053055556 0.242140444444
TA.S57A.z -78.9536 37.7605 0.243932807229 0.243455313253
TA.Y48A.z -87.1696 33.9131 0.24450259375 0.242111375
TA.C21A.z -107.096 47.8264 0.245983473118 0.244451806452
TA.S38A.z -93.9078 37.6304 0.244322597403 0.242945792208
TA.Z58A.z -79.8129 33.3349 0.248260086957 0.246790391304
TA.R33A.z -97.9842 38.3081 0.247439285714 0.245663428571
TA.H09A.z -117.664 44.6653 0.245275735294 0.246938176471
TA.E14A.z -113.493 46.4162 0.246189484615 0.246427623077
TA.T41A.z -91.7636 37.0436 0.242276670732 0.241150756098
TA.F17A.z -110.659 45.9054 0.244755821053 0.244784957895
TA.D08A.z -118.921 47.0573 0.247270315789 0.248504157895
TA.331A.z -100.427 31.3085 0.244692255814 0.242489244186
TA.Q20A.z -108.296 38.9541 0.243773527778 0.244926833333
TA.EDW2.z -117.994 34.8811 0.248557342857 0.2475398
TA.G24A.z -104.416 45.328 0.243365067416 0.242003516854
TA.R09A.z -117.072 38.2397 0.251327337349 0.249707518072
TA.T33A.z -98.2444 37.0824 0.244158144444 0.243792111111
TA.Z38A.z -94.9851 33.2599 0.249812943396 0.250021962264
TA.N59A.z -75.7703 40.9168 0.247563786667 0.24717692
TA.Q31A.z -99.395 39.0048 0.245324454545 0.244332238636
TA.H35A.z -94.8311 44.6985 0.244749011905 0.242421678571
TA.N31A.z -98.9544 40.8235 0.242792727273 0.241142125
TA.Y46A.z -88.8577 33.8828 0.245714630137 0.243587041096
TA.F57A.z -74.6928 45.8122 0.243656686747 0.242495831325
TA.K13A.z -114.084 42.6493 0.250223414414 0.250937648649
TA.U18A.z -109.87 36.4199 0.2497346 0.2489621
TA.I51A.z -81.0231 43.8036 0.244390461538 0.242397659341
TA.F12A.z -115.255 45.7565 0.246672893617 0.244824283688
TA.255A.z -82.4758 31.9263 0.246037578313 0.245641325301
TA.W45A.z -89.186 35.1568 0.243596386667 0.244823293333
TA.D55A.z -75.4732 47.019 0.243005977011 0.24049954023
TA.U17A.z -110.662 36.5996 0.245588270833 0.24630559375
TA.Z49A.z -86.5311 33.1942 0.24370080597 0.24296958209
TA.K05A.z -120.893 42.7258 0.247303642857 0.247038857143
TA.H05A.z -121.227 44.6473 0.249585453333 0.24756036
TA.E52A.z -78.6569 46.2851 0.239569266667 0.240645916667
TA.MSTX.z -102.772 33.9696 0.248808942149 0.248082809917
TA.N20A.z -108.263 40.8338 0.245950834862 0.24482987156
TA.G14A.z -113.46 45.2432 0.247770811594 0.248042623188
TA.L27A.z -102.315 42.0837 0.244776318681 0.244178428571
TA.F61A.z -70.9921 45.9743 0.243448633333 0.2420725
TA.I48A.z -83.7022 44.1873 0.244488876404 0.243412696629
TA.243A.z -91.4827 31.8803 0.250014854167 0.250957520833
TA.626A.z -104.133 29.554 0.246038861702 0.246225925532
TA.M09A.z -117.45 41.423 0.247609455696 0.249620632911
TA.E08A.z -119.06 46.4911 0.249845255102 0.248070153061
TA.Q55A.z -80.0812 38.9952 0.243083515152 0.248451181818
TA.V28A.z -102.224 35.7505 0.247984131313 0.247388414141
TA.U21A.z -107.658 36.4277 0.244355670732 0.245042670732
TA.O38A.z -93.4731 40.1215 0.241718716049 0.239988703704
TA.K18A.z -110.042 42.6372 0.245543594595 0.242578148649
TA.438A.z -95.4741 30.75 0.246944705128 0.249465320513
TA.U36A.z -95.7325 36.3927 0.24425225 0.245008897059
TA.Y38A.z -94.7311 33.9278 0.247859202381 0.246922
TA.G07A.z -119.669 45.2664 0.247497241758 0.249883824176
TA.U57A.z -79.3364 36.4319 0.246078679012 0.245331444444
TA.V58A.z -79.115 35.794 0.245291206897 0.245290287356
TA.F11A.z -116.155 45.8883 0.245623776596 0.24292193617
TA.O45A.z -87.7244 40.2489 0.245586240506 0.244203075949
TA.C32A.z -96.5281 47.8255 0.244442157143 0.244472657143
TA.U19A.z -109.208 36.2925 0.2515151 0.24925805
TA.H31A.z -98.4772 44.4795 0.241690972603 0.244091671233
TA.238A.z -95.1203 32.0034 0.248661863636 0.251176909091
TA.337A.z -95.8854 31.3159 0.246083430233 0.246930709302
TA.E23A.z -105.306 46.4978 0.245376061728 0.245811160494
TA.J60A.z -73.4212 43.2438 0.246749047059 0.249079776471
TA.541A.z -93.1875 30.0596 0.248498703704 0.24497437037
TA.H64A.z -69.2203 44.6412 0.244602589041 0.243902821918
TA.S15A.z -112.363 37.6761 0.250184193548 0.248554698925
TA.H60A.z -72.6986 44.5606 0.246698671233 0.247549835616
TA.Q14A.z -113.277 38.9882 0.248603439024 0.250082573171
TA.M48A.z -84.7171 41.4846 0.245332288462 0.245707942308
TA.S21A.z -107.792 37.662 0.24513640404 0.24617179798
TA.F16A.z -111.626 45.7843 0.243153932584 0.243817
TA.W57A.z -79.9928 35.1529 0.246545233766 0.246569935065
TA.I55A.z -77.6817 44.2161 0.23987256338 0.239438253521
TA.Y57A.z -80.3915 34.017 0.2461145 0.244905093023
TA.W44A.z -89.8161 35.1395 0.246770057143 0.244567542857
TA.R37A.z -94.8294 38.3133 0.246064097561 0.243737695122
TA.L25A.z -103.966 42.1548 0.242956730337 0.242679179775
TA.V30A.z -100.689 35.7623 0.245709547619 0.244632833333
TA.R41A.z -91.3795 38.2976 0.24425356962 0.241932632911
TA.R34A.z -97.247 38.3008 0.241291318182 0.241634318182
TA.G35A.z -94.4855 45.2199 0.242573103896 0.241552597403
TA.G22A.z -106.292 45.2189 0.244835452381 0.243382666667
TA.F28A.z -100.8 45.8485 0.244488352941 0.244136282353
TA.X33A.z -98.5006 34.541 0.245338258065 0.244010204301
TA.P60A.z -75.6358 39.8113 0.245001380952 0.243939797619
TA.M29A.z -100.689 41.4441 0.241213207317 0.240597317073
TA.ELFS.z -120.728 40.6183 0.245106571429 0.246458408163
TA.U22A.z -106.855 36.3773 0.24946532 0.25071411
TA.Q51A.z -83.3456 39.026 0.243558264706 0.243496264706
TA.K59A.z -74.8525 42.775 0.245689953488 0.246477325581
TA.W22A.z -106.867 35.0719 0.248702222222 0.247995262626
TA.U39A.z -93.4805 36.3823 0.244093455556 0.242911011111
TA.S39A.z -93.3226 37.691 0.242215828947 0.241380605263
TA.529A.z -102.22 30.1246 0.245761119565 0.245692173913
TA.G53A.z -78.6237 45.1222 0.241460671429 0.239992757143
TA.BC3.z -115.454 33.6552 0.246468512821 0.246741871795
TA.M37A.z -94.0575 41.4028 0.243464542553 0.243651957447
TA.S18A.z -109.995 37.6903 0.248823546392 0.246119082474
TA.S60A.z -76.6535 37.7055 0.2442319 0.2441184125
TA.S35A.z -96.319 37.6821 0.242961924051 0.242730531646
TA.J35A.z -95.2078 43.3655 0.243875551724 0.243118758621
TA.E56A.z -75.0341 46.5436 0.240870101266 0.237512848101
TA.Q43A.z -89.6991 38.941 0.243512634409 0.241620860215
TA.432A.z -99.7937 30.8755 0.245142348315 0.246021438202
TA.E28A.z -100.693 46.5748 0.244277120482 0.244401674699
TA.A31A.z -97.1888 48.932 0.2477349375 0.2454590875
TA.A04A.z -122.707 48.7197 0.250215175 0.2487726375
TA.O27A.z -102.479 40.19 0.242380829787 0.241666702128
TA.N13A.z -114.204 40.8556 0.248809842593 0.250531787037
TA.O22A.z -106.547 40.1618 0.246428509091 0.246829918182
TA.E54A.z -77.1869 46.4339 0.241119698113 0.241593188679
TA.L59A.z -75.0426 42.1902 0.246279715909 0.245457022727
TA.U05C.z -120.12 36.3356 0.250986510638 0.251111957447
TA.V19A.z -109.046 35.7147 0.250766418367 0.249887816327
TA.J32A.z -97.8476 43.3719 0.245670045977 0.243658551724
TA.Y28A.z -102.248 33.9086 0.247690357143 0.245462416667
TA.X19A.z -109.29 34.4275 0.25026275 0.248473807692
TA.X16A.z -111.441 34.4178 0.251682340909 0.253334897727
TA.M18A.z -110.067 41.4272 0.245691844156 0.241051285714
TA.S22A.z -106.829 37.7461 0.245720904762 0.245319647619
TA.A13A.z -114.413 48.933 0.242405921875 0.240845976563
TA.Q03C.z -122.015 38.6333 0.249801305085 0.250729610169
TA.O08A.z -118.155 40.2903 0.247872506849 0.246919369863
TA.E35A.z -94.4043 46.5572 0.241890076923 0.240301320513
TA.F37A.z -92.6264 45.7243 0.244469192771 0.243933036145
TA.Q45A.z -88.1565 38.8948 0.245451792683 0.24358695122
TA.P49A.z -84.7164 39.5342 0.243552398148 0.24422612963
TA.W26A.z -103.766 35.0891 0.248753495327 0.248001046729
TA.Y35A.z -97.0374 33.9059 0.246662027027 0.244085297297
TA.E09A.z -118.146 46.5139 0.244084106383 0.243301542553
TA.HELL.z -119.023 36.6801 0.250987938462 0.250840984615
TA.F05A.z -121.459 45.8839 0.250028965517 0.249054241379
TA.N50A.z -83.1486 40.7711 0.242867564706 0.243044552941
TA.Y20A.z -108.377 33.9085 0.246554375 0.248358354167
TA.L23A.z -105.701 42.1143 0.247409663158 0.245717821053
TA.V25A.z -104.616 35.8383 0.2480685625 0.246821291667
TA.137A.z -95.7559 32.5973 0.246524120879 0.245645681319
TA.J16A.z -111.612 43.2741 0.246036896552 0.245515229885
TA.G30A.z -99.1446 45.1293 0.247113233333 0.245925055556
TA.P01C.z -123.338 39.469 0.247946509434 0.248140622642
TA.A09A.z -118.585 48.9752 0.25082677907 0.248703302326
TA.E44A.z -85.9214 46.6199 0.244247213675 0.242795153846
TA.346A.z -89.4649 31.3876 0.246063123596 0.244848382022
TA.H28A.z -101.021 44.6751 0.24611835 0.244853575
TA.P38A.z -93.5321 39.6248 0.245426338462 0.245646938462
TA.N06A.z -119.835 40.7484 0.248361975 0.2468433
TA.X37A.z -95.3713 34.5892 0.245141411111 0.247471011111
TA.T24A.z -105.052 37.0738 0.245112218182 0.244873090909
TA.RRX.z -116.997 34.8753 0.250135708333 0.2503221875
TA.632A.z -99.7863 29.5071 0.245026134021 0.247220762887
TA.G47A.z -83.8551 45.173 0.241047538462 0.240458153846
TA.446A.z -89.3645 30.7912 0.249122264368 0.248505241379
TA.K49A.z -83.4556 42.7835 0.242584453488 0.242828255814
TA.E37A.z -92.4 46.5658 0.244720626506 0.24383226506
TA.L15A.z -112.386 42.0041 0.245892819048 0.243854704762
TA.834A.z -98.5519 28.1251 0.246197359551 0.246428707865
TA.427A.z -103.402 30.8498 0.243371298851 0.242992793103
TA.240A.z -93.7626 32.0387 0.246953641304 0.245944434783
TA.W53A.z -83.163 35.1696 0.242154192771 0.241358626506
TA.W23A.z -106.15 35.1605 0.249343092784 0.249131969072
TA.J22A.z -106.479 43.4126 0.244296903846 0.243860711538
TA.R15A.z -112.277 38.2108 0.248480333333 0.24791336036
TA.R28A.z -101.811 38.3423 0.246752836735 0.245580867347
TA.V34A.z -97.5176 35.8345 0.247878228916 0.248280698795
TA.112A.z -114.58 32.5356 0.251749369565 0.251090543478
TA.U11A.z -115.383 36.423 0.25100140566 0.247970886792
TA.P48A.z -85.4258 39.4605 0.243121885417 0.241287854167
TA.F22A.z -106.257 45.7794 0.246092025641 0.2445905
TA.D54A.z -76.657 47.152 0.2412995 0.240971348485
TA.R54A.z -80.9904 38.1909 0.244547540541 0.246230765766
TA.L29A.z -100.478 42.0641 0.245879166667 0.244980333333
TA.U51A.z -84.0165 36.3786 0.246532028986 0.244613913043
TA.S29A.z -101.118 37.6199 0.246952897959 0.24567894898
TA.R11A.z -115.585 38.3489 0.248709278261 0.249351321739
TA.I27A.z -102.052 44.069 0.243941536082 0.243036773196
TA.N43A.z -89.1735 40.9394 0.244112375 0.243838765625
TA.D16A.z -111.549 47.0308 0.246234573171 0.244268402439
TA.Q54A.z -80.8338 38.9836 0.243305473118 0.252614784946
TA.144A.z -90.4226 32.6304 0.248756871795 0.248261884615
TA.V14A.z -113.105 35.6339 0.248508116505 0.24911738835
TA.X48A.z -87.0452 34.4517 0.243261611111 0.240916541667
TA.F30A.z -99.025 45.8356 0.247306153061 0.246110244898
TA.H15A.z -112.644 44.6173 0.2483285625 0.25007025
TA.N58A.z -76.7158 40.8396 0.243512477612 0.242778970149
TA.P07A.z -118.889 39.5399 0.250891137931 0.249136471264
TA.SUSD.z -98.9556 44.4429 0.243265911392 0.241874962025
TA.R35A.z -96.1988 38.3231 0.242299484375 0.241742703125
TA.R12A.z -114.608 38.3281 0.248123428571 0.24844597479
TA.K22A.z -106.524 42.6507 0.24651872549 0.245736823529
TA.O12A.z -114.745 40.2679 0.249303327273 0.248664036364
TA.Z48A.z -87.5556 33.3764 0.242078319149 0.242142319149
TA.D35A.z -94.0529 47.081 0.243457268293 0.241609268293
TA.W28A.z -102.206 35.2574 0.2465314 0.246462225
TA.P18A.z -110.246 39.6279 0.245257397849 0.24298
TA.534A.z -98.4753 30.0284 0.247118193548 0.244833763441
TA.C20A.z -108.004 47.7133 0.244061223404 0.242893180851
TA.BBR.z -116.921 34.2623 0.252477357143 0.251047321429
TA.Q60A.z -75.8429 39.0016 0.245900375 0.245298738636
TA.Z15A.z -112.158 33.2893 0.24985384058 0.248642014493
TA.X49A.z -86.326 34.5126 0.245361223881 0.242583567164
TA.R07C.z -119.047 38.089 0.247848435484 0.247862564516
TA.U53A.z -82.5765 36.3644 0.242749435897 0.242945089744
TA.L10A.z -116.471 42.0773 0.248620649123 0.251097578947
TA.I45A.z -86.2348 44.0361 0.24456477381 0.242442345238
TA.V60A.z -77.2629 35.765 0.241696024096 0.24334346988
TA.U45A.z -88.7635 36.3481 0.242998183099 0.243292887324
TA.I14A.z -113.452 43.9286 0.248057311927 0.248980853211
TA.Z27A.z -103.215 33.315 0.24643772093 0.244557744186
TA.K36A.z -94.4507 42.6381 0.241141885417 0.240629708333
TA.CNNC.z -77.8901 35.2393 0.247301705882 0.244826235294
TA.B29A.z -99.3535 48.4649 0.246684457831 0.244809493976
TA.M41A.z -90.5422 41.375 0.24575325 0.243887271739
TA.G63A.z -69.6186 45.1147 0.24673209589 0.246290328767
TA.Q59A.z -76.6548 38.8644 0.245950697674 0.243729593023
TA.H22A.z -106.352 44.5943 0.242521147368 0.241796715789
TA.TIN.z -118.23 37.0542 0.249234948718 0.249665358974
TA.L53A.z -80.2598 41.9539 0.244390026316 0.243894964912
TA.S20A.z -108.36 37.83 0.247877637681 0.250236811594
TA.Z32A.z -99.4783 33.3066 0.245146560976 0.246327780488
TA.357A.z -81.4855 31.4239 0.245231186813 0.244256461538
TA.J39A.z -91.7062 43.3354 0.239110820225 0.237873011236
TA.M42A.z -89.7581 41.4546 0.247861914634 0.246601573171
TA.Q10A.z -116.4 38.8247 0.248092349057 0.249916735849
TA.T42A.z -91.0927 37.0301 0.243673629032 0.243453774194
TA.E38A.z -91.5542 46.6058 0.24641437037 0.245570432099
TA.P45A.z -87.7439 39.5277 0.241827092105 0.240932092105
TA.351A.z -85.6036 31.2753 0.242907016949 0.240475610169
TA.U31A.z -99.8508 36.3695 0.248094480519 0.247975818182
TA.K48A.z -84.1197 42.8032 0.243357011765 0.242421235294
TA.735A.z -97.8081 28.8553 0.247829042105 0.245778778947
TA.A33A.z -95.3904 48.9371 0.246179457143 0.247675471429
TA.W56A.z -80.5828 35.135 0.242325669811 0.242272669811
TA.F18A.z -109.716 45.9046 0.24478488 0.24400689
TA.C40A.z -89.1514 47.9154 0.245237675676 0.246995324324
TA.W37A.z -95.4269 35.138 0.244003391304 0.244325782609
TA.158A.z -80.1935 32.7364 0.2471718 0.250104894118
TA.R47A.z -86.527 38.2957 0.2418214 0.24162852
TA.A26A.z -102.038 48.8973 0.245145752941 0.244507776471
TA.Z16A.z -111.427 33.341 0.248939567568 0.252894527027
TA.G45A.z -85.6571 45.0404 0.242626488636 0.241717329545
TA.Q28A.z -101.831 39.0623 0.244949083333 0.244544107143
TA.O23A.z -105.918 40.2109 0.2468325 0.246654071429
TA.O41A.z -90.882 40.1156 0.24213091954 0.240962298851
TA.W40A.z -93.0693 35.1923 0.245931721649 0.244602350515
TA.646A.z -89.8245 29.5832 0.24948247619 0.248603698413
TA.K02A.z -123.49 42.7667 0.25109415 0.251482575
TA.EGMT.z -109.755 48.024 0.247225277778 0.245664888889
TA.Q35A.z -96.0368 38.8586 0.246289049383 0.246250123457
TA.BRSD.z -98.9563 44.443 0.245208090909 0.244965295455
TA.C13A.z -114.574 47.6795 0.245669409722 0.246358381944
TA.E42A.z -87.914 46.4301 0.243933194805 0.242594428571
TA.256A.z -81.8878 31.9799 0.245045630952 0.24401747619
TA.Z20A.z -108.592 33.1132 0.2460970125 0.2458647625
TA.W46A.z -88.3783 35.1333 0.242861229508 0.241802672131
TA.P46A.z -87.2067 39.6178 0.245065370787 0.243336651685
TA.U24A.z -105.278 36.4093 0.246066541667 0.245661541667
TA.E18A.z -109.914 46.5663 0.244981644231 0.244224711538
TA.I16A.z -111.487 43.8756 0.25264495283 0.251830320755
TA.J34A.z -95.9579 43.2844 0.2421915 0.240888592105
TA.M49A.z -83.9752 41.4745 0.243901149425 0.243722574713
TA.H06A.z -120.335 44.7344 0.249060857143 0.249913673469
TA.P54A.z -80.4796 39.602 0.245969246154 0.245479476923
TA.NEE2.z -114.619 34.7676 0.246788659091 0.245779909091
TA.N45A.z -87.5118 40.8479 0.243090810127 0.242988683544
TA.E27A.z -101.564 46.4293 0.242195727273 0.241650784091
TA.T36A.z -95.8789 37.0605 0.244511126582 0.245592227848
TA.P34A.z -96.8268 39.5471 0.242768313953 0.244057755814
TA.N54A.z -79.9892 40.9617 0.245208421687 0.244212180723
TA.L62A.z -72.6617 42.0328 0.246771740741 0.245067666667
TA.BEL.z -115.998 34.0006 0.248083363636 0.250434121212
TA.M36A.z -94.8021 41.4537 0.241943243902 0.242094658537
TA.V38A.z -94.4077 35.8626 0.248365670886 0.245884405063
TA.U47A.z -87.2892 36.4413 0.242159588235 0.24096975
TA.L61A.z -73.5543 42.1934 0.24700305 0.2483588375
TA.Q07A.z -118.808 38.9383 0.249719761905 0.250720428571
TA.226B.z -104.165 32.0778 0.245607468085 0.242821382979
TA.M57A.z -77.128 41.3372 0.243398089552 0.241992298507
TA.U52A.z -83.3671 36.3929 0.244264684211 0.245155144737
TA.R19A.z -109.261 38.2916 0.246454340426 0.245655265957
TA.N11A.z -115.736 40.8167 0.247627909091 0.247213427273
TA.P29A.z -100.932 39.6021 0.244746375 0.245194147727
TA.G62A.z -70.5319 45.2186 0.247995174419 0.246848162791
TA.230A.z -101.112 31.8878 0.245232922222 0.2437692
TA.X55A.z -81.6336 34.4701 0.24641183908 0.244510034483
TA.U56A.z -80.3829 36.3472 0.244041607843 0.243733941176
TA.M25A.z -104.055 41.4347 0.243163764045 0.243148662921
TA.T45A.z -88.6447 37.0196 0.242522417722 0.241142037975
TA.E57A.z -74.1471 46.4117 0.244203316667 0.240915666667
TA.DEC.z -118.334 34.2535 0.248993357143 0.2497955
TA.W31A.z -99.9435 35.1864 0.245561147727 0.245696761364
TA.N22A.z -106.454 40.8023 0.248722197279 0.248451646259
TA.130A.z -100.965 32.5961 0.24622653125 0.243724479167
TA.L40A.z -91.2218 42.0628 0.246229854167 0.24388646875
TA.R49A.z -85.1714 38.2916 0.24204228125 0.2411909375
TA.J17A.z -110.712 43.3629 0.247036708333 0.243035270833
TA.L43A.z -88.7423 42.1833 0.242155628571 0.241447928571
TA.N16A.z -111.437 40.8869 0.249391525773 0.245100773196
TA.245A.z -89.8958 32.0322 0.247292795455 0.245912159091
TA.B08A.z -119.333 48.3584 0.247934831325 0.246468096386
TA.I46A.z -85.4472 43.9411 0.244372517647 0.243624423529
TA.V18A.z -109.933 35.7113 0.251346085714 0.249750390476
TA.T26A.z -103.593 37.1747 0.24677461039 0.247076207792
TA.544A.z -91.1612 30.11 0.24742456338 0.245997661972
TA.L04A.z -121.891 42.175 0.252590541667 0.2506378125
TA.H65A.z -68.2469 44.6961 0.246054439024 0.244788353659
TA.X39A.z -94.1138 34.5105 0.245728552632 0.245503960526
TA.S36A.z -95.5923 37.724 0.248264613333 0.248294333333
TA.R24A.z -105.107 38.2315 0.249165519608 0.247390176471
TA.S46A.z -87.7153 37.6849 0.242942131579 0.241848960526
TA.325A.z -104.971 31.3711 0.245645831683 0.244559762376
TA.429A.z -101.894 30.6248 0.244496739583 0.244005375
TA.X51A.z -84.8574 34.5658 0.244614698795 0.242971831325
TA.A24A.z -104.002 48.9239 0.245883759494 0.244272632911
TA.U33A.z -98.1135 36.4327 0.247664012346 0.244870901235
TA.T23A.z -106.037 37.0361 0.24715525 0.24654075
TA.K08A.z -118.486 42.7308 0.248343082353 0.249524152941
TA.N24A.z -104.882 40.8271 0.245435950495 0.244986574257
TA.PFO.z -116.459 33.6117 0.248315585366 0.24699397561
TA.E45A.z -85.1774 46.3563 0.242667063291 0.24184264557
TA.S56A.z -79.5662 37.6771 0.246957095238 0.245672380952
TA.W41B.z -92.2479 35.1736 0.247704345679 0.246931037037
TA.T44A.z -89.5896 37.086 0.244330479452 0.243353
TA.Q57A.z -78.4107 39.0353 0.24223552439 0.242185109756
TA.E16A.z -111.676 46.5336 0.244259021739 0.243107956522
TA.V61A.z -76.5776 35.7912 0.244498310345 0.243836517241
TA.119A.z -109.303 32.7663 0.251102234694 0.251899510204
TA.P30A.z -100.247 39.5442 0.241106616279 0.242397895349
TA.153A.z -83.8316 32.6499 0.2451852 0.2463376125
TA.N26A.z -103.222 40.8289 0.246188543478 0.245867934783
TA.225A.z -104.823 32.1101 0.245491680851 0.243622404255
TA.P15A.z -112.279 39.5708 0.248491030928 0.249786051546
TA.Y14A.z -113.005 33.9383 0.251268583333 0.250287989583
TA.G39A.z -91.1698 45.2867 0.243131662921 0.24251494382
TA.034A.z -98.6833 27.0647 0.249230256098 0.247235
TA.E51A.z -79.4924 46.5333 0.239731355932 0.237453610169
TA.H39A.z -91.2833 44.6797 0.2434496 0.2431081375
TA.336A.z -96.8443 31.387 0.247327204301 0.246976032258
TA.B30A.z -98.3286 48.4505 0.245109583333 0.245733833333
TA.W61A.z -76.9909 35.1773 0.246977477778 0.246306422222
TA.W27A.z -103.063 35.0637 0.248923019231 0.248544759615
TA.J31A.z -98.7396 43.2915 0.242890192308 0.242055974359
TA.P40A.z -92.0483 39.5299 0.2431304875 0.24264825
TA.I17A.z -110.576 43.92 0.249288459459 0.247776027027
TA.N61A.z -74.2969 40.7519 0.245656681159 0.244405202899
TA.W48A.z -86.9333 35.1386 0.244434702703 0.244713364865
TA.O40A.z -91.874 40.1212 0.245133608696 0.244395456522
TA.Q30A.z -100.221 38.9772 0.245496120879 0.245856637363
TA.E62A.z -69.5227 46.6201 0.243454265823 0.242296405063
TA.249A.z -87.1225 31.9752 0.244018633333 0.2442591
TA.Z52A.z -84.4176 33.1893 0.248145339623 0.248824490566
TA.GRA.z -117.366 36.9961 0.254783866667 0.2509417
TA.V39A.z -93.645 35.8389 0.24079701087 0.239959217391
TA.Q41A.z -91.2317 38.9539 0.24180988 0.242067213333
TA.SHO.z -116.275 35.8996 0.249719925 0.249680425
TA.543A.z -91.8557 30.0856 0.250563831325 0.247088313253
TA.L38A.z -92.9597 42.141 0.243650321839 0.244653402299
TA.J07A.z -119.311 43.3736 0.247279464286 0.24804372619
TA.X28A.z -102.197 34.5185 0.247822831461 0.245990348315
TA.035Z.z -98.0683 26.463 0.24979335 0.24849381
TA.E11A.z -116.209 46.3559 0.243525614583 0.242940708333
TA.F27A.z -102.02 45.8727 0.241982848837 0.241222139535
TA.D03A.z -123.771 47.1161 0.245478147059 0.244771088235
TA.H63A.z -70.0353 44.6616 0.245631766234 0.243415376623
TA.E48A.z -82.1653 46.4809 0.242392231579 0.242844684211
TA.Y26A.z -103.825 33.9232 0.247906060976 0.247924731707
TA.G09A.z -117.78 45.2781 0.2462053125 0.244057447917
TA.V31A.z -99.8425 35.7739 0.247149647887 0.246842140845
TA.W35A.z -96.8745 35.1527 0.2460703 0.2444346
TA.Z25A.z -104.717 33.2797 0.246746825397 0.245000793651
TA.333A.z -98.9841 31.3249 0.24682245 0.24407938
TA.U58A.z -78.5493 36.3944 0.243209692308 0.243687769231
TA.X30A.z -100.874 34.4461 0.248085978495 0.248557935484
TA.Y44A.z -90.2112 33.9618 0.245896166667 0.245348708333
TA.349A.z -87.1924 31.3504 0.243152354167 0.243654291667
TA.X22A.z -107.01 34.5058 0.248622977778 0.249215511111
TA.V46A.z -88.1177 35.8007 0.244820397059 0.246230455882
TA.J38A.z -92.4755 43.319 0.243570686869 0.241905282828
TA.M66A.z -70.1353 41.259 0.245245803922 0.245399235294
TA.537A.z -96.3155 30.0799 0.247319185185 0.247763098765
TA.U25A.z -104.408 36.3998 0.246161584158 0.245761336634
TA.457A.z -81.5563 30.6199 0.24607925 0.246964693182
TA.342A.z -92.3249 31.3747 0.246947292135 0.246205314607
TA.Q09A.z -117.182 38.834 0.246764702381 0.247489845238
TA.H26A.z -102.774 44.6168 0.243815204545 0.244605772727
TA.SPMN.z -92.8037 45.2246 0.243293583333 0.2430615
TA.D30A.z -98.7576 47.1082 0.246317493506 0.24513112987
TA.D48A.z -81.8072 47.1743 0.243316044944 0.24268552809
TA.Z46A.z -88.9414 33.1933 0.243907210526 0.240865592105
TA.447A.z -88.6542 30.7952 0.247078455556 0.246365633333
TA.M45A.z -87.2504 41.3881 0.2454136375 0.2449245125
TA.WVT.z -87.83 36.1297 0.242546283951 0.244832296296
TA.Z54A.z -82.8417 33.2362 0.24807325 0.248494875
TA.G41A.z -89.1816 45.2118 0.24162754878 0.241235634146
TA.T57A.z -79.2538 36.9983 0.244923032609 0.245023728261
TA.Y31A.z -100.261 33.9629 0.246932574468 0.245908351064
TA.J09A.z -117.754 43.3471 0.250046029126 0.250830194175
TA.M40A.z -91.5121 41.406 0.241436171053 0.240208263158
TA.U44A.z -89.6863 36.5047 0.245507868421 0.244750263158
TA.D21A.z -106.994 47.0658 0.245885884211 0.245264473684
TA.K41A.z -90.3046 42.6071 0.242452081395 0.241842174419
TA.R43A.z -89.9308 38.276 0.243839044776 0.243701761194
TA.Q08A.z -117.932 38.8606 0.246891974359 0.25123224359
TA.N27A.z -102.537 40.8063 0.240888875 0.242723614583
TA.Y12C.z -114.524 33.7503 0.247267833333 0.248660989583
TA.P12A.z -114.908 39.4731 0.251318504673 0.25039864486
TA.D07A.z -119.973 47.1936 0.246991948052 0.245016909091
TA.O20A.z -108.242 40.1348 0.247428035088 0.245614745614
TA.L57A.z -76.8492 42.0005 0.244303355263 0.245065736842
TA.H45A.z -86.044 44.6232 0.24515845122 0.244105890244
TA.H40A.z -90.3905 44.622 0.241121493671 0.24161256962
TA.R42A.z -90.7944 38.2804 0.244060831169 0.241941038961
TA.V47A.z -87.5205 35.8278 0.243345015152 0.243038848485
TA.K16A.z -111.588 42.8321 0.245779318182 0.241558897727
TA.O13A.z -113.981 40.1314 0.250796 0.250734981308
TA.AGMN.z -95.8619 48.2977 0.246139508475 0.247894525424
TA.I18A.z -109.817 43.7013 0.245513125 0.245196520833
TA.H37A.z -92.9181 44.5812 0.24372501087 0.243262565217
TA.Y34A.z -97.7573 33.9574 0.24457964557 0.243518443038
TA.X56A.z -81.0319 34.4923 0.242965758242 0.242452208791
TA.D04A.z -122.803 47.1109 0.245719216867 0.243897746988
TA.Z18A.z -110.036 33.0851 0.248811231707 0.251753914634
TA.S30A.z -100.464 37.6402 0.244465119565 0.24321526087
TA.O25A.z -104.12 40.1129 0.24504885567 0.243676051546
TA.E25A.z -103.401 46.5009 0.243289216495 0.244265309278
TA.736A.z -97.0673 28.955 0.248307178571 0.247913892857
TA.CWC.z -118.08 36.4399 0.24856025 0.2428132
TA.N49A.z -84.1825 40.922 0.244407071429 0.244025738095
TA.E30A.z -98.9098 46.5021 0.246851296296 0.244932950617
TA.I42A.z -88.9134 43.8908 0.243817428571 0.244300688312
TA.O57A.z -77.6354 40.2104 0.246486280899 0.244497235955
TA.Z39A.z -94.1822 33.2418 0.25140295 0.250953575
TA.528A.z -102.788 30.1615 0.24315073913 0.241872021739
TA.Z51A.z -85.1747 33.3167 0.249699015625 0.24973659375
TA.MLAC.z -118.836 37.6302 0.2490396 0.245596085714
TA.244A.z -90.6856 32.0422 0.249076922078 0.249509857143
TA.L18A.z -110.036 41.9243 0.244918117021 0.241912787234
TA.M55A.z -78.7649 41.4686 0.244701549296 0.240530380282
TA.U50A.z -84.8431 36.4156 0.247131217391 0.245423188406
TA.T46A.z -87.8941 37.0417 0.246270178082 0.243893479452
TA.P19A.z -108.981 39.6333 0.246290043103 0.244891991379
TA.P39B.z -92.7541 39.4876 0.241536175439 0.24191722807
TA.Y33A.z -98.6256 34.0081 0.247285933333 0.247696877778
TA.D12A.z -115.353 47.0528 0.246117015267 0.244798282443
TA.SFIN.z -87.0967 40.379 0.24359743038 0.243364
TA.O53A.z -81.2129 40.2493 0.244187905405 0.245058391892
TA.K57A.z -76.5163 42.7313 0.245013506494 0.243965532468
TA.U20A.z -108.52 36.3758 0.246714804124 0.246482257732
TA.S58A.z -78.0511 37.6126 0.244484623529 0.242890670588
TA.S44A.z -89.2551 37.6936 0.242386158879 0.244805523364
TA.C07A.z -120.061 47.6902 0.244709772727 0.243189681818
TA.251A.z -85.409 32.0929 0.243394193548 0.243644258065
TA.J13A.z -114.174 43.3979 0.247591416107 0.248457838926
TA.T58A.z -78.5338 36.9454 0.244060329897 0.244141989691
TA.A20A.z -107.926 48.8799 0.246096012048 0.244976542169
TA.Z47A.z -88.0696 33.199 0.244217262295 0.24403147541
TA.M34A.z -96.583 41.5025 0.246956561224 0.24582727551
TA.N21A.z -107.52 40.76 0.246278074074 0.2463575
TA.K39A.z -91.8878 42.705 0.243787130435 0.242177141304
TA.426A.z -104.029 30.6689 0.244621377778 0.2452714
TA.W51A.z -84.7599 35.1606 0.243691689189 0.242855
TA.O59A.z -76.1859 40.3114 0.24600097561 0.243924841463
TA.G55A.z -76.7187 45.2532 0.241847424242 0.240505469697
TA.P06A.z -119.898 39.6785 0.249629324675 0.246718194805
TA.X34A.z -97.8326 34.601 0.247210054348 0.24610826087
TA.G27A.z -101.931 45.3791 0.243710227273 0.24257725
TA.R45A.z -88.2812 38.2926 0.24522354321 0.24369154321
TA.F31A.z -98.2525 45.8598 0.243990835443 0.241614063291
TA.C38A.z -91.2732 47.7171 0.2461709125 0.244663475
TA.H52A.z -79.8888 44.6422 0.240416396825 0.238402793651
TA.U14A.z -113.18 36.4182 0.247595793103 0.249588396552
TA.H41A.z -89.6534 44.6164 0.243640513158 0.241356197368
TA.P43A.z -89.5213 39.6409 0.2426612625 0.2416703875
TA.958A.z -81.7543 27.5855 0.247631779661 0.244405169492
TA.X29A.z -101.701 34.4452 0.246104420455 0.246830136364
TA.140A.z -93.574 32.6408 0.245846753086 0.245622617284
TA.R59A.z -77.1164 38.2005 0.245429933333 0.246747946667
TA.V29A.z -101.521 35.8734 0.247188988372 0.247133406977
TA.S11A.z -115.747 37.6444 0.250027385965 0.250152052632
TA.V59A.z -78.2394 35.7649 0.242576925926 0.243227740741
TA.F21A.z -107.123 45.8231 0.244542652632 0.244609715789
TA.A16A.z -111.597 48.9482 0.246108126126 0.245294972973
TA.O39A.z -92.5438 40.2544 0.245613844444 0.243001055556
TA.131A.z -100.389 32.6737 0.245020292929 0.242970030303
TA.A23A.z -104.879 48.9592 0.244822261905 0.244395047619
TA.M05C.z -121.146 41.3593 0.250121482143 0.249185428571
TA.O34A.z -96.6936 40.1831 0.245477306818 0.244438931818
TA.832A.z -99.9743 28.2844 0.247241585106 0.247513893617
TA.E06A.z -120.979 46.5433 0.248031474359 0.249356089744
TA.738A.z -95.6481 28.8404 0.249584682927 0.249561902439
TA.328A.z -102.81 31.3818 0.246152402174 0.244421326087
TA.W20A.z -108.5 35.1259 0.248438693069 0.248390247525
TA.N47A.z -85.6942 40.8801 0.243925235294 0.241979435294
TA.C05A.z -121.689 47.6947 0.247699597015 0.245657238806
TA.HRV.z -71.5583 42.5064 0.244649090909 0.244726155844
TA.F09A.z -117.909 45.7087 0.246915568421 0.244380147368
TA.S09A.z -117.225 37.7243 0.249132728261 0.249620478261
TA.W25A.z -104.461 35.2177 0.246987990826 0.247690807339
TA.318A.z -109.991 31.439 0.248433142857 0.247526765306
TA.V11A.z -115.43 35.8384 0.250057383929 0.2481280625
TA.H10A.z -116.747 44.589 0.243173953704 0.24517875
TA.637A.z -96.3324 29.439 0.2479858625 0.2469781625
TA.J55A.z -77.8167 43.2657 0.243532080645 0.242578532258
TA.I31A.z -98.5352 44.0297 0.24345928 0.242293893333
TA.J57A.z -75.9968 43.4099 0.24370554321 0.24323017284
TA.SCZ2.z -119.635 33.9954 0.251441432432 0.25081927027
TA.247A.z -88.6102 32.053 0.244690533333 0.241506033333
TA.U27A.z -102.825 36.4213 0.246997216216 0.245316851351
TA.425A.z -104.986 30.7862 0.246310942857 0.246024971429
TA.S06C.z -119.849 37.8817 0.250026847458 0.250554677966
TA.I22A.z -106.484 43.8924 0.247038364583 0.245041447917
TA.H17A.z -110.576 44.3951 0.249008908257 0.253126990826
TA.Z56A.z -81.3687 33.3253 0.243354625 0.240932515625
TA.Z35A.z -97.253 33.3308 0.247586480769 0.246047307692
TA.227A.z -103.292 32.012 0.2451396 0.2448127
TA.V37A.z -95.141 35.883 0.246033648352 0.244848648352
TA.G12A.z -115.326 45.1285 0.245489303371 0.245092898876
TA.O11A.z -115.657 40.1313 0.248215952381 0.248602171429
TA.H04A.z -122.186 44.6837 0.248064695652 0.246983663043
TA.VES.z -119.085 35.8409 0.247235405405 0.246951675676
TA.S05C.z -120.33 37.346 0.249248846154 0.253721096154
TA.N35A.z -95.6425 40.8612 0.244606523256 0.244731755814
TA.T19A.z -109.025 36.8299 0.246282885417 0.24827565625
TA.U42A.z -91.2383 36.3514 0.246250094118 0.245980423529
TA.L39A.z -92.0007 42.1234 0.245025547368 0.242883536842
TA.S27A.z -102.898 37.6837 0.246024587629 0.24528143299
TA.J25A.z -103.803 43.3901 0.244916333333 0.245138646465
TA.658A.z -81.2578 29.422 0.246344555556 0.24544737037
TA.V41A.z -92.1554 35.7851 0.243369621053 0.243430273684
TA.S59A.z -77.2942 37.762 0.247037829787 0.245552755319
TA.Z26A.z -103.98 33.2716 0.247921517857 0.247927410714
TA.M58A.z -76.4603 41.3721 0.2438057125 0.2451640125
TA.J52A.z -80.4764 43.2407 0.241526626667 0.24071304
TA.557A.z -81.7291 30.016 0.245496851351 0.2439555
TA.V26A.z -103.786 35.7964 0.248638572917 0.248164020833
TA.G25A.z -103.417 45.1935 0.244402948454 0.243915752577
TA.F32A.z -97.1264 45.8705 0.241866643836 0.239234150685
TA.L34A.z -96.3762 41.9666 0.24244247191 0.240225966292
TA.W17A.z -110.713 35.0789 0.249200458333 0.247888145833
TA.338A.z -95.3106 31.3567 0.248505883721 0.247701825581
TA.K31A.z -98.7546 42.6229 0.244730737705 0.24325695082
TA.U35A.z -96.7318 36.3709 0.245289328571 0.243566757143
TA.I06A.z -120.211 43.9437 0.249256595238 0.24826802381
TA.GLMI.z -84.6175 44.8245 0.242997337662 0.241700675325
TA.OGNE.z -102.033 40.9451 0.248490616667 0.247135133333
TA.I43A.z -88.146 43.8844 0.243036353846 0.2424056
TA.431A.z -100.608 30.6824 0.244912574468 0.245240553191
TA.326A.z -103.979 31.3165 0.245347476744 0.24410572093
TA.Q12A.z -114.83 39.04 0.248820439252 0.250714775701
TA.S24A.z -105.213 37.6407 0.248689237113 0.247285494845
TA.D31A.z -97.7226 47.0481 0.248001635135 0.248170675676
TA.O50A.z -83.6199 40.1468 0.244990789474 0.247405842105
TA.O61A.z -74.553 40.0934 0.244050506173 0.242800074074
TA.H61A.z -71.9271 44.5339 0.246601869048 0.245187261905
TA.J21A.z -107.446 43.3459 0.244641207547 0.244495509434
TA.Q24A.z -105.149 38.9641 0.245292403846 0.243866961538
TA.P59A.z -76.4327 39.6101 0.244616975 0.2436045
TA.G38A.z -91.8549 45.1693 0.246808423077 0.243473320513
TA.344A.z -90.7318 31.4527 0.250355790123 0.251745098765
TA.F15A.z -112.493 45.8409 0.24474149635 0.244829605839
TA.BW06.z -109.558 42.7667 0.248356972222 0.2479235
TA.J18A.z -110.02 43.2112 0.248268128571 0.245081542857
TA.M06C.z -120.477 41.2047 0.24829964 0.24848086
TA.E13A.z -114.188 46.4423 0.246460583333 0.244715022727
TA.U46A.z -88.1773 36.359 0.241662453333 0.240685053333
TA.O37A.z -94.1461 40.1664 0.2427274 0.242118894118
TA.E64A.z -67.8285 46.4184 0.245973305882 0.245823564706
TA.F45A.z -85.5156 45.6837 0.243233852113 0.242757823944
TA.L54A.z -79.3162 42.2345 0.244248342105 0.242314960526
TA.532A.z -99.9049 30.1278 0.243300266667 0.243471555556
TA.N38A.z -93.235 40.7931 0.241948658228 0.242057886076
TA.Y55A.z -81.8581 33.9375 0.24429544186 0.243683372093
TA.MVCO.z -108.499 37.2103 0.2492246 0.2428416
TA.H11A.z -116.013 44.7035 0.245314009804 0.243707823529
TA.G40A.z -90.2006 45.2684 0.241480865854 0.241141756098
TA.H55A.z -77.183 44.5505 0.242392424658 0.241379945205
TA.E21A.z -107.076 46.5408 0.245173737374 0.244389040404
TA.I11A.z -115.958 43.9121 0.244293781513 0.242802789916
TA.G31A.z -98.2083 45.2254 0.244142414634 0.243952780488
TA.348A.z -87.9023 31.4129 0.247403714286 0.247318904762
TA.552A.z -85.2938 30.1327 0.24686084058 0.247268202899
TA.K54A.z -78.6908 42.6097 0.242571411765 0.241634191176
TA.757A.z -82.0685 28.9413 0.243962565217 0.244590028986
TA.Z44A.z -90.4322 33.2773 0.246798933333 0.246254626667
TA.C09A.z -118.274 47.8006 0.243939106383 0.241917223404
TA.K51A.z -81.5082 42.7223 0.24398991954 0.242886643678
TA.P37A.z -94.3491 39.5882 0.243321746835 0.244255607595
TA.I32A.z -97.4643 44.0271 0.243822885714 0.244393742857
TA.X17A.z -110.806 34.3371 0.249942783133 0.253922180723
TA.634A.z -98.3515 29.3815 0.246085271739 0.242216793478
TA.Z30A.z -101.128 33.2861 0.24436984058 0.242508637681
TA.143A.z -91.4036 32.7032 0.247255835052 0.246891061856
TA.M24A.z -104.825 41.4676 0.246679 0.245035988506
TA.936A.z -97.3091 27.4208 0.245875868687 0.245949909091
TA.J12A.z -115.098 43.25 0.2464649 0.2457907
TA.K55A.z -78.0696 42.7278 0.244769106667 0.24446016
TA.Q32A.z -98.5596 38.9908 0.245436862069 0.244156965517
TA.G58A.z -74.054 45.1492 0.245770590909 0.245798181818
TA.G57A.z -74.9855 45.1036 0.243471297619 0.242149297619
TA.O30A.z -100.057 40.1791 0.242982847059 0.242322517647
TA.N28A.z -101.541 40.6873 0.2431578 0.242592555556
TA.R51A.z -83.5834 38.3001 0.244388375 0.243709770833
TA.OSI.z -118.724 34.6145 0.246291578947 0.244914710526
TA.535A.z -97.5711 30.029 0.249354314607 0.24667588764
TA.Y22D.z -106.921 34.0739 0.247347854545 0.2460393
TA.L14A.z -113.24 42.0343 0.247751896226 0.245891283019
TA.I47A.z -84.5096 44.0193 0.2433757625 0.2437333125
TA.350A.z -86.3353 31.4207 0.244015089552 0.243373567164
TA.T17A.z -110.804 36.9969 0.247612546392 0.248864958763
TA.B09A.z -118.149 48.4226 0.244277690722 0.243414845361
TA.R23A.z -105.826 38.1907 0.245415291667 0.244633260417
TA.I52A.z -80.177 44.068 0.243367574468 0.240498946809
TA.NATX.z -94.661 31.7598 0.245284854369 0.243500902913
TA.Y53A.z -83.5836 33.8554 0.245583307692 0.2435235
TA.U32A.z -99.0014 36.3795 0.246082268817 0.245440430108
TA.Q29A.z -100.979 38.8905 0.245718545455 0.246141181818
TA.E07A.z -119.855 46.5585 0.248628961905 0.250285647619
TA.O04C.z -121.086 40.32 0.250542942308 0.249254942308
TA.O18A.z -110.008 40.2655 0.246510980198 0.24389219802
TA.V24A.z -105.272 35.7259 0.247499105263 0.246691094737
TA.G28A.z -100.916 45.0749 0.2447304125 0.2437934
TA.113A.z -113.767 32.7683 0.251951446429 0.249732107143
TA.434A.z -98.269 30.8142 0.24565706383 0.244005382979
TA.H03A.z -123.292 44.6765 0.245319873016 0.244242222222
TA.V49A.z -85.903 35.7663 0.244376564706 0.243574905882
TA.L20A.z -108.34 42.0073 0.247400344444 0.244634011111
TA.X53A.z -83.3013 34.5031 0.246490905263 0.245472852632
TA.U44B.z -89.3507 36.3391 0.244933292308 0.2427938
TA.J45A.z -86.3889 43.4354 0.246260023529 0.244885082353
TA.S23A.z -106.002 37.7059 0.249495792453 0.247240188679
TA.S19A.z -109.137 37.7459 0.24839828972 0.248479495327
TA.P32A.z -98.6011 39.6223 0.245574130435 0.245955456522
TA.Z33A.z -98.7648 33.2865 0.247440928571 0.249694342857
TA.239A.z -94.4707 32.0179 0.248653263158 0.250187144737
TA.E29A.z -99.642 46.5682 0.244283793103 0.242361252874
TA.M38A.z -93.1965 41.4175 0.242625853933 0.24265894382
TA.I34A.z -95.86 44.0392 0.241181542169 0.239205939759
TA.X21A.z -107.786 34.4457 0.247643739583 0.24615109375
TA.K62A.z -72.2345 42.6651 0.244400404762 0.246954845238
TA.Y58A.z -79.6665 33.9057 0.243928971831 0.246048309859
TA.W54A.z -82.1859 35.0857 0.246110551402 0.244056542056
TA.P61A.z -74.7919 39.6734 0.249656847222 0.247800805556
TA.P55A.z -79.8265 39.5078 0.243917768116 0.243440681159
TA.M17A.z -110.666 41.4729 0.246219364706 0.243226682353
TA.O01C.z -123.82 40.1398 0.248834772727 0.247223348485
TA.A29A.z -99.2321 48.9228 0.244614675 0.2428858875
TA.X14A.z -112.891 34.4692 0.249062339623 0.250167349057
TA.C37A.z -92.1853 47.7283 0.242267653846 0.242903948718
TA.F26A.z -102.67 45.8512 0.244255793478 0.243597880435
TA.Y54A.z -82.688 33.8621 0.245770951807 0.243703614458
TA.M01C.z -124.122 41.8473 0.247816 0.246853671642
TA.M02C.z -122.854 41.392 0.248470237288 0.244731610169
TA.X40A.z -92.8342 34.4873 0.2461214 0.247591306667
TA.K47A.z -84.9993 42.6704 0.246357 0.245302458824
TA.355A.z -82.8518 31.3438 0.244567765432 0.245371814815
TA.E03A.z -123.563 46.5459 0.248406670886 0.24729621519
TA.H25A.z -103.598 44.6215 0.244616776596 0.244952404255
TA.A14A.z -113.422 48.9725 0.242972608247 0.242870608247
TA.V04C.z -120.87 35.636 0.250575179487 0.249559435897
TA.M23A.z -105.722 41.468 0.2476445 0.245555422222
TA.O09A.z -117.19 40.1697 0.249910666667 0.248388576923
TA.P28A.z -101.755 39.5732 0.247296931818 0.246151681818
TA.139A.z -94.3927 32.6795 0.249073289474 0.249724039474
TA.353A.z -84.2172 31.3474 0.245217 0.244224023256
TA.R40A.z -92.2684 38.2909 0.243698231707 0.243245902439
TA.V15A.z -112.173 35.8191 0.248260814433 0.24973157732
TA.Z41A.z -92.803 33.2577 0.244950926471 0.244014029412
TA.C12B.z -115.475 47.7092 0.243516366667 0.244485933333
TA.L61B.z -72.6802 42.4498 0.245141639535 0.244681406977
TA.343A.z -91.6169 31.2839 0.24730375 0.247218225
TA.E10A.z -117.11 46.485 0.245864549451 0.24448632967
TA.E24A.z -104.307 46.5608 0.241915296296 0.242936580247
TA.E19A.z -108.786 46.4611 0.243179337079 0.242247235955
TA.U59A.z -77.7925 36.3526 0.245480662921 0.244662292135
TA.D51A.z -79.3733 47.0904 0.241270461538 0.239992523077
TA.X25A.z -104.662 34.5271 0.245440521277 0.242928765957
TA.G65A.z -67.5632 45.2002 0.246165831325 0.244434662651
TA.O43A.z -89.313 40.2856 0.245083924242 0.241779075758
TA.MPP.z -119.814 34.8885 0.24826308 0.24839992
TA.250A.z -86.2677 31.9778 0.24490387013 0.245847649351
TA.536A.z -97.0652 30.0756 0.249248554217 0.249900301205
TA.437A.z -96.1386 30.8292 0.246560272727 0.247210988636
TA.P24A.z -104.908 39.5144 0.24637471134 0.245643247423
TA.T28A.z -102.114 37.1204 0.244198885057 0.24308908046
TA.237A.z -95.8084 32.0015 0.243648177215 0.244756746835
TA.R39A.z -93.0383 38.3138 0.24401472973 0.242632121622
TA.531A.z -100.546 30.1645 0.245167804598 0.244932655172
TA.633A.z -99.1766 29.4591 0.243994822222 0.244830233333
TA.O29A.z -100.798 40.1253 0.244390383721 0.243399918605
TA.N30A.z -100.1 40.7957 0.244957105882 0.244642941176
TA.U38A.z -94.3857 36.4394 0.248630067568 0.244573013514
TA.H18A.z -109.664 44.6769 0.248255333333 0.247825333333
TA.430A.z -101.236 30.7866 0.244245802198 0.243257857143
TA.835A.z -97.8297 28.287 0.249314085106 0.247616074468
TA.X32A.z -99.2854 34.4214 0.246059707547 0.24495209434
TA.S47A.z -86.8779 37.5946 0.241876511111 0.241827511111
TA.G04A.z -122.478 45.2059 0.247036464286 0.245245690476
TA.K14A.z -113.176 42.5452 0.249327845588 0.248455625
TA.U60A.z -77.1596 36.4718 0.241749154762 0.241930380952
TA.K01A.z -124.469 42.8088 0.246703117647 0.246757426471
TA.109C.z -117.105 32.8889 0.251635314286 0.249247542857
TA.D49A.z -81.3562 47.2726 0.244529034483 0.243648155172
TA.T29A.z -101.294 37.1565 0.246668186047 0.244262604651
TA.O52A.z -81.8361 40.1158 0.245205020833 0.244750989583
TA.R17A.z -110.711 38.4187 0.246176285714 0.244171285714
TA.H46A.z -85.2034 44.5397 0.2441455625 0.2433549125
TA.L07A.z -119.34 42.0187 0.249621489583 0.249301333333
TA.KSCO.z -102.627 39.0112 0.24632964486 0.245681074766
TA.U54A.z -81.8204 36.5209 0.2456578 0.24403407619
TA.O42A.z -90.0812 40.1956 0.246182869565 0.244065434783
TA.G03A.z -123.281 45.3153 0.245966517241 0.244891517241
TA.H47A.z -84.2062 44.5994 0.243229825581 0.242850709302
TA.SUTB.z -121.786 39.2291 0.2461524 0.24579604
TA.126A.z -104.02 32.6462 0.246207614583 0.244324760417
TA.C39A.z -90.1289 47.8171 0.246698641304 0.245077945652
TA.R46A.z -87.5114 38.2124 0.241801106667 0.2410226
TA.S10A.z -116.595 37.923 0.248217181034 0.247391405172
TA.858A.z -81.3616 28.2126 0.248733175439 0.246918666667
TA.TPNV.z -116.249 36.9488 0.249635384615 0.249413846154
TA.N57A.z -77.5509 40.7556 0.246001219178 0.243379219178
TA.R44A.z -89.0809 38.2475 0.243230158416 0.24152250495
TA.D34A.z -95.1952 47.0851 0.244342472973 0.243216108108
TA.X42A.z -91.6262 34.5532 0.250467166667 0.249049
TA.S31A.z -99.4845 37.6193 0.246547131868 0.246207626374
TA.HATC.z -121.461 40.8161 0.248646 0.246849418605
TA.MPM.z -117.489 36.058 0.247889090909 0.245626090909
TA.Q18A.z -110.133 39.1025 0.246101520408 0.244118193878
TA.L13A.z -113.944 42.0886 0.250740633663 0.251094524752
TA.N08A.z -118.134 40.7811 0.246565223684 0.249149789474
TA.G59A.z -73.1809 45.0807 0.246666878049 0.248096243902
TA.G64A.z -68.7558 45.2527 0.245087013699 0.246602821918
TA.ECSD.z -96.6141 43.7337 0.244646714286 0.242213428571
TA.Y59A.z -78.8737 33.9897 0.2455193 0.245807114286
TA.T56A.z -80.0311 37.0288 0.244039692308 0.243634230769
TA.335A.z -97.4271 31.2819 0.24743461165 0.247829718447
TA.C08A.z -119.045 47.7849 0.241045638554 0.240236012048
TA.T12A.z -114.715 36.7256 0.24982999115 0.250676973451
TA.Y60A.z -78.2163 34.0046 0.240391359375 0.241474015625
TA.I10A.z -116.803 44.086 0.247306458716 0.246259541284
TA.L49A.z -83.7672 42.1088 0.244722406593 0.244121252747
TA.L26A.z -103.079 42.0367 0.242647868132 0.242600967033
TA.M16A.z -111.63 41.3146 0.247157978022 0.243573516484
TA.M20A.z -108.187 41.4906 0.245087481132 0.243386018868
TA.D19A.z -108.88 47.1646 0.2430738 0.2429326
TA.K15A.z -112.531 42.6852 0.246872494382 0.246223168539
TA.B34A.z -94.6501 48.486 0.247077589744 0.246665282051
TA.M63A.z -72.0464 41.4038 0.245455446154 0.2445584
TA.B35A.z -93.7261 48.3603 0.246904711111 0.245512144444
TA.R21A.z -107.55 38.3685 0.248146537736 0.247268792453
TA.J61A.z -72.5535 43.3462 0.244071857143 0.245559892857
TA.219A.z -109.259 31.9989 0.248212434343 0.246708323232
TA.P26A.z -103.346 39.5602 0.247922204301 0.246113956989
TA.R08A.z -118.106 38.3489 0.251111184211 0.251289394737
TA.Z57A.z -80.7039 33.297 0.251879414634 0.249661634146
TA.T05C.z -120.674 36.8953 0.249929391304 0.249351413043
TA.H23A.z -105.401 44.562 0.242727530612 0.242955510204
TA.T30A.z -100.527 37.0526 0.245340395062 0.243888802469
TA.U10A.z -116.33 36.4193 0.247990871287 0.247495980198
TA.G05A.z -121.317 45.2422 0.248578741176 0.247651164706
TA.HEC.z -116.335 34.8294 0.252078486486 0.251130810811
TA.Y51A.z -85.064 33.8993 0.243491432099 0.24201482716
TA.J29A.z -100.325 43.4061 0.245930238806 0.243481402985
TA.540A.z -93.9796 30.2093 0.250179095238 0.245310285714
TA.X59A.z -78.6023 34.572 0.246461226667 0.244800986667
TA.S32A.z -98.9363 37.7001 0.247473362637 0.245958274725
TA.T25A.z -104.411 37.1388 0.24723510084 0.24772592437
TA.737A.z -96.4402 28.7639 0.248377815789 0.246194460526
TA.R61A.z -75.339 38.3303 0.246476291139 0.245950291139
TA.Q16A.z -111.172 38.9176 0.249553333333 0.248629490741
TA.D23A.z -105.207 47.173 0.243448637681 0.241885101449
TA.X57A.z -80.094 34.4643 0.245038487805 0.244045780488
TA.H66A.z -67.3115 44.7859 0.245017481481 0.244079024691
TA.N14A.z -113.187 40.8513 0.249544136842 0.249206147368
TA.L22A.z -106.434 42.031 0.249182230159 0.248050642857
TA.J46A.z -85.6466 43.3478 0.245227793103 0.245104770115
TA.934A.z -98.5192 27.6018 0.248032943182 0.246229886364
TA.P53A.z -81.3896 39.4868 0.242902741176 0.244134294118
TA.D11A.z -116.335 47.0477 0.247806220779 0.246326922078
TA.B19A.z -108.944 48.4551 0.244723244186 0.243766
TA.B14A.z -113.273 48.3609 0.247023030303 0.244182212121
TA.P56A.z -78.8386 39.5044 0.245091444444 0.244405444444
TA.035A.z -98.1023 26.9379 0.245633385714 0.247965028571
TA.655A.z -83.2552 29.5107 0.247306869565 0.246565101449
TA.061Z.z -80.907 25.8657 0.247656369048 0.246246809524
TA.S08C.z -118.171 37.4993 0.25017537931 0.250912896552
TA.ANMO.z -106.457 34.9459 0.2523174 0.2540606
TA.H21A.z -107.042 44.6277 0.24355818 0.24267818
TA.R58A.z -78.0034 38.2989 0.243649804878 0.244107695122
TA.K50A.z -82.6231 42.7749 0.244769654321 0.243551641975
TA.K27A.z -102.236 42.7036 0.24556325 0.245880956522
TA.X24A.z -105.435 34.5646 0.246447244898 0.243621673469
TA.352A.z -84.9274 31.4793 0.244880431818 0.244307943182
TA.R58B.z -77.8787 37.9636 0.242569131579 0.24305075
TA.M27A.z -102.387 41.5281 0.244620510638 0.245572042553
TA.U26A.z -103.744 36.3945 0.248472882979 0.247266031915
TA.546A.z -89.7191 30.233 0.24601925 0.2476932125
TA.H12A.z -114.855 44.5494 0.245096274648 0.243977373239
TA.147A.z -88.2708 32.6738 0.244911413793 0.242597758621
TA.W12A.z -114.87 35.301 0.252624973214 0.251819892857
TA.U23A.z -106.192 36.3289 0.247351204082 0.248428091837
TA.E46A.z -84.3062 46.3665 0.240563575 0.23854585
TA.M62A.z -72.8939 41.4423 0.244013283582 0.243675746269
TA.O05C.z -120.918 39.962 0.24718092 0.24629132
TA.J56A.z -76.8579 43.276 0.24321615 0.243355525
TA.WHTX.z -97.4561 31.9913 0.246482205357 0.246289901786
TA.D32A.z -97.0164 47.1354 0.243165338028 0.243501450704
TA.M22A.z -106.596 41.4033 0.247310523437 0.245892609375
TA.BRAL.z -87.0506 31.1687 0.245933225806 0.246011693548
TA.628A.z -102.888 29.4862 0.246098536364 0.247283509091
TA.117A.z -110.739 32.5716 0.249876287129 0.249474722772
TA.E50A.z -80.7378 46.4232 0.243003512821 0.239680615385
TA.645A.z -90.5966 29.4573 0.248899222222 0.249114580247
TA.059A.z -81.144 26.9671 0.245437229885 0.245259114943
TA.F41A.z -89.1046 45.7387 0.2436204375 0.2421128625
TA.PKME.z -69.2917 45.2644 0.245152415385 0.244699384615
TA.J08A.z -118.474 43.358 0.247902356436 0.249178237624
TA.T06C.z -119.709 37.0069 0.250620894737 0.251257
TA.R29A.z -101.138 38.4243 0.247858898876 0.246169359551
TA.S50A.z -84.4003 37.679 0.244110773196 0.244730701031
TA.S28A.z -101.898 37.5899 0.24653241573 0.244583089888
TA.R13A.z -113.969 38.1802 0.245194643678 0.248277517241
TA.T53A.z -82.535 36.9823 0.242249969697 0.242629727273
TA.J04A.z -122.109 43.2406 0.248435482143 0.246767375
TA.WMOK.z -98.7807 34.7379 0.245080043478 0.245505782609
TA.G13A.z -114.233 45.0931 0.244922342657 0.243575972028
TA.B15A.z -112.562 48.3129 0.245447677083 0.2424385
TA.L12A.z -115.016 42.146 0.248812414894 0.24907737234
TA.T31A.z -99.6771 37.0977 0.2461162 0.244115282353
TA.059Z.z -81.4432 26.3373 0.245541707865 0.243990707865
TA.W13A.z -113.885 35.099 0.249918182692 0.250661807692
TA.B16A.z -111.707 48.4128 0.245179638298 0.242290202128
TA.S42A.z -90.7939 37.77 0.240839603175 0.242193142857
TA.C15A.z -112.607 47.775 0.249842457143 0.246307742857
TA.W32A.z -99.2458 35.1238 0.24849967033 0.246953527473
TA.N62A.z -73.4677 40.9313 0.246198289855 0.243427521739
TA.B33A.z -95.588 48.2722 0.2438424375 0.244696208333
TA.J62A.z -71.8127 43.2262 0.243170868421 0.243616684211
TA.X45A.z -89.3931 34.4241 0.245808306667 0.2457674
TA.J40A.z -90.7406 43.3965 0.241157021978 0.240062769231
TA.Z19A.z -109.266 33.2921 0.24909295122 0.249656792683
TA.U40A.z -92.8535 36.3563 0.245110054348 0.245583695652
TA.H13A.z -114.255 44.5642 0.2466338125 0.246586881944
TA.X60A.z -77.9768 34.5773 0.245187294872 0.245529320513
TA.Y32A.z -99.442 34.0036 0.245912449438 0.246534247191
TA.S54A.z -81.3114 37.7997 0.247274107527 0.244410086022
TA.N02C.z -123.306 40.822 0.247898794872 0.243967384615
TA.Y19A.z -109.254 33.9571 0.249840070707 0.251339242424
TA.J26A.z -103.075 43.3126 0.2441902125 0.2437702125
TA.DGMT.z -104.196 48.4702 0.248326671875 0.247332140625
TA.453A.z -84.3197 30.8541 0.246534153846 0.245824205128
TA.Y56A.z -81.3047 33.7922 0.245384179487 0.244271282051
TA.L36A.z -94.6676 42.1009 0.24323562766 0.241730393617
TA.A06A.z -121.48 49.0983 0.249608633803 0.248072774648
TA.R05C.z -120.076 38.7028 0.245957264151 0.244558641509
TA.B23A.z -104.991 48.4643 0.246453142857 0.245417844156
TA.R55A.z -80.1195 38.2825 0.246987068627 0.246361696078
TA.L33A.z -97.2724 42.1659 0.242929094118 0.242955482353
TA.356A.z -82.1275 31.3247 0.243589218391 0.24258708046
TA.D46A.z -84.0357 46.891 0.242572455446 0.241675653465
TA.T11A.z -115.22 37.2408 0.249135982456 0.2517735
TA.R60A.z -76.5807 38.2684 0.245366151163 0.246086813953
TA.S37A.z -94.8279 37.7597 0.245237231884 0.243378304348
TA.F64A.z -68.3496 45.8633 0.241164975 0.2414004
TA.N18A.z -109.673 40.9763 0.248867648936 0.245696212766
TA.O35A.z -95.9097 40.2665 0.243397822222 0.243225177778
TA.MIAR.z -93.5765 34.5454 0.247527684211 0.245482754386
TA.O07A.z -118.877 40.1614 0.25400622 0.25256946
TA.E22A.z -105.949 46.4386 0.246320261364 0.245701181818
TA.K43A.z -88.332 42.7044 0.243857545455 0.242356675325
TA.Q23A.z -105.834 38.9045 0.249114535354 0.245599777778
TA.N37A.z -94.2095 40.7582 0.242458692308 0.241438948718
TA.T43A.z -90.2878 37.0833 0.242982621622 0.240697797297
TA.B13A.z -114.468 48.3739 0.244756166667 0.244990984127
TA.V55A.z -81.2149 35.8518 0.244166336207 0.242315103448
TA.O49A.z -84.3353 40.188 0.242152221053 0.243701568421
TA.TUQ.z -115.924 35.4358 0.2440594 0.246293571429
TA.G42A.z -88.4277 45.2418 0.243795552239 0.243421074627
TA.I21A.z -107.292 43.8122 0.246227351852 0.244272416667
TA.K28A.z -101.367 42.7136 0.245327802326 0.246049418605
TA.FMP.z -118.294 33.7126 0.252523137931 0.24878537931
TA.I05A.z -121.268 44.1626 0.250866884615 0.252054705128
TA.062Z.z -81.0523 24.7266 0.24747487619 0.246475152381
TA.222A.z -107.101 32.1046 0.248144155963 0.249443990826
TA.J11A.z -115.828 43.4151 0.247842155738 0.2458145
TA.441A.z -93.1898 30.7498 0.24536040404 0.24351130303
TA.F46A.z -84.7586 45.7737 0.242336225806 0.242375419355
TA.V17A.z -110.794 35.6218 0.249695163636 0.2500696
TA.FUR.z -116.863 36.4672 0.247568305556 0.246815194444
TA.VBMS.z -90.5177 32.2185 0.246468090909 0.245848535354
TA.E17A.z -110.858 46.462 0.243767767677 0.242509383838
TA.I03A.z -123.278 43.9726 0.247670395833 0.248161854167
TA.M26A.z -103.143 41.4661 0.244616797872 0.245533351064
TA.D56A.z -74.7568 47.0485 0.242957447059 0.241710094118
TA.B32A.z -96.5363 48.3951 0.244036045455 0.243893477273
TA.442A.z -92.4314 30.7119 0.244236076087 0.243891934783
TA.BNLO.z -122.173 37.1311 0.248932098039 0.250072627451
TA.220A.z -108.527 31.9041 0.246329714286 0.248321326531
TA.I57A.z -75.6599 43.9377 0.244170730769 0.243040461538
TA.R26A.z -103.447 38.3009 0.248052656863 0.24688822549
TA.B18A.z -109.777 48.3943 0.242988318182 0.241614034091
TA.K63A.z -71.5283 42.6888 0.242412674699 0.243037228916
TA.C22A.z -105.884 47.7456 0.247817911392 0.247683050633
TA.L19A.z -109.357 42.1012 0.246787505155 0.244718721649
TA.L65A.z -70.0528 42.0295 0.246435894737 0.243814855263
TA.X50A.z -85.6486 34.4596 0.241647857143 0.240355357143
TA.F25A.z -103.458 45.9256 0.242654075269 0.241184021505
TA.LRAL.z -86.9978 33.0348 0.248955773333 0.2457636
TA.O44A.z -88.4671 40.1526 0.242713884615 0.242276089744
TA.I08A.z -118.569 43.9104 0.247453731183 0.247229107527
TA.J48A.z -83.7849 43.2986 0.243754806818 0.243695875
TA.Z55A.z -82.1359 33.2211 0.245177148148 0.244191666667
TA.T35A.z -96.5121 36.9161 0.245666588235 0.248676211765
TA.L44A.z -87.9119 42.1782 0.2432506 0.243255825
TA.Z45A.z -89.6913 33.3705 0.245726166667 0.244595166667
TA.CBN.z -77.3732 38.2046 0.2473995 0.244749166667
TA.H34A.z -95.777 44.6673 0.243175298851 0.243263183908
TA.L63A.z -71.6095 41.8631 0.247149052632 0.244303592105
TA.A08A.z -119.272 48.9534 0.249677590361 0.249038795181
TA.157A.z -80.9972 32.678 0.246219457944 0.246776570093
TA.G29A.z -99.9234 45.1926 0.242979193182 0.240574579545
TA.S16A.z -111.596 37.7222 0.249249804124 0.246752886598
TA.C30A.z -98.4783 47.7026 0.242669966292 0.242640191011
TA.S13A.z -113.86 37.5808 0.2489016875 0.249286383929
TA.Q61A.z -75.3256 38.8799 0.243958263736 0.244231593407
TA.221A.z -107.778 32.0094 0.24676607767 0.248521378641
TA.I26A.z -102.86 44.0309 0.243091422222 0.244525944444
TA.O51A.z -82.6056 40.147 0.244985962264 0.244985660377
TA.P47A.z -86.2699 39.4869 0.245687097222 0.244305291667
TA.H19A.z -108.986 44.6704 0.245367764151 0.244706707547
TA.D47A.z -83.1038 47.0558 0.24202705814 0.241663081395
TA.E26A.z -102.462 46.4712 0.242657102041 0.241504693878
TA.X26A.z -103.81 34.5508 0.247809928571 0.247701663265
TA.I07A.z -119.504 44.082 0.24967195098 0.247866313725
TA.229A.z -101.811 31.9671 0.242481988372 0.241710034884
TA.K58A.z -75.6473 42.7633 0.246689894737 0.246525157895
TA.W30A.z -100.577 35.1818 0.24206554023 0.243948241379
TA.D52A.z -78.4117 46.9764 0.240678263158 0.238811868421
TA.H42A.z -88.5311 44.5091 0.247967904762 0.245127396825
TA.553A.z -84.4317 30.189 0.247444586667 0.245718853333
TA.A30A.z -98.3009 48.9402 0.247966226804 0.246719618557
TA.L60A.z -74.2226 41.989 0.246731588235 0.246684611765
TA.959A.z -80.8791 27.524 0.245725258427 0.244423123596
TA.H38A.z -92.282 44.6753 0.242622123457 0.241972666667
TA.B21A.z -107.017 48.4278 0.246964636364 0.244327090909
TA.F03A.z -123.559 45.9306 0.24773612 0.248562373333
TA.K56A.z -77.3244 42.6981 0.246672188235 0.246063588235
TA.PAL.z -73.9079 41.0056 0.243205888889 0.242906074074
TA.O02C.z -122.788 40.1767 0.245576 0.243131983871
TA.M33A.z -97.195 41.5726 0.243360128571 0.245069457143
TA.150A.z -86.022 32.6067 0.240290460317 0.240651333333
TA.P44A.z -88.6209 39.4676 0.242495338028 0.240613830986
TA.T59A.z -77.5541 36.9716 0.245658546512 0.24328927907
TA.L48A.z -84.4329 41.9438 0.242892055556 0.243537444444
TA.F39A.z -90.919 45.9153 0.245664310811 0.24357527027
TA.SMM.z -119.996 35.3142 0.248636755556 0.249269333333
TA.K19A.z -108.847 42.8247 0.246324458333 0.244728666667
TA.149A.z -86.7916 32.5983 0.244391234375 0.24394265625
TA.E33A.z -96.0054 46.5035 0.243158871429 0.241346914286
TA.L11A.z -115.754 42.1669 0.247104583333 0.248994564815
TA.H62A.z -71.1559 44.5743 0.246270179775 0.244827438202
TA.T32A.z -98.9247 37.1797 0.248805549451 0.246587978022
TA.C19A.z -109.049 47.7343 0.244363576471 0.243615352941
TA.N17A.z -110.834 40.9425 0.247740883495 0.244374834951
TA.455A.z -83.026 30.7422 0.245134213483 0.244345247191
TA.T55A.z -80.7843 37.117 0.245893284314 0.244814607843
TA.B07A.z -120.12 48.4607 0.246453481928 0.245331987952
TA.W29A.z -101.648 35.1212 0.245415674419 0.245216848837
TA.L55A.z -78.4368 42.1831 0.244510257576 0.243643484848
TA.D06A.z -120.844 47.1935 0.247095166667 0.247027690476
TA.V42A.z -91.39 35.806 0.243220811765 0.243059541176
TA.146A.z -89.0573 32.6368 0.245010849462 0.246924505376
TA.J03A.z -122.965 43.3717 0.2515432 0.2466144
TA.135A.z -97.4099 32.5573 0.246039390805 0.246377436782
TA.J59A.z -74.5041 43.4647 0.247180392405 0.245916810127
TA.N10A.z -116.508 40.7186 0.249906516129 0.251604021505
TA.G43A.z -87.6861 45.2572 0.243551836066 0.243354377049
TA.Z53A.z -83.5713 33.2801 0.248732267857 0.247332196429
TA.D59A.z -71.8358 47.0073 0.242174707317 0.241380780488
TA.148A.z -87.571 32.6469 0.244017626866 0.241626746269
TA.O16A.z -111.502 40.2067 0.249480313725 0.248659931373
TA.Z24A.z -105.365 33.3298 0.245981564516 0.245891290323
TA.W47A.z -87.5946 35.2511 0.244767415385 0.243314276923
TA.E61A.z -70.489 46.4312 0.244514563218 0.243376287356
TA.N32A.z -98.2955 40.7639 0.2445936 0.243813852632
TA.I24A.z -104.626 43.8594 0.244096029412 0.243439637255
TA.C27A.z -101.503 47.7139 0.244248402439 0.242077073171
TA.D53A.z -77.7001 47.0795 0.242692296875 0.242066765625
TA.452A.z -85.183 30.8492 0.242783888889 0.245869396825
TA.G61A.z -71.5273 45.2827 0.245701963415 0.244598902439
TA.T49A.z -85.5334 37.105 0.246375478261 0.244630391304
TA.J06A.z -120.153 43.2515 0.247364358025 0.248481592593
TA.F34A.z -95.2581 45.7954 0.243061218391 0.240003045977
TA.L64A.z -70.8391 41.9359 0.243782790323 0.244141193548
TA.N34A.z -96.5005 40.8378 0.245706168421 0.245154294737
TA.D13A.z -114.459 47.0943 0.245339149254 0.244203977612
TA.248A.z -87.7393 32.094 0.247174554348 0.245292891304
TA.Q44A.z -89.017 38.9032 0.243630566667 0.242510622222
TA.J10A.z -116.767 43.4275 0.248710121495 0.246871411215
TA.H48A.z -83.3249 44.7006 0.245008355556 0.244108633333
TA.M12A.z -114.915 41.4157 0.249438679612 0.249848398058
TA.155A.z -82.4665 32.6219 0.248017166667 0.24848422619
TA.S51A.z -83.5935 37.6392 0.242357397849 0.243841311828
TA.S43A.z -90.0754 37.5716 0.241864833333 0.243923177778
TA.R30A.z -100.277 38.2844 0.244730921348 0.243791910112
TA.W59A.z -78.443 35.1673 0.247670426966 0.247771988764
TA.Z23A.z -106.232 33.2621 0.244602809524 0.247377825397
TA.C35A.z -93.9763 47.7007 0.243969702703 0.243887986486
TA.S55A.z -80.5013 37.7724 0.246953281553 0.245351718447
TA.M51A.z -82.1831 41.3321 0.244011908333 0.243166683333
TA.W42A.z -91.5224 35.2732 0.244377671429 0.244223885714
TA.A28A.z -100.267 48.9096 0.244461717391 0.243814619565
TA.657A.z -81.8665 29.5852 0.248545430769 0.247346446154
TA.G06A.z -120.635 45.2357 0.248055650943 0.246325245283
TA.F49A.z -82.0423 45.7627 0.24049955 0.24127631
TA.152A.z -84.7188 32.6686 0.248184101266 0.249754607595
TA.340A.z -93.8896 31.4167 0.245075076923 0.246072208791
TA.H27A.z -102.077 44.6329 0.243306682927 0.242632756098
TA.Z22A.z -106.964 33.2555 0.246827604938 0.246145320988
TA.B10A.z -117.225 48.2995 0.244647931034 0.241507137931
TA.A19A.z -108.743 48.9286 0.245719388889 0.245664611111
TA.RCT.z -119.244 36.3052 0.250953972222 0.246603944444
TA.V20A.z -108.466 35.7992 0.246326276596 0.246212510638
TA.G18A.z -109.563 45.3171 0.245700431579 0.244885568421
TA.V32A.z -99.0437 35.7202 0.24555675 0.245423647727
TA.LGU.z -119.066 34.1082 0.250266863636 0.247483545455
TA.U55A.z -81.0472 36.5023 0.242628240385 0.241739067308
TA.327A.z -103.492 31.3691 0.247904388889 0.245360055556
TA.O03C.z -122.032 39.9971 0.2500584 0.24703404
TA.J63A.z -71.0781 43.2792 0.243954104478 0.244214507463
TA.L41A.z -90.4977 42.0751 0.244216322581 0.241761483871
TA.MCWV.z -79.8456 39.6581 0.244997409836 0.242199918033
TA.319A.z -109.281 31.3757 0.249283154639 0.248605804124
TA.Q34A.z -96.9408 38.9214 0.244353735294 0.247165485294
TA.GOGA.z -83.4666 33.4112 0.240962055556 0.241905811111
TA.Q13A.z -114.02 38.9551 0.247528650485 0.248201213592
TA.O33A.z -97.5845 40.0755 0.24262623913 0.241725304348
TA.T24B.z -105.382 37.0624 0.244078452381 0.2438695
TA.Q56A.z -79.1871 39.041 0.246513593023 0.2467455
TA.F29A.z -99.8273 45.8336 0.243864318681 0.243572648352
TA.539A.z -94.7236 30.1084 0.250000369231 0.249211230769
TA.T34A.z -97.1883 37.0222 0.244508041667 0.245877152778
TA.LONY.z -74.5829 44.6197 0.2425628625 0.24140695
TA.Q53A.z -81.5251 38.8586 0.24460488 0.24923757
TA.H24A.z -104.552 44.7473 0.244771444444 0.245561848485
TA.N42A.z -90.0345 40.829 0.24444509375 0.24514565625
TA.I13A.z -114.117 43.9146 0.246454896774 0.246757587097
TA.P21A.z -107.449 39.524 0.248755660714 0.247119669643
TA.T27A.z -102.721 37.0614 0.244558619048 0.245578607143
TA.444A.z -90.7463 30.7153 0.2495962 0.249829377778
TA.I02A.z -123.83 44.0035 0.252273774194 0.251533048387
TA.P20A.z -108.391 39.4998 0.246628759615 0.247186634615
TA.R04C.z -120.936 38.2571 0.248518017544 0.248635894737
TA.S14A.z -113.168 37.7601 0.248070537736 0.246274207547
TA.Y22A.z -106.965 33.937 0.248884154762 0.246298333333
TA.O24A.z -105.073 40.1227 0.245125425532 0.244121202128
TA.D09A.z -118.309 47.0615 0.245919089744 0.245927910256
TA.Q47A.z -86.4261 38.9362 0.245021525641 0.245458474359
TA.734A.z -98.5576 28.8473 0.246736819149 0.247523808511
TA.W14A.z -113.083 35.2127 0.250568547368 0.253464694737
TA.O28A.z -101.773 40.1262 0.24484470297 0.243328485149
TA.CBKS.z -99.7374 38.814 0.248110190476 0.247354571429
TA.Y18A.z -110.034 33.7776 0.25058452 0.250891426667
TA.C06A.z -120.894 47.923 0.248099876923 0.246222107692
TA.Y37A.z -95.621 33.9789 0.246046233766 0.244661519481
TA.X15A.z -112.237 34.4866 0.2505718125 0.25234515625
TA.P39A.z -92.7549 39.4877 0.2474787 0.2504858
TA.555A.z -82.9666 30.1212 0.247490924242 0.245546515152
TA.K12A.z -114.903 42.636 0.248446509091 0.249217
TA.N44A.z -88.1333 40.7953 0.243839391304 0.242324289855
TA.957A.z -82.2357 27.6702 0.24361372 0.24259654
TA.U41A.z -91.9203 36.344 0.241822 0.244099578313
TA.J24A.z -104.661 43.3305 0.24297243 0.244377
TA.R16A.z -111.483 38.2843 0.24954210101 0.248187636364
TA.P09A.z -117.14 39.5516 0.247259883117 0.248112467532
TA.Z36A.z -96.4344 33.2702 0.250904793651 0.249353
TA.I62A.z -71.3359 43.8743 0.246223397727 0.244963238636
TA.123A.z -106.262 32.6349 0.24819772093 0.248574290698
TA.BINY.z -75.9861 42.1993 0.245265721519 0.245329746835
TA.Z40A.z -93.3995 33.2584 0.247321395604 0.247014450549
TA.SSPA.z -77.8876 40.6358 0.24399445122 0.243709097561
TA.C17A.z -110.763 47.6327 0.245086747368 0.244592463158
TA.435B.z -97.585 30.7827 0.247173304348 0.246807434783
TA.F43A.z -87.1694 45.8313 0.242259546667 0.241454573333
TA.D20A.z -108.136 47.0911 0.245847217391 0.24605601087
TA.MDND.z -99.6029 47.8481 0.24673746988 0.245680542169
TA.T21A.z -107.534 36.9914 0.246463384615 0.247509910256
TA.SDCO.z -105.501 37.7456 0.254012190476 0.255041095238
TA.O19A.z -109.124 40.2982 0.246774973913 0.244465713043
TA.F63A.z -69.1029 45.703 0.245493073171 0.245510902439
TA.J43A.z -88.4185 43.3808 0.245928253731 0.244666955224
TA.H07A.z -119.565 44.5913 0.25050713253 0.250785421687
TA.K29A.z -100.318 42.7612 0.244281608247 0.243932103093
TA.RLMT.z -109.267 45.1221 0.247929315789 0.249330815789
TA.F51A.z -79.915 45.9284 0.240195617647 0.241563014706
TA.332A.z -99.7423 31.3829 0.246646712644 0.245673390805
TA.M21A.z -107.364 41.6067 0.247665678161 0.247729827586
TA.N60A.z -75.1 40.8704 0.248704051948 0.247378298701
TA.U29A.z -101.27 36.4519 0.245195076923 0.243466705128
TA.S04C.z -121.328 37.5049 0.2506666875 0.251436166667
TA.242A.z -92.1521 32.0617 0.24702925 0.246826322917
TA.V36A.z -95.9425 35.7863 0.245713283582 0.242309552239
TA.223A.z -106.428 32.0062 0.249862118812 0.248461623762
TA.N46A.z -86.7352 40.8949 0.244754493151 0.244828712329
TA.H20A.z -107.999 44.4868 0.245179910891 0.242180168317
TA.U30A.z -100.651 36.5304 0.247576988636 0.247364829545
TA.G54A.z -78.0898 45.3979 0.241549866667 0.24089276
TA.M14A.z -113.347 41.503 0.247297364706 0.246782917647
TA.Q42A.z -90.5331 38.912 0.243074095745 0.244237010638
TA.L21A.z -107.369 41.9641 0.2444993 0.242627975
TA.V35A.z -96.8378 35.7626 0.246178319444 0.245940694444
TA.F36A.z -93.5241 45.8618 0.240739876404 0.239288325843
TA.D63A.z -68.1066 47.037 0.244018533333 0.243291266667
TA.L17A.z -110.873 42.0995 0.245421588235 0.246217323529
TA.E32A.z -97.0701 46.5927 0.245206573333 0.24234324
TA.060A.z -80.3618 27.0361 0.245567484211 0.244996115789
TA.F40A.z -90.1217 45.919 0.240071038961 0.239943675325
TA.C33A.z -95.7725 47.7586 0.244011891892 0.243135
TA.G46A.z -84.8621 45.3176 0.24468248 0.243895226667
TA.V22A.z -106.909 35.9138 0.248852904255 0.248105819149
TA.454A.z -83.6302 30.7145 0.248043183908 0.246897356322
TA.K30A.z -99.6131 42.6742 0.244255701149 0.242999091954
TA.K10A.z -116.87 42.7779 0.249588767241 0.24954375
TA.440A.z -93.9587 30.7456 0.247854014925 0.245242358209
TA.I63A.z -70.5809 44.0505 0.243018869048 0.242673583333
TA.MONP2.z -116.422 32.892 0.250618933333 0.247475066667
TA.KSU1.z -96.6094 39.1009 0.240834194444 0.243944388889
TA.L31A.z -98.8387 42.176 0.24542972449 0.243200010204
TA.449A.z -87.2151 30.7596 0.247120861538 0.247222446154
TA.X44A.z -90.1462 34.4998 0.246421455882 0.247650794118
TA.V52A.z -83.5959 35.8417 0.244927011905 0.24456397619
TA.W58A.z -79.2333 35.0208 0.2438553 0.2434447
TA.N15A.z -112.52 40.8903 0.247666930769 0.247018315385
TA.C28A.z -100.387 47.7157 0.243648904762 0.242111309524
TA.TZTN.z -83.549 36.5439 0.246340356322 0.245111954023
TA.H29A.z -100.213 44.6261 0.246428986486 0.245302202703
TA.H43A.z -87.7704 44.4697 0.24469 0.244367194805
TA.443A.z -91.7809 30.7642 0.248514611111 0.248405088889
TA.A17A.z -110.699 48.9448 0.248275307692 0.245517703297
TA.E53A.z -77.6638 46.3784 0.240878873016 0.239230079365
TA.451A.z -85.7467 30.616 0.242390478261 0.243633565217
TA.B25A.z -103.161 48.2716 0.2455274 0.244611463158
TA.W36A.z -96.2264 35.1393 0.245653056818 0.24512475
TA.H53A.z -78.5832 44.5736 0.238629295775 0.23863171831
TA.122A.z -107.001 32.6995 0.247252842697 0.24684388764
TA.H58A.z -74.1798 44.4176 0.245281771084 0.245640337349
TA.C04A.z -122.972 47.7172 0.2463240625 0.244298525
TA.N36A.z -94.9604 40.8156 0.244544481928 0.243426506024
TA.P23A.z -105.839 39.3741 0.246172103774 0.243362433962
TA.V57A.z -79.7758 35.8875 0.247935462366 0.248347387097
TA.L08A.z -118.344 42.1901 0.247113701149 0.248546275862
TA.ARV.z -118.83 35.1269 0.250476642857 0.249455214286
TA.N19A.z -109.177 40.8936 0.248328616162 0.243951474747
TA.L50A.z -82.8095 42.043 0.243760797753 0.24173988764
TA.236A.z -96.531 31.9997 0.245312337662 0.246124571429
TA.U13A.z -113.965 36.4151 0.250204714286 0.253078732143
TA.J49A.z -83.1389 43.36 0.245204670455 0.243708011364
TA.B04A.z -123.504 48.0575 0.246689072464 0.246298855072
TA.538A.z -95.49 30.2219 0.247519618421 0.248492947368
TA.B11A.z -116.367 48.4366 0.243962276316 0.243539815789
TA.Y29A.z -101.671 33.8602 0.246711851852 0.245277345679
TA.K25A.z -103.87 42.612 0.243500505051 0.243387565657
TA.F33A.z -96.2929 45.8398 0.244813560976 0.24197904878
TA.HAST.z -121.551 36.3887 0.246834428571 0.247476530612
TA.253A.z -84.1294 32.0612 0.2474776 0.2473413875
TA.234A.z -98.1368 32.004 0.245382958763 0.243602917526
TA.N29A.z -100.626 40.8189 0.247013534884 0.245315174419
TA.O58A.z -76.9228 40.1231 0.24716972619 0.24488802381
TA.M65A.z -70.6466 41.562 0.245903174603 0.246155825397
TA.F24A.z -104.445 45.8452 0.244517636364 0.242459215909
TA.X47A.z -87.8571 34.5178 0.242729179104 0.242252
TA.Y13A.z -113.829 33.8142 0.250167746835 0.249827544304
TA.V13A.z -113.984 35.8522 0.24996406422 0.248295238532
TA.S40A.z -92.5014 37.5988 0.243082092105 0.241578763158
TA.G36A.z -93.7509 45.2344 0.244243698795 0.243664650602
TA.Q21A.z -107.574 38.8347 0.245147638095 0.246572466667
TA.GSC.z -116.806 35.3018 0.252277171429 0.252105257143
TA.P22A.z -106.759 39.5952 0.245775647059 0.24361827451
TA.X31A.z -99.9793 34.6309 0.245024652632 0.245123094737
TA.554A.z -83.6836 30.0841 0.244133086207 0.243614310345
TA.224A.z -105.523 32.076 0.24498146729 0.24406711215
TA.L02A.z -123.602 42.156 0.246654050847 0.248077728814
TA.B26A.z -102.234 48.3762 0.244831216867 0.244156674699
TA.N09A.z -117.524 40.852 0.24862425974 0.248539285714
TA.E31A.z -97.8879 46.5583 0.2434750375 0.2431071375
TA.Y36A.z -96.2848 33.8996 0.249220985714 0.247683728571
TA.J19A.z -109.053 43.2649 0.246802309091 0.244644109091
TA.141A.z -92.9049 32.6046 0.24760548 0.24699888
TA.R52A.z -82.6443 38.3366 0.24529155102 0.244030510204
TA.T18A.z -109.874 37.1364 0.246041660377 0.246755009434
TA.D60A.z -70.9237 46.9139 0.243527034483 0.242628908046
TA.F59A.z -72.7833 45.8513 0.242278752688 0.241420752688
TA.L28A.z -101.52 42.0073 0.245692216867 0.24423446988
TA.Y16A.z -111.478 33.8798 0.250963977011 0.250666402299
TA.A12A.z -115.653 48.9339 0.243497845588 0.246841213235
TA.A07A.z -120.384 49.048 0.247037741573 0.246828269663
TA.L16A.z -111.432 42.0149 0.246221098039 0.244898029412
TA.L56A.z -77.5591 42.1365 0.245367063291 0.245264746835
TA.U34A.z -97.5354 36.4365 0.248291935484 0.247399258065
TA.P14A.z -113.069 39.5906 0.249399564103 0.250124
TA.I33A.z -96.7989 44.0475 0.243713318182 0.243184340909
TA.D15A.z -112.52 47.0418 0.246701751678 0.245976765101
TA.X13A.z -113.83 34.5935 0.249790644444 0.249520433333
TA.A05A.z -122.085 48.9983 0.249556032258 0.247552827957
TA.P41A.z -91.0619 39.675 0.243917012821 0.244145884615
TA.R48A.z -85.8714 38.4001 0.244359185714 0.2452072
TA.S53A.z -82.1264 37.6815 0.246186638889 0.243501194444
TA.K06A.z -120.251 42.7991 0.248607788462 0.249982365385
TA.L47A.z -85.2021 41.9756 0.246401274194 0.242675887097
TA.O56A.z -78.5663 40.2683 0.24507169863 0.244085109589
TA.I41A.z -89.8697 44.0592 0.243496853659 0.243984073171
TA.N07B.z -118.971 40.7797 0.251150534884 0.249312662791
TA.T16A.z -111.506 36.9839 0.25029015534 0.250005854369
TA.136A.z -96.5297 32.4746 0.243683897059 0.244747397059
TA.R32A.z -98.7111 38.4225 0.24749188172 0.245636516129
TA.JFWS.z -90.2481 42.9142 0.242377810345 0.240135482759
TA.RSSD.z -104.036 44.1212 0.247978958904 0.246515575342
TA.E34A.z -95.1691 46.5136 0.24292821519 0.241456481013
TA.C03A.z -124.566 47.9475 0.247875808511 0.247581617021
TA.M03C.z -122.122 41.2742 0.249608170213 0.250000659574
TA.O21A.z -107.47 40.2149 0.247108283333 0.246453533333
TA.R56A.z -79.4031 38.4071 0.245886493151 0.24393730137
TA.W52A.z -83.9277 35.0935 0.243633195402 0.242079712644
TA.445A.z -90.338 30.7303 0.249529235294 0.251603411765
TA.A25A.z -103.113 48.9388 0.250543961538 0.248499865385
TA.H36A.z -93.9281 44.5775 0.241783170455 0.241418159091
TA.N56A.z -78.2953 40.9171 0.24820515 0.24581225
TA.G16A.z -111.805 45.2285 0.244903829268 0.245837304878
TA.X41A.z -92.5137 34.4949 0.247224988506 0.247564103448
TA.V62A.z -75.957 35.5612 0.24710112 0.24519475
TA.G23A.z -105.391 45.2012 0.244324753086 0.242977901235
TA.631A.z -100.576 29.4123 0.242432831579 0.242212621053
TA.Z42A.z -91.9474 33.2739 0.246652698795 0.24618339759
TA.P17A.z -110.74 39.473 0.246400654206 0.244972140187
TA.A32A.z -96.4935 48.9172 0.245960535211 0.245195239437
TA.B20A.z -108.021 48.4389 0.24285738961 0.241528922078
TA.D26A.z -102.436 47.0301 0.24679258427 0.244271033708
TA.P05C.z -120.608 39.3028 0.249252166667 0.246858277778
TA.P51A.z -83.0601 39.4818 0.244709508772 0.245532649123
TA.A10A.z -117.559 48.9813 0.248675105263 0.248554031579
TA.I15A.z -112.485 43.9997 0.247897211009 0.250421036697
TA.T51A.z -83.9454 36.9655 0.244432883117 0.243575025974
TA.O26A.z -103.313 40.2422 0.244364438202 0.243071921348
TA.K40A.z -91.1383 42.6999 0.244439078652 0.241732662921
TA.P11A.z -115.754 39.553 0.246638471698 0.245452566038
TA.214A.z -112.812 31.9559 0.247646 0.247656961538
TA.B12A.z -115.589 48.4694 0.241978062992 0.242634976378
TA.I53A.z -79.5912 43.8238 0.24428252381 0.243365507937
TA.X43A.z -90.8812 34.518 0.245042816901 0.245021873239
TA.124A.z -105.454 32.7001 0.246208693878 0.247102408163
TA.T54A.z -81.5762 37.0608 0.245459860215 0.242968516129
TA.732A.z -99.9707 28.7292 0.244966494505 0.244788021978
TA.T22A.z -106.903 37.0138 0.246498197531 0.246664617284
TA.Q37A.z -94.4522 38.8763 0.247134534653 0.244593683168
TA.F19A.z -108.944 45.8538 0.242932851064 0.243402904255
TA.C26A.z -102.096 47.8259 0.242479181818 0.241288896104
TA.J15A.z -112.433 43.3998 0.24824612766 0.249076648936
TA.I23A.z -105.463 43.9605 0.243017598039 0.24241922549
TA.Q48A.z -85.7311 38.9295 0.244085733333 0.242747766667
TA.Z43A.z -91.2441 33.21 0.247825493506 0.244791090909
TA.Y41A.z -92.6113 33.8807 0.243585070588 0.243214952941
TA.N23A.z -105.944 40.8947 0.246263445545 0.24577960396
TA.133A.z -98.9162 32.6083 0.242829863636 0.241806693182
TA.I38A.z -92.3306 44.0405 0.244957704762 0.243121704762
TA.W19A.z -109.388 35.1118 0.249347936709 0.24779164557
TA.J05A.z -121.236 43.2843 0.249624683333 0.25036595
TA.V05C.z -119.903 35.8667 0.254079363636 0.252521072727
TA.S17A.z -110.802 37.6354 0.248452265306 0.246428612245
TA.J42A.z -89.1234 43.3179 0.243253523077 0.2434098
TA.Z29A.z -101.706 33.2595 0.246127164384 0.243689315068
TA.M08A.z -118.379 41.4483 0.247423423077 0.248502589744
TA.KMSC.z -81.3333 35.142 0.243649213592 0.24222231068
TA.O60A.z -75.405 40.3177 0.245945833333 0.2449605
TA.K11A.z -116.032 42.7713 0.251210464646 0.250360333333
TA.Y50A.z -85.7347 33.8911 0.243923662162 0.244277067568
TA.Z13A.z -113.657 33.1999 0.249674457143 0.252728542857
TA.228A.z -102.592 32.118 0.245139465909 0.244296340909
TA.060Z.z -80.556 26.4062 0.246921851852 0.245574419753
TA.134A.z -98.0795 32.5729 0.245794769231 0.245498032967
TA.N63A.z -72.5206 40.9878 0.245151027397 0.244282630137
TA.448A.z -87.8608 30.9309 0.244969926316 0.2452704
TA.P13A.z -114.016 39.455 0.251473333333 0.251142
TA.S49A.z -85.2875 37.7849 0.244309653465 0.24399829703
TA.B17A.z -110.799 48.2921 0.243756744186 0.242133546512
TA.058A.z -81.8049 27.0569 0.247116934783 0.244462152174
TA.T39A.z -93.3774 37.0241 0.244124468354 0.243848
TA.N40A.z -91.5837 40.8841 0.242868829545 0.240194920455
TA.T52A.z -82.9852 37.1076 0.242328888889 0.240900711111
TA.R57A.z -78.5232 38.297 0.243610649351 0.241294636364
TA.N53A.z -80.8377 40.8065 0.245704242105 0.243428684211
TA.P25A.z -104.168 39.5125 0.245766978261 0.244346978261
TA.I29A.z -100.303 44.0215 0.244859772727 0.244101920455
TA.F42A.z -88.1347 45.7587 0.242152388235 0.240597929412
TA.K52A.z -80.7139 42.7805 0.24322686747 0.24190586747
TA.Q22A.z -106.91 38.8627 0.247291192982 0.245155052632
TA.HDIL.z -89.294 40.5559 0.243079213483 0.241879426966
TA.526A.z -104.09 30.0609 0.244848231579 0.245890621053
TA.857A.z -82.2291 28.267 0.246221156863 0.246665764706
TA.V45A.z -88.9591 35.7403 0.245700989011 0.247112505495
TA.U37A.z -95.1161 36.406 0.245736064935 0.245780922078
TA.E41A.z -88.9636 46.4643 0.245213305556 0.24420125
TA.C34A.z -94.9106 47.6501 0.242717487179 0.24258525641
