TA.324A.z -105.483 31.4425 0.25844602459 0.258355286885
TA.118A.z -109.97 32.6399 0.263177770492 0.26190692623
TA.O10A.z -116.5 40.2917 0.265269362319 0.265463644928
TA.Z17A.z -110.472 33.2969 0.264223368932 0.263060728155
TA.TIGA.z -83.5898 31.4389 0.25275903125 0.251740539062
TA.Y22C.z -106.921 34.0741 0.256597 0.254278
TA.M11A.z -115.791 41.4311 0.268112576923 0.267896
TA.H14A.z -113.367 44.6165 0.266874363636 0.266831082645
TA.F48A.z -82.6185 45.8278 0.250709448529 0.250503397059
TA.L05A.z -120.834 42.0472 0.27018152381 0.269514507937
TA.Q50A.z -83.979 38.8436 0.250816042254 0.250895147887
TA.U15A.z -112.291 36.428 0.264534221154 0.264015336538
TA.B28A.z -100.362 48.4492 0.250209541985 0.249765045802
TA.B05A.z -122.096 48.2641 0.258089277778 0.258015744444
TA.M47A.z -85.6214 41.3594 0.247948109375 0.247215226562
TA.R50A.z -84.3274 38.2816 0.251460264286 0.251519657143
TA.W18A.z -109.736 35.1181 0.262546 0.263238865079
TA.M04C.z -121.839 41.7826 0.265827575758 0.267420348485
TA.635A.z -97.7736 29.3877 0.254603961832 0.255211091603
TA.A15A.z -112.733 48.9777 0.257050424242 0.2564475
TA.EYMN.z -91.4953 47.9462 0.249898653846 0.249808476923
TA.Q26A.z -103.52 38.9234 0.257815858268 0.257679
TA.K04A.z -121.731 42.6133 0.268963314286 0.268341214286
TA.J28A.z -101.236 43.4239 0.254255433071 0.254458551181
TA.E04A.z -122.72 46.5934 0.261967931034 0.261427103448
TA.F07A.z -119.928 45.8951 0.263120223077 0.262804569231
TA.S48A.z -86.0569 37.6574 0.250973336538 0.250706826923
TA.D57A.z -73.8878 47.0172 0.251880450549 0.251541373626
TA.D62A.z -69.0501 47.0819 0.251606392157 0.251109598039
TA.X50B.z -85.6499 34.4611 0.253381863636 0.253686829545
TA.R10A.z -116.302 38.2886 0.266722421053 0.266865323308
TA.F62A.z -69.9664 45.8968 0.252122877778 0.251188877778
TA.LAVA.z -120.74 38.7552 0.259324173333 0.25970656
TA.U04C.z -120.783 36.3627 0.259372852941 0.258219455882
TA.N39A.z -92.5023 40.8776 0.252646960265 0.251491152318
TA.O15A.z -112.469 40.2807 0.266547492308 0.266009038462
TA.K07A.z -119.247 42.6912 0.270165520408 0.27005294898
TA.P52A.z -82.1325 39.6337 0.249682251397 0.249742469274
TA.R38A.z -93.9056 38.1868 0.24866922963 0.248309481481
TA.R53A.z -81.9522 38.3307 0.254748551948 0.254051525974
TA.Z31A.z -100.144 33.3183 0.254195545455 0.253920818182
TA.K42A.z -89.3457 42.7792 0.247467942857 0.246847619048
TA.H33A.z -96.7434 44.6812 0.249853919118 0.248963985294
TA.241A.z -92.9188 32.0227 0.256619962687 0.256150791045
TA.N55A.z -78.9862 40.7808 0.2507903125 0.250567044643
TA.B06A.z -121.484 48.5183 0.260154330357 0.260320330357
TA.Q25A.z -104.247 38.9145 0.261167353448 0.26067875
TA.J36A.z -94.3395 43.3292 0.251771020979 0.250665755245
TA.D22A.z -106.18 47.1498 0.254846065041 0.254741390244
TA.L35A.z -95.5448 42.1123 0.253253792857 0.2532292
TA.I37A.z -93.4003 44.0148 0.252032693878 0.251307217687
TA.K46A.z -85.7834 42.6864 0.247233888 0.24635484
TA.933A.z -99.2746 27.6133 0.257751090909 0.256657227273
TA.D17A.z -110.687 47.1523 0.257176690476 0.257181460317
TA.Y49A.z -86.4119 33.8577 0.251756601695 0.251365194915
TA.M13A.z -114.165 41.3602 0.265961233871 0.265443846774
TA.R36A.z -95.504 38.3237 0.252035379845 0.251581565891
TA.IRM.z -115.145 34.1574 0.260601704545 0.258349045455
TA.JCT.z -99.8022 30.4794 0.254133536765 0.254410522059
TA.V27A.z -102.836 35.7569 0.258676705882 0.258693745098
TA.J20A.z -108.084 43.3531 0.257669643357 0.257366874126
TA.SNCC.z -119.524 33.2479 0.2533405 0.25169475
TA.Q11A.z -115.654 38.8455 0.265041909774 0.265106142857
TA.H57A.z -75.3905 44.4624 0.252143472222 0.251076712963
TA.233A.z -98.8998 32.0179 0.250867883721 0.249830147287
TA.Y42A.z -91.7871 33.8364 0.255492345588 0.255083279412
TA.O54A.z -80.3778 40.1821 0.252269237179 0.250546974359
TA.226A.z -104.101 32.0618 0.260396070175 0.260078701754
TA.330A.z -101.175 31.4063 0.254399798387 0.253342935484
TA.W34A.z -97.7733 35.2352 0.251885664286 0.251397778571
TA.121A.z -107.785 32.5324 0.264879247788 0.264468026549
TA.733A.z -99.2939 28.7192 0.253978946154 0.254148830769
TA.K09A.z -117.725 42.6996 0.270926747368 0.270339063158
TA.V21A.z -107.638 35.8054 0.262114396396 0.262330540541
TA.TUL1.z -95.7919 35.9104 0.253850553957 0.253114143885
TA.M59A.z -75.4321 41.5413 0.249753122951 0.248644483607
TA.P16A.z -111.66 39.6092 0.265833792 0.266922024
TA.116A.z -111.704 32.5618 0.261301966942 0.260888710744
TA.G26A.z -102.599 45.2937 0.254079207692 0.253366
TA.545A.z -90.4894 30.0441 0.258368944 0.257445184
TA.I61A.z -72.2087 43.9323 0.252814472222 0.25192037963
TA.V54A.z -81.9478 35.7771 0.251524951389 0.250588416667
TA.F08A.z -118.777 45.7971 0.262063301587 0.261681190476
TA.K35A.z -95.2328 42.7218 0.251477022727 0.250600348485
TA.R31A.z -99.5271 38.2888 0.25403933913 0.254116669565
TA.W15A.z -112.267 35.1787 0.266845637037 0.267119074074
TA.428A.z -102.685 30.7263 0.258002396825 0.258232246032
TA.M54A.z -79.6647 41.5079 0.25288475 0.252061846774
TA.BLA.z -80.4205 37.2113 0.251966134615 0.252244096154
TA.D05A.z -121.989 47.1881 0.26105302 0.26115551
TA.154A.z -83.1066 32.6131 0.249526268657 0.249513686567
TA.N25A.z -104.087 40.8132 0.259244336134 0.258399731092
TA.I28A.z -101.169 43.9996 0.25175103876 0.251601147287
TA.R18A.z -109.894 38.3862 0.259807504 0.259197952
TA.D14A.z -113.506 47.0816 0.259737701571 0.259134486911
TA.E36A.z -93.2557 46.5177 0.25136319685 0.250644385827
TA.I59A.z -73.8744 43.7957 0.252022947368 0.251949991228
TA.345A.z -90.0309 31.308 0.254236066667 0.253877866667
TA.E47A.z -83.2777 46.4547 0.246572401515 0.246474068182
TA.G15A.z -112.489 45.166 0.26360494012 0.263555107784
TA.542A.z -92.5513 30.1247 0.258310960938 0.257930273437
TA.127A.z -103.357 32.6764 0.256915128 0.256264488
TA.F44A.z -86.4226 45.9737 0.249045756757 0.248594198198
TA.C31A.z -97.7336 47.7927 0.249161574803 0.248031866142
TA.Y40A.z -93.2798 34.0124 0.254296875 0.253537698529
TA.IBP.z -116.093 32.6611 0.262052666667 0.261033
TA.IBP.z -116.093 32.6612 0.2597054 0.260146066667
TA.X20A.z -108.498 34.5421 0.265322938053 0.265214336283
TA.M43A.z -88.9581 41.4365 0.250440859813 0.249944925234
TA.G32A.z -97.4994 45.2555 0.248972738095 0.248258761905
TA.E55A.z -76.0572 46.4538 0.249866859649 0.249670631579
TA.OXF.z -89.4092 34.5118 0.251728938272 0.251072604938
TA.456A.z -82.0223 30.7248 0.251662094488 0.251179
TA.V53A.z -82.8124 35.6694 0.252754083333 0.252418366667
TA.U49A.z -85.7796 36.5129 0.25197797479 0.251757714286
TA.H59A.z -73.6905 44.6455 0.253615033058 0.253016942149
TA.Y17A.z -110.844 33.6953 0.263865528 0.263578944
TA.D24A.z -104.327 47.1152 0.256851453782 0.256957336134
TA.MUR.z -117.195 33.6 0.261401019231 0.261343019231
TA.P33A.z -97.6946 39.4363 0.252826350746 0.252904283582
TA.N48A.z -85.0271 40.8591 0.249871784615 0.249028207692
TA.LBNH.z -71.9259 44.2401 0.250912758621 0.250752163793
TA.K37A.z -93.6388 42.7669 0.250070726619 0.249343035971
TA.G08A.z -118.96 45.2904 0.264222402985 0.264184156716
TA.M19A.z -109.157 41.5047 0.259275412698 0.258755880952
TA.F20A.z -108.149 45.8006 0.254517782609 0.253672471014
TA.D37A.z -92.4262 47.1581 0.247821318182 0.247799962121
TA.I58A.z -74.9733 43.6901 0.251855956897 0.251684594828
TA.ACSO.z -82.982 40.2319 0.250002627778 0.250441177778
TA.W24A.z -105.408 35.2106 0.260766291339 0.260446173228
TA.X46A.z -88.5844 34.5564 0.250618392523 0.24972217757
TA.F58A.z -73.8145 45.8663 0.250281247788 0.249500752212
TA.CCM.z -91.2446 38.0557 0.249291373494 0.248213939759
TA.758A.z -81.1996 28.9621 0.25073096 0.25038836
TA.P50A.z -83.7988 39.6086 0.249171932886 0.248882832215
TA.U16A.z -111.13 36.1428 0.264557262295 0.264289606557
TA.I12A.z -115.133 43.7945 0.266509901639 0.266592245902
TA.SBC.z -119.715 34.4408 0.260305 0.259908348837
TA.A11A.z -116.363 48.958 0.261762684211 0.262375438596
TA.C25A.z -103.256 47.7124 0.255595393939 0.254766916667
TA.Y30A.z -100.898 33.8766 0.253198327434 0.253142380531
TA.G33A.z -96.4383 45.1946 0.249436096774 0.249298016129
TA.P42A.z -90.3443 39.5853 0.250863189394 0.250227893939
TA.D61A.z -70.1868 47.2022 0.254376808696 0.254049078261
TA.M60A.z -74.625 41.3265 0.250705992 0.249390144
TA.D41A.z -88.5657 47.0605 0.250816376812 0.25026173913
TA.M07A.z -119.171 41.3884 0.268942375 0.2687185625
TA.A27A.z -101.241 48.9533 0.253603548148 0.2525684
TA.M10A.z -116.54 41.522 0.266403340741 0.265495725926
TA.AMTX.z -101.681 34.8837 0.256814522388 0.256971686567
TA.J14A.z -113.518 43.3234 0.268773448276 0.269313301724
TA.R25A.z -104.283 38.1474 0.26124362069 0.260910586207
TA.I04A.z -122.411 43.7941 0.265274258065 0.265740951613
TA.B27A.z -101.26 48.4044 0.253321912698 0.251872134921
TA.A22A.z -105.915 48.9926 0.254064123894 0.253563575221
TA.K20A.z -108.342 42.6579 0.258831717742 0.258481709677
TA.U43A.z -90.4057 36.3693 0.253154165138 0.252232146789
TA.SCI2.z -118.547 32.9799 0.2604316875 0.260070833333
TA.G60A.z -72.3337 45.0977 0.255725939655 0.255138137931
TA.D33A.z -95.8448 47.1404 0.245653317073 0.244654666667
TA.I25A.z -103.732 44.0196 0.256617392308 0.257218607692
TA.859A.z -80.8984 28.0592 0.252795632 0.252057592
TA.V44A.z -89.8954 35.8282 0.252211417323 0.25122480315
TA.X23A.z -106.188 34.581 0.262877318182 0.262016472727
TA.120A.z -108.633 32.5466 0.261671946429 0.261136276786
TA.J58A.z -75.2852 43.3603 0.250867632479 0.250727675214
TA.O31A.z -99.3261 40.1521 0.253080516556 0.251844066225
TA.J54A.z -78.6392 43.2728 0.25045772381 0.250253704762
TA.DWPF.z -81.4327 28.1103 0.251957253968 0.251547515873
TA.142A.z -91.9457 32.5488 0.255159965035 0.255582909091
TA.S45A.z -88.5804 37.6774 0.250079946309 0.25013033557
TA.Y25A.z -104.693 33.9229 0.258167617647 0.257243872549
TA.ABTX.z -99.6431 32.6238 0.25427688764 0.253442449438
TA.T15A.z -112.382 37.0183 0.263210410448 0.262995313433
TA.T48A.z -86.3943 37.1094 0.252144555556 0.251502916667
TA.F23A.z -105.406 45.7212 0.254472077586 0.253779844828
TA.P10A.z -116.464 39.6202 0.264734534351 0.264479442748
TA.E58A.z -73.2771 46.3721 0.248876666667 0.247851306306
TA.151A.z -85.3267 32.5269 0.252928181818 0.252309161616
TA.J23A.z -105.552 43.4036 0.257887547619 0.256575007937
TA.T60A.z -76.7349 37.1397 0.250435920635 0.250223793651
TA.D58A.z -72.8826 47.0954 0.251471280374 0.251072242991
TA.R27A.z -102.798 38.2859 0.257714456693 0.257513307087
TA.ERPA.z -79.9891 42.1175 0.251315984252 0.251275291339
TA.C16A.z -111.746 47.8012 0.254553259542 0.254315877863
TA.BGNE.z -98.1502 41.4083 0.253242642857 0.252895571429
TA.GLA.z -114.827 33.0515 0.264145822222 0.263286644444
TA.O32A.z -98.2764 40.261 0.253913944444 0.253235472222
TA.Z37A.z -95.6229 33.1981 0.253382707547 0.252940518868
TA.D25A.z -103.32 47.1508 0.253832875 0.252435132812
TA.L30A.z -99.7196 41.9492 0.253739696429 0.254229821429
TA.G10A.z -117.12 45.2925 0.257392269841 0.258177746032
TA.J33A.z -96.9667 43.3185 0.251785592308 0.251372823077
TA.W39A.z -93.784 35.196 0.253163239726 0.252454520548
TA.H56A.z -76.2594 44.593 0.251009523364 0.250745915888
TA.Y23A.z -106.055 33.9315 0.2623699375 0.262142991071
TA.V43A.z -90.5443 35.7857 0.253356779817 0.252559247706
TA.638A.z -95.4481 29.4193 0.258608698413 0.258001015873
TA.DVT.z -116.101 32.6591 0.246797 0.244757333333
TA.V56A.z -80.4963 35.8097 0.249615878205 0.248887801282
TA.N52A.z -81.6876 40.8125 0.252041215827 0.251465215827
TA.S61A.z -75.6727 37.6804 0.252313833333 0.251937008333
TA.D50A.z -79.8412 47.1668 0.252589383562 0.252473739726
TA.LAO.z -106.223 46.6885 0.255627638889 0.254677388889
TA.450A.z -86.5863 30.8038 0.253545873786 0.253022951456
TA.F55A.z -76.351 45.8338 0.249537048544 0.249072019417
TA.N41A.z -90.8552 40.7077 0.250570395161 0.250284540323
TA.G11A.z -116.268 45.3997 0.258210603306 0.258163123967
TA.M53A.z -80.675 41.4393 0.252896007463 0.252747701493
TA.252A.z -84.7357 31.9962 0.24903216129 0.247962717742
TA.I20A.z -108.128 43.9496 0.259210186207 0.258511689655
TA.X35A.z -96.9731 34.3995 0.249447356061 0.249643068182
TA.833A.z -99.3939 28.3236 0.2529258125 0.252582585937
TA.I49A.z -82.8246 43.94 0.251788775194 0.251455302326
TA.P36A.z -95.206 39.6204 0.251133171642 0.25064338806
TA.T14A.z -113.084 37.0615 0.265226392593 0.265253881481
TA.129A.z -101.866 32.6309 0.253552231405 0.252800264463
TA.O55A.z -79.3041 40.2076 0.250847357798 0.250185623853
TA.LRL.z -117.682 35.4795 0.257259288889 0.256993422222
TA.334A.z -98.2379 31.3325 0.251405452555 0.25018140146
TA.W21A.z -107.648 35.117 0.265105554545 0.265102018182
TA.Z50A.z -85.9226 33.254 0.251928207317 0.252158060976
TA.Z21A.z -107.671 33.3086 0.263535521739 0.261811855072
TA.V23A.z -106.183 35.7452 0.26337704065 0.263043520325
TA.D29A.z -99.5957 47.0605 0.246708214286 0.246539896825
TA.W38A.z -94.5184 35.0704 0.253733890511 0.253485890511
TA.F13A.z -114.332 45.7893 0.261789770115 0.261113465517
TA.Y47A.z -87.8494 33.9025 0.252190947368 0.252397135338
TA.V40A.z -92.8232 35.8044 0.252084761194 0.251683044776
TA.Q40A.z -92.0748 38.9946 0.250066466165 0.250091338346
TA.E05A.z -121.761 46.5605 0.262530333333 0.26323945679
TA.M50A.z -83.0428 41.4035 0.251322543478 0.250442797101
TA.W16A.z -111.532 35.0951 0.266750416667 0.2672488
TA.F14A.z -113.37 45.8122 0.262652698225 0.262152195266
TA.D28A.z -100.569 47.1929 0.24932889313 0.249358175573
TA.Y27A.z -103.163 33.8839 0.259426873684 0.257380757895
TA.J27A.z -102.007 43.2526 0.253993094828 0.254334698276
TA.556A.z -82.4057 30.0015 0.2515895 0.251882520408
TA.J37A.z -93.5527 43.3103 0.250243548611 0.249274715278
TA.231A.z -100.316 31.9353 0.251989504065 0.251267479675
TA.145A.z -89.9287 32.6035 0.255542907143 0.254922164286
TA.627A.z -103.389 29.4528 0.261469720339 0.261439
TA.C11A.z -116.256 47.8397 0.254639455357 0.2546145625
TA.W33A.z -98.4686 35.1518 0.251293141791 0.251224014925
TA.E60A.z -71.4469 46.3689 0.251527827273 0.2512413
TA.G17A.z -110.74 45.3212 0.263620427273 0.263208472727
TA.439A.z -94.766 30.7937 0.255470807018 0.255450938596
TA.K24A.z -104.815 42.7225 0.259359967213 0.258436360656
TA.CIA.z -118.415 33.4019 0.25873 0.2576159
TA.Y45A.z -89.5431 33.8656 0.250324548148 0.250069933333
TA.H16A.z -111.248 44.7038 0.266541646018 0.266170955752
TA.C24A.z -104.425 47.5302 0.254273333333 0.254309611111
TA.Y39A.z -94.0936 33.938 0.256224222222 0.255298428571
TA.S41A.z -91.7458 37.5877 0.250113691057 0.249050731707
TA.F52A.z -79.3227 45.7951 0.250163223529 0.249686
TA.MNTX.z -105.382 31.6985 0.260478833333 0.262270333333
TA.Q39A.z -92.9759 39.0455 0.249273482759 0.248701393103
TA.GMR.z -115.66 34.7846 0.268740341463 0.268291
TA.F06A.z -120.782 45.7664 0.266455298077 0.265827692308
TA.V48A.z -86.8219 35.74 0.250698977273 0.250317537879
TA.K23A.z -105.625 42.7546 0.257799165289 0.257386801653
TA.E20A.z -108.13 46.5038 0.254681388889 0.25461852381
TA.H32A.z -97.4363 44.5041 0.249408279412 0.248084338235
TA.K21A.z -107.251 42.6332 0.257029771654 0.256661543307
TA.M35A.z -95.6945 41.4665 0.252579797101 0.252707528986
TA.A18A.z -109.846 48.9198 0.255885009346 0.255473626168
TA.W49A.z -86.2645 35.1194 0.252397735537 0.252544950413
TA.329A.z -101.981 31.487 0.252088879032 0.251558524194
TA.J02A.z -123.575 43.3654 0.262534292308 0.262400153846
TA.N12A.z -115.039 40.8522 0.264785902439 0.264266292683
TA.K32A.z -97.9723 42.6597 0.249804725926 0.250009651852
TA.436A.z -96.796 30.7702 0.255440582677 0.255485708661
TA.636A.z -97.057 29.481 0.256851464567 0.256588204724
TA.O36A.z -94.9645 40.1315 0.250381526718 0.250199534351
TA.138A.z -95.0887 32.6604 0.256290686567 0.255401350746
TA.P31A.z -99.3783 39.5211 0.25362547619 0.252630007937
TA.X58A.z -79.3388 34.5548 0.248414359223 0.247770378641
TA.Y52A.z -84.0626 33.864 0.249471712 0.248744664
TA.339A.z -94.556 31.3331 0.251135243697 0.251519302521
TA.X38A.z -94.8288 34.6692 0.255152130081 0.254846073171
TA.S25A.z -104.435 37.6606 0.262201516949 0.261930601695
TA.I30A.z -99.4262 43.9143 0.255743919355 0.255338201613
TA.R20A.z -108.379 38.1888 0.265194267241 0.265358905172
TA.W43A.z -90.7061 35.0877 0.249999455446 0.249786247525
TA.G20A.z -108.214 45.2202 0.256291303704 0.254959192593
TA.F04A.z -122.419 45.9325 0.260827149533 0.261118953271
TA.H08A.z -118.67 44.5191 0.265013273504 0.264913094017
TA.L42A.z -89.667 42.004 0.248491626087 0.247991565217
TA.115A.z -112.228 32.7006 0.258036082645 0.258365157025
TA.N51A.z -82.3748 40.9183 0.25077991018 0.249947664671
TA.SWS.z -115.8 32.9451 0.2671452 0.26692004
TA.M15A.z -112.448 41.4632 0.2631032875 0.26309615
TA.C14A.z -113.747 47.7687 0.25895125 0.258448402174
TA.B31A.z -97.6495 48.4236 0.2479431875 0.24761378125
TA.O47A.z -86.1742 40.2361 0.250020509615 0.249294096154
TA.L32A.z -98.008 42.0045 0.251222472868 0.250996069767
TA.L46A.z -86.2955 42.0127 0.249575083333 0.248814116667
TA.114A.z -112.883 32.7513 0.258608634921 0.257966269841
TA.527A.z -103.612 30.1456 0.261266897436 0.260666017094
TA.D10A.z -117.276 47.0547 0.25663776378 0.255385779528
TA.U61A.z -76.4464 36.3319 0.252523435484 0.251855798387
TA.E12A.z -115.571 46.4151 0.25673313 0.25620036
TA.G34A.z -95.638 45.2419 0.251193432836 0.250660783582
TA.Y24A.z -105.436 33.9257 0.258801943396 0.258033377358
TA.C23A.z -105.184 47.8026 0.254324983333 0.254785441667
TA.M64A.z -71.2102 41.5509 0.250905090909 0.250613509091
TA.D27A.z -101.525 47.1081 0.251830738095 0.251903571429
TA.Z28A.z -102.387 33.2884 0.252976348837 0.251875686047
TA.E40A.z -89.8991 46.4446 0.249449781818 0.249520063636
TA.I40A.z -90.6177 43.8916 0.249775425 0.248823783333
TA.I39A.z -91.5231 43.8543 0.248924627119 0.248251067797
TA.232A.z -99.6469 31.888 0.25265054918 0.251805032787
TA.M28A.z -101.371 41.3956 0.253849538462 0.253438261538
TA.S52A.z -83.0784 37.6791 0.251070246479 0.250960619718
TA.Z34A.z -97.9158 33.3712 0.254323883929 0.253913178571
TA.347A.z -88.5412 31.4017 0.25360794964 0.25289657554
TA.X54A.z -82.3743 34.5474 0.249451111111 0.248124666667
TA.W60A.z -77.7133 35.0528 0.249963689076 0.250263798319
TA.530A.z -101.338 30.1489 0.257740633333 0.258379583333
TA.M56A.z -78.1826 41.4837 0.250885308943 0.250579577236
TA.I64A.z -69.6347 43.9197 0.250929439655 0.250463939655
TA.O48A.z -85.1553 40.2571 0.250853216418 0.249753589552
TA.S34A.z -97.1111 37.7009 0.250205826389 0.249666569444
TA.J30A.z -99.4922 43.3248 0.25444443662 0.253775971831
TA.O17A.z -110.738 40.1948 0.266674875 0.266593975
TA.I36A.z -94.0143 44.0191 0.251302246479 0.250654774648
TA.L58A.z -75.8502 42.0447 0.252305266667 0.252458525
TA.I19A.z -108.994 44.0363 0.26087006338 0.260088690141
TA.K26A.z -103.178 42.7016 0.256808104839 0.256406717742
TA.533A.z -99.0351 30.0718 0.252404231884 0.252520789855
TA.R06C.z -119.451 38.5226 0.264971742574 0.265009693069
TA.U48A.z -86.5402 36.5107 0.25075847 0.25055235
TA.246A.z -89.1286 32.0143 0.252212597122 0.251572021583
TA.X18A.z -109.95 34.5293 0.266572941667 0.266024025
TA.217A.z -110.816 31.7748 0.260624674603 0.260239373016
TA.K60A.z -73.8886 42.6168 0.254369815789 0.254868912281
TA.656A.z -82.5348 29.3689 0.250352975806 0.250810564516
TA.C10A.z -117.308 47.8192 0.255659512195 0.255077065041
TA.J41A.z -90.0137 43.3655 0.250648210145 0.24975434058
TA.E63A.z -68.422 46.422 0.247982707547 0.24804609434
TA.S33A.z -98.0016 37.5936 0.251563037313 0.251609291045
TA.F35A.z -94.5734 45.858 0.250349024 0.250088904
TA.V12A.z -114.851 35.7266 0.265101930769 0.2649465
TA.O06A.z -119.827 40.165 0.267670494624 0.267208526882
TA.T47A.z -87.1055 36.9881 0.250942345133 0.250286964602
TA.F10A.z -117.228 45.9734 0.258511954887 0.258003601504
TA.M30A.z -99.8723 41.5371 0.25530896063 0.255077653543
TA.P27A.z -102.578 39.5559 0.255807555556 0.255825166667
TA.Q33A.z -97.8327 38.9982 0.254187478261 0.254241644928
TA.N33A.z -97.4506 40.7384 0.250500064748 0.249995086331
TA.K61A.z -73.2676 42.6695 0.252561585586 0.251794234234
TA.Q38A.z -93.6182 38.9609 0.249442224638 0.248870224638
TA.M31A.z -98.9766 41.344 0.252851346939 0.252789884354
TA.P35A.z -96.0188 39.5286 0.250780219697 0.250458863636
TA.M44A.z -88.0432 41.3882 0.250873675676 0.250560243243
TA.156A.z -81.495 32.6542 0.252112699248 0.252292015038
TA.Z14A.z -112.946 33.3627 0.259717551724 0.259272051724
TA.SCIA.z -93.2153 41.9069 0.25301158 0.25238744
TA.D18A.z -109.802 47.1961 0.256799258065 0.257079
TA.125A.z -104.657 32.6588 0.257459722689 0.25761407563
TA.P57A.z -78.0126 39.4835 0.249873828125 0.24945259375
TA.X27A.z -103.097 34.6469 0.257855833333 0.25744195614
TA.X52A.z -83.8938 34.6032 0.252384671642 0.252094701493
TA.K34A.z -96.0957 42.6865 0.251265584615 0.2510373
TA.I60A.z -73.2916 43.844 0.255050982759 0.254439862069
TA.L37A.z -93.7546 42.1246 0.248367262774 0.247844642336
TA.W37B.z -95.4316 35.139 0.254690190476 0.254350761905
TA.Z59A.z -79.278 33.2414 0.254843 0.2563405
TA.Q46A.z -87.3575 39.0231 0.251794517857 0.251526830357
TA.433A.z -99.091 30.7544 0.250349875 0.249760426471
TA.P58A.z -77.3005 39.4891 0.249157688525 0.249105344262
TA.E39A.z -90.5557 46.3777 0.248897491228 0.249152149123
TA.R22A.z -106.756 38.2289 0.265073693548 0.264782774194
TA.K33A.z -97.0012 42.6052 0.249549614173 0.249906173228
TA.Q15A.z -112.379 38.9995 0.268897688679 0.268932603774
TA.B22A.z -105.996 48.3008 0.252535051282 0.251957478632
TA.M46A.z -86.3524 41.4079 0.250206327273 0.249922981818
TA.Y43A.z -90.9285 33.9121 0.255234488722 0.254293142857
TA.V03C.z -121.236 36.0214 0.2586147 0.258465357143
TA.A21A.z -106.925 48.9912 0.255282973684 0.25427577193
TA.341A.z -93.1681 31.3334 0.257383453846 0.256918576923
TA.L09A.z -117.667 42.0192 0.268460679245 0.268152481132
TA.K17A.z -110.92 42.7507 0.2610241 0.2603497
TA.254A.z -83.2905 31.9457 0.251137416058 0.25018189781
TA.J47A.z -84.8214 43.2382 0.249663431818 0.249311128788
TA.257A.z -81.0261 31.9746 0.253503902256 0.25355118797
TA.Q52A.z -82.2669 38.9622 0.252633695402 0.251994885057
TA.ISA.z -118.474 35.6628 0.265478069767 0.264530651163
TA.M52A.z -81.357 41.5405 0.252223106383 0.25176851773
TA.W41A.z -92.2478 35.1736 0.254678102564 0.254250179487
TA.WCI.z -86.2939 38.2289 0.252532279762 0.251548244048
TA.I09A.z -117.741 43.9733 0.265852873016 0.26563568254
TA.C36A.z -92.8378 47.758 0.247481523438 0.247626515625
TA.320A.z -108.528 31.3369 0.261566865546 0.261429109244
TA.128A.z -102.485 32.6213 0.254613440678 0.254299279661
TA.Q58A.z -77.682 38.9413 0.250041257812 0.249275960937
TA.AAM.z -83.6567 42.3012 0.25155304698 0.251979228188
TA.BFS.z -117.659 34.2388 0.256528104167 0.2571224375
TA.M39A.z -92.1725 41.4786 0.250856246377 0.250186681159
TA.H02A.z -124 44.6764 0.260994607143 0.260875535714
TA.Q19A.z -109.263 38.9553 0.261009952 0.260781808
TA.M61A.z -73.7673 41.3104 0.250143270492 0.249071204918
TA.F60A.z -71.9514 45.9688 0.25019993913 0.249945243478
TA.T38A.z -94.293 37.0354 0.248668609023 0.248704902256
TA.T13A.z -113.907 37.0195 0.265802545455 0.266033651515
TA.216A.z -111.457 32.0022 0.260641338843 0.260332082645
TA.T50A.z -84.8384 37.0204 0.252829363636 0.251696333333
TA.L24A.z -104.933 42.0432 0.258085016949 0.257907542373
TA.V50A.z -85.1 35.6713 0.249962056452 0.249465669355
TA.NHSC.z -80.1778 33.1067 0.247542630137 0.247340732877
TA.ISCO.z -105.613 39.7997 0.264898344828 0.264403275862
TA.E43A.z -86.9954 46.3758 0.252465605839 0.251861591241
TA.E59A.z -72.5108 46.4803 0.248934925926 0.248089111111
TA.P08A.z -118.08 39.6946 0.266058137255 0.264917490196
TA.V51A.z -84.3511 35.8033 0.252220737705 0.252066663934
TA.U12A.z -114.539 36.4321 0.267102470149 0.265661440299
TA.218A.z -110.046 31.9737 0.262373921875 0.2619396875
TA.G21A.z -107.207 45.225 0.255729255639 0.254900616541
TA.T37A.z -94.9176 37.123 0.251218023256 0.251433403101
TA.K38A.z -92.7709 42.6472 0.250414089655 0.249491331034
TA.X36A.z -96.352 34.5704 0.252067912 0.252983232
TA.Y21A.z -107.674 34.0087 0.263028086207 0.262710568966
TA.S12A.z -114.849 37.6083 0.267294226562 0.267588804687
TA.Q49A.z -84.8956 39.005 0.251122985401 0.251323605839
TA.I35A.z -94.9829 43.8565 0.25182241129 0.250736516129
TA.T40A.z -92.5193 37.1504 0.250929925926 0.250641237037
TA.U28A.z -102.224 36.3793 0.255675990196 0.256031617647
TA.D36A.z -93.1645 47.1765 0.248001732824 0.248034992366
TA.Y15A.z -112.333 33.9535 0.263398875 0.262679601563
TA.V33A.z -98.2862 35.8209 0.251675346154 0.251294646154
TA.PDM.z -114.142 34.3034 0.262024489362 0.262644340426
TA.W50A.z -85.3119 35.2002 0.253514099174 0.253743066116
TA.R14A.z -113.021 38.2987 0.270309325 0.269724583333
TA.Q04C.z -121.377 38.839 0.26513973913 0.265975855072
TA.F38A.z -91.8775 45.9588 0.24803455 0.248050316667
TA.E15A.z -112.641 46.4246 0.259667914773 0.258899880682
TA.S26A.z -103.471 37.6216 0.258349896825 0.258180626984
TA.Q36A.z -95.4609 38.9612 0.25261451938 0.252366806202
TA.S57A.z -78.9536 37.7605 0.249979932773 0.249722680672
TA.Y48A.z -87.1696 33.9131 0.250545534653 0.250027594059
TA.C21A.z -107.096 47.8264 0.255175907563 0.25472797479
TA.S38A.z -93.9078 37.6304 0.24886577037 0.248883844444
TA.Z58A.z -79.8129 33.3349 0.252626560976 0.252364390244
TA.R33A.z -97.9842 38.3081 0.250730101449 0.250191652174
TA.H09A.z -117.664 44.6653 0.262308535433 0.26209480315
TA.E14A.z -113.493 46.4162 0.261920747126 0.261679913793
TA.T41A.z -91.7636 37.0436 0.249612007519 0.249177263158
TA.F17A.z -110.659 45.9054 0.259538578947 0.259273482456
TA.D08A.z -118.921 47.0573 0.258405698529 0.257995897059
TA.331A.z -100.427 31.3085 0.254339066116 0.253796520661
TA.Q20A.z -108.296 38.9541 0.264578725806 0.264225153226
TA.EDW2.z -117.994 34.8811 0.255208413043 0.254835978261
TA.G24A.z -104.416 45.328 0.258579357798 0.257544669725
TA.R09A.z -117.072 38.2397 0.267185 0.26728683
TA.T33A.z -98.2444 37.0824 0.253774157143 0.253359285714
TA.Z38A.z -94.9851 33.2599 0.253075277108 0.252697566265
TA.N59A.z -75.7703 40.9168 0.252187976378 0.251704464567
TA.Q31A.z -99.395 39.0048 0.254550089431 0.254124715447
TA.H35A.z -94.8311 44.6985 0.250518253846 0.250446376923
TA.N31A.z -98.9544 40.8235 0.252064245033 0.251232397351
TA.Y46A.z -88.8577 33.8828 0.250707636364 0.250923015152
TA.F57A.z -74.6928 45.8122 0.247797317073 0.247033406504
TA.K13A.z -114.084 42.6493 0.2707 0.270631382114
TA.U18A.z -109.87 36.4199 0.263372095238 0.262876611111
TA.I51A.z -81.0231 43.8036 0.251704069231 0.251056323077
TA.F12A.z -115.255 45.7565 0.260050609756 0.259325341463
TA.255A.z -82.4758 31.9263 0.251460788618 0.250722487805
TA.W45A.z -89.186 35.1568 0.251147704545 0.250850613636
TA.D55A.z -75.4732 47.019 0.250190809091 0.250340818182
TA.U17A.z -110.662 36.5996 0.263325344 0.263150432
TA.Z49A.z -86.5311 33.1942 0.252005282353 0.251810929412
TA.K05A.z -120.893 42.7258 0.269295119403 0.269850925373
TA.H05A.z -121.227 44.6473 0.264925777778 0.265025611111
TA.E52A.z -78.6569 46.2851 0.247002804878 0.247043841463
TA.MSTX.z -102.772 33.9696 0.260426814815 0.259793364198
TA.N20A.z -108.263 40.8338 0.262733423358 0.262630729927
TA.G14A.z -113.46 45.2432 0.263870421965 0.263921132948
TA.L27A.z -102.315 42.0837 0.257727844262 0.256985467213
TA.F61A.z -70.9921 45.9743 0.252746017241 0.252562215517
TA.I48A.z -83.7022 44.1873 0.252532761905 0.25222734127
TA.243A.z -91.4827 31.8803 0.257615477612 0.256868574627
TA.626A.z -104.133 29.554 0.260201564103 0.260261521368
TA.M09A.z -117.45 41.423 0.266733485437 0.26682776699
TA.E08A.z -119.06 46.4911 0.261345522388 0.260698865672
TA.Q55A.z -80.0812 38.9952 0.254399104575 0.255019052288
TA.V28A.z -102.224 35.7505 0.260021256198 0.25913392562
TA.U21A.z -107.658 36.4277 0.263876055556 0.263593888889
TA.O38A.z -93.4731 40.1215 0.250022115942 0.248984804348
TA.K18A.z -110.042 42.6372 0.26070460396 0.259893485149
TA.438A.z -95.4741 30.75 0.255738427419 0.255885967742
TA.U36A.z -95.7325 36.3927 0.247995830645 0.248243266129
TA.Y38A.z -94.7311 33.9278 0.25379799187 0.253017585366
TA.G07A.z -119.669 45.2664 0.262022342105 0.261083833333
TA.U57A.z -79.3364 36.4319 0.248633564516 0.24830025
TA.V58A.z -79.115 35.794 0.248747608333 0.248569508333
TA.F11A.z -116.155 45.8883 0.256601893443 0.25598492623
TA.O45A.z -87.7244 40.2489 0.249414862385 0.24890293578
TA.C32A.z -96.5281 47.8255 0.247167418033 0.245888540984
TA.U19A.z -109.208 36.2925 0.262723142857 0.262303714286
TA.H31A.z -98.4772 44.4795 0.249176365854 0.247721845528
TA.238A.z -95.1203 32.0034 0.257118188976 0.256640937008
TA.337A.z -95.8854 31.3159 0.25484110687 0.254997801527
TA.E23A.z -105.306 46.4978 0.253556913793 0.253160387931
TA.J60A.z -73.4212 43.2438 0.253232482143 0.253166214286
TA.541A.z -93.1875 30.0596 0.260011961538 0.259970984615
TA.H64A.z -69.2203 44.6412 0.250955271028 0.250529373832
TA.S15A.z -112.363 37.6761 0.267290655172 0.267208439655
TA.H60A.z -72.6986 44.5606 0.254618678899 0.254124247706
TA.Q14A.z -113.277 38.9882 0.26848422 0.268168
TA.M48A.z -84.7171 41.4846 0.249651076923 0.24951513986
TA.S21A.z -107.792 37.662 0.265236875 0.265032098214
TA.F16A.z -111.626 45.7843 0.261944814159 0.261383929204
TA.W57A.z -79.9928 35.1529 0.248950270492 0.24909107377
TA.I55A.z -77.6817 44.2161 0.250847951456 0.250342252427
TA.Y57A.z -80.3915 34.017 0.25096804386 0.25006154386
TA.W44A.z -89.8161 35.1395 0.251590148438 0.251119375
TA.R37A.z -94.8294 38.3133 0.250510544 0.250289312
TA.L25A.z -103.966 42.1548 0.25703212931 0.256382724138
TA.V30A.z -100.689 35.7623 0.25617761157 0.256106933884
TA.R41A.z -91.3795 38.2976 0.250742359649 0.251009192982
TA.R34A.z -97.247 38.3008 0.249547626866 0.248987238806
TA.G35A.z -94.4855 45.2199 0.251920727273 0.25140905303
TA.G22A.z -106.292 45.2189 0.255357318182 0.254867118182
TA.F28A.z -100.8 45.8485 0.250403017544 0.24949177193
TA.X33A.z -98.5006 34.541 0.253681986207 0.253871572414
TA.P60A.z -75.6358 39.8113 0.249819651163 0.249795116279
TA.M29A.z -100.689 41.4441 0.254458093023 0.25421544186
TA.ELFS.z -120.728 40.6183 0.266501202899 0.267081927536
TA.U22A.z -106.855 36.3773 0.265394391304 0.26526726087
TA.Q51A.z -83.3456 39.026 0.2508827 0.250311457143
TA.K59A.z -74.8525 42.775 0.252746391667 0.2531544
TA.W22A.z -106.867 35.0719 0.264696094017 0.264701324786
TA.U39A.z -93.4805 36.3823 0.251524138686 0.250910591241
TA.S39A.z -93.3226 37.691 0.249922533784 0.250155033784
TA.529A.z -102.22 30.1246 0.258850264463 0.259428785124
TA.G53A.z -78.6237 45.1222 0.248238294737 0.247998
TA.BC3.z -115.454 33.6552 0.265290319149 0.264886553191
TA.M37A.z -94.0575 41.4028 0.24943015 0.249380478571
TA.S18A.z -109.995 37.6903 0.26148497619 0.260908587302
TA.S60A.z -76.6535 37.7055 0.253197752 0.252583912
TA.S35A.z -96.319 37.6821 0.250398697842 0.250035906475
TA.J35A.z -95.2078 43.3655 0.251935077519 0.250839108527
TA.E56A.z -75.0341 46.5436 0.247557126126 0.247118297297
TA.Q43A.z -89.6991 38.941 0.252238828358 0.251940268657
TA.432A.z -99.7937 30.8755 0.2543935 0.254176928571
TA.E28A.z -100.693 46.5748 0.249262134921 0.248352888889
TA.A31A.z -97.1888 48.932 0.250665495935 0.249974861789
TA.A04A.z -122.707 48.7197 0.261618197802 0.261809857143
TA.O27A.z -102.479 40.19 0.256938225 0.256585241667
TA.N13A.z -114.204 40.8556 0.265765056 0.264963752
TA.O22A.z -106.547 40.1618 0.263006336066 0.262701434426
TA.E54A.z -77.1869 46.4339 0.248318034884 0.24793277907
TA.L59A.z -75.0426 42.1902 0.250572305085 0.250669644068
TA.U05C.z -120.12 36.3356 0.256214290323 0.254336387097
TA.V19A.z -109.046 35.7147 0.261829132231 0.26137568595
TA.J32A.z -97.8476 43.3719 0.251890120301 0.251650864662
TA.Y28A.z -102.248 33.9086 0.25335219 0.25371185
TA.X19A.z -109.29 34.4275 0.263155385827 0.263364417323
TA.X16A.z -111.441 34.4178 0.2634516875 0.263649007813
TA.M18A.z -110.067 41.4272 0.259346643564 0.258450841584
TA.S22A.z -106.829 37.7461 0.264110382609 0.264376217391
TA.A13A.z -114.413 48.933 0.26024764881 0.259859791667
TA.Q03C.z -122.015 38.6333 0.26555584507 0.265186338028
TA.O08A.z -118.155 40.2903 0.266391656566 0.266356545455
TA.E35A.z -94.4043 46.5572 0.248914616541 0.24841662406
TA.F37A.z -92.6264 45.7243 0.251315508475 0.251347830508
TA.Q45A.z -88.1565 38.8948 0.252100471698 0.25161104717
TA.P49A.z -84.7164 39.5342 0.250232958333 0.249562868056
TA.W26A.z -103.766 35.0891 0.260698508475 0.260881516949
TA.Y35A.z -97.0374 33.9059 0.251634912698 0.250910492063
TA.E09A.z -118.146 46.5139 0.259528789474 0.258668796992
TA.HELL.z -119.023 36.6801 0.263622506849 0.263564972603
TA.F05A.z -121.459 45.8839 0.265077926829 0.265304170732
TA.N50A.z -83.1486 40.7711 0.249884239437 0.249598830986
TA.Y20A.z -108.377 33.9085 0.261653758333 0.261546016667
TA.L23A.z -105.701 42.1143 0.257961276423 0.258131292683
TA.V25A.z -104.616 35.8383 0.261953452174 0.261891852174
TA.137A.z -95.7559 32.5973 0.254365043165 0.253519446043
TA.J16A.z -111.612 43.2741 0.265522305556 0.265025175926
TA.G30A.z -99.1446 45.1293 0.253306083969 0.252774480916
TA.P01C.z -123.338 39.469 0.264234733333 0.2641587
TA.A09A.z -118.585 48.9752 0.263596073394 0.263374669725
TA.E44A.z -85.9214 46.6199 0.253008328859 0.252723939597
TA.346A.z -89.4649 31.3876 0.253756482993 0.252735489796
TA.H28A.z -101.021 44.6751 0.252924648 0.251876816
TA.P38A.z -93.5321 39.6248 0.249517371212 0.248912409091
TA.N06A.z -119.835 40.7484 0.268614902174 0.268450543478
TA.X37A.z -95.3713 34.5892 0.255352969231 0.255237546154
TA.T24A.z -105.052 37.0738 0.264649311475 0.264697163934
TA.RRX.z -116.997 34.8753 0.25919694 0.2594264
TA.632A.z -99.7863 29.5071 0.256521645161 0.256789991935
TA.G47A.z -83.8551 45.173 0.250831763359 0.250428152672
TA.446A.z -89.3645 30.7912 0.256562342857 0.256676985714
TA.K49A.z -83.4556 42.7835 0.250286189394 0.250148378788
TA.E37A.z -92.4 46.5658 0.24968172 0.249158352
TA.L15A.z -112.386 42.0041 0.263676445255 0.263387985401
TA.834A.z -98.5519 28.1251 0.258527312977 0.257844381679
TA.427A.z -103.402 30.8498 0.260112327869 0.260104680328
TA.240A.z -93.7626 32.0387 0.256818687943 0.256299049645
TA.W53A.z -83.163 35.1696 0.251636761905 0.251489777778
TA.W23A.z -106.15 35.1605 0.264304850877 0.264168710526
TA.J22A.z -106.479 43.4126 0.256441625 0.255682173611
TA.R15A.z -112.277 38.2108 0.268777773913 0.269105365217
TA.R28A.z -101.811 38.3423 0.254667440678 0.254637110169
TA.V34A.z -97.5176 35.8345 0.252393928 0.251796368
TA.112A.z -114.58 32.5356 0.2626528 0.26271355
TA.U11A.z -115.383 36.423 0.265533007752 0.264991054264
TA.P48A.z -85.4258 39.4605 0.249606304687 0.248135304688
TA.F22A.z -106.257 45.7794 0.253085517241 0.252502681034
TA.D54A.z -76.657 47.152 0.251189719101 0.251064202247
TA.R54A.z -80.9904 38.1909 0.254040351515 0.254118909091
TA.L29A.z -100.478 42.0641 0.25400331746 0.253961103175
TA.U51A.z -84.0165 36.3786 0.251946509259 0.251192777778
TA.S29A.z -101.118 37.6199 0.255332570248 0.255101280992
TA.R11A.z -115.585 38.3489 0.265035548148 0.26479137037
TA.I27A.z -102.052 44.069 0.253825338583 0.253141716535
TA.N43A.z -89.1735 40.9394 0.252379850467 0.251665485981
TA.D16A.z -111.549 47.0308 0.259005152542 0.258411144068
TA.Q54A.z -80.8338 38.9836 0.253346875817 0.254443078431
TA.144A.z -90.4226 32.6304 0.25053271223 0.251019467626
TA.V14A.z -113.105 35.6339 0.26667809375 0.266979726563
TA.X48A.z -87.0452 34.4517 0.252573924528 0.252286518868
TA.F30A.z -99.025 45.8356 0.251976519084 0.25125140458
TA.H15A.z -112.644 44.6173 0.268495596491 0.268602929825
TA.N58A.z -76.7158 40.8396 0.250063714286 0.249717761905
TA.P07A.z -118.889 39.5399 0.269279239583 0.268469635417
TA.SUSD.z -98.9556 44.4429 0.253049515873 0.253087253968
TA.R35A.z -96.1988 38.3231 0.250350285714 0.249603075188
TA.R12A.z -114.608 38.3281 0.263657644444 0.263386688889
TA.K22A.z -106.524 42.6507 0.257239810811 0.257044391892
TA.O12A.z -114.745 40.2679 0.265495849624 0.264675962406
TA.Z48A.z -87.5556 33.3764 0.249504149254 0.249160820896
TA.D35A.z -94.0529 47.081 0.247638082707 0.247181969925
TA.W28A.z -102.206 35.2574 0.258435716667 0.257805841667
TA.P18A.z -110.246 39.6279 0.263056560976 0.263289926829
TA.534A.z -98.4753 30.0284 0.253298389706 0.253128779412
TA.C20A.z -108.004 47.7133 0.25638846875 0.25546546875
TA.BBR.z -116.921 34.2623 0.261424541667 0.261755854167
TA.Q60A.z -75.8429 39.0016 0.252147529412 0.25181707563
TA.Z15A.z -112.158 33.2893 0.260247681818 0.259353272727
TA.X49A.z -86.326 34.5126 0.254000660377 0.253216028302
TA.R07C.z -119.047 38.089 0.26896466129 0.270065758065
TA.U53A.z -82.5765 36.3644 0.252428881356 0.251786033898
TA.L10A.z -116.471 42.0773 0.268506924812 0.268278390977
TA.I45A.z -86.2348 44.0361 0.251006821705 0.250003922481
TA.V60A.z -77.2629 35.765 0.250473593496 0.249927609756
TA.U45A.z -88.7635 36.3481 0.252258242718 0.251667116505
TA.I14A.z -113.452 43.9286 0.270456747664 0.270932850467
TA.Z27A.z -103.215 33.315 0.253026846154 0.252187846154
TA.K36A.z -94.4507 42.6381 0.251190478873 0.250933225352
TA.CNNC.z -77.8901 35.2393 0.24836391129 0.248636637097
TA.B29A.z -99.3535 48.4649 0.248721140625 0.248418015625
TA.M41A.z -90.5422 41.375 0.25007556338 0.249391633803
TA.G63A.z -69.6186 45.1147 0.251613805556 0.250968083333
TA.Q59A.z -76.6548 38.8644 0.251255674603 0.250963888889
TA.H22A.z -106.352 44.5943 0.255923212598 0.254919181102
TA.TIN.z -118.23 37.0542 0.259173040816 0.257877081633
TA.L53A.z -80.2598 41.9539 0.251700717105 0.251321440789
TA.S20A.z -108.36 37.83 0.264142506849 0.264670575342
TA.Z32A.z -99.4783 33.3066 0.251057890411 0.250627383562
TA.357A.z -81.4855 31.4239 0.252270396694 0.252070330579
TA.J39A.z -91.7062 43.3354 0.249479964029 0.24886105036
TA.M42A.z -89.7581 41.4546 0.25086302439 0.250919284553
TA.Q10A.z -116.4 38.8247 0.264537992063 0.264818952381
TA.T42A.z -91.0927 37.0301 0.251577509804 0.250988480392
TA.E38A.z -91.5542 46.6058 0.250136380165 0.24941714876
TA.P45A.z -87.7439 39.5277 0.250601066038 0.250663207547
TA.351A.z -85.6036 31.2753 0.252805175258 0.251149103093
TA.U31A.z -99.8508 36.3695 0.254804966102 0.254086262712
TA.K48A.z -84.1197 42.8032 0.249062871212 0.247968212121
TA.735A.z -97.8081 28.8553 0.257458352941 0.257313433824
TA.A33A.z -95.3904 48.9371 0.252213889764 0.25206011811
TA.W56A.z -80.5828 35.135 0.249529727848 0.248758082278
TA.F18A.z -109.716 45.9046 0.257696048 0.256868152
TA.C40A.z -89.1514 47.9154 0.254398949153 0.253674694915
TA.W37A.z -95.4269 35.138 0.254349424242 0.254259515152
TA.158A.z -80.1935 32.7364 0.251418874074 0.252978703704
TA.R47A.z -86.527 38.2957 0.252400333333 0.251599304762
TA.A26A.z -102.038 48.8973 0.252364598485 0.251474757576
TA.Z16A.z -111.427 33.341 0.262626 0.261318881818
TA.G45A.z -85.6571 45.0404 0.249987045455 0.249596681818
TA.Q28A.z -101.831 39.0623 0.252367621849 0.251890319328
TA.O23A.z -105.918 40.2109 0.261641619048 0.261371301587
TA.O41A.z -90.882 40.1156 0.249041467153 0.248666423358
TA.W40A.z -93.0693 35.1923 0.253481080882 0.253215286765
TA.646A.z -89.8245 29.5832 0.255655948454 0.255350536082
TA.K02A.z -123.49 42.7667 0.264414 0.264450409091
TA.EGMT.z -109.755 48.024 0.251780459459 0.251600513514
TA.Q35A.z -96.0368 38.8586 0.251035236641 0.250433770992
TA.BRSD.z -98.9563 44.443 0.254427339286 0.254279071429
TA.C13A.z -114.574 47.6795 0.257698963542 0.257304723958
TA.E42A.z -87.914 46.4301 0.250005318584 0.249603292035
TA.256A.z -81.8878 31.9799 0.251571525547 0.251082138686
TA.Z20A.z -108.592 33.1132 0.263071117647 0.262495647059
TA.W46A.z -88.3783 35.1333 0.251390423077 0.250447326923
TA.P46A.z -87.2067 39.6178 0.249671049587 0.249490760331
TA.U24A.z -105.278 36.4093 0.262556609756 0.262914325203
TA.E18A.z -109.914 46.5663 0.257224280992 0.257297661157
TA.I16A.z -111.487 43.8756 0.267757342593 0.267667444444
TA.J34A.z -95.9579 43.2844 0.252752549618 0.251703198473
TA.M49A.z -83.9752 41.4745 0.25085976087 0.25094765942
TA.H06A.z -120.335 44.7344 0.264504322034 0.26393009322
TA.P54A.z -80.4796 39.602 0.251979481203 0.250717015038
TA.NEE2.z -114.619 34.7676 0.256344705882 0.256155039216
TA.N45A.z -87.5118 40.8479 0.251132115044 0.250820362832
TA.E27A.z -101.564 46.4293 0.252078022059 0.251273191176
TA.T36A.z -95.8789 37.0605 0.252397763359 0.252351885496
TA.P34A.z -96.8268 39.5471 0.249833992126 0.249329220472
TA.N54A.z -79.9892 40.9617 0.251878230159 0.251700285714
TA.L62A.z -72.6617 42.0328 0.251464697248 0.250611807339
TA.BEL.z -115.998 34.0006 0.262894065217 0.262869369565
TA.M36A.z -94.8021 41.4537 0.252232014388 0.252370553957
TA.V38A.z -94.4077 35.8626 0.252784904762 0.252013888889
TA.U47A.z -87.2892 36.4413 0.250768524272 0.250484699029
TA.L61A.z -73.5543 42.1934 0.250735078261 0.250463930435
TA.Q07A.z -118.808 38.9383 0.269101606061 0.268783212121
TA.226B.z -104.165 32.0778 0.257974016949 0.258049254237
TA.M57A.z -77.128 41.3372 0.252161016529 0.252022652893
TA.U52A.z -83.3671 36.3929 0.251468394737 0.251262447368
TA.R19A.z -109.261 38.2916 0.261010157025 0.260660859504
TA.N11A.z -115.736 40.8167 0.26631748062 0.26553172093
TA.P29A.z -100.932 39.6021 0.254701888889 0.253778495726
TA.G62A.z -70.5319 45.2186 0.251380798165 0.250614422018
TA.230A.z -101.112 31.8878 0.2515674 0.251154476923
TA.X55A.z -81.6336 34.4701 0.250381726496 0.249408692308
TA.U56A.z -80.3829 36.3472 0.248031202703 0.247909932432
TA.M25A.z -104.055 41.4347 0.257139015873 0.256634285714
TA.T45A.z -88.6447 37.0196 0.250546827273 0.249598154545
TA.E57A.z -74.1471 46.4117 0.2485624 0.247871733333
TA.DEC.z -118.334 34.2535 0.256447568182 0.257621954545
TA.W31A.z -99.9435 35.1864 0.256173669492 0.256329177966
TA.N22A.z -106.454 40.8023 0.262860810127 0.262973588608
TA.130A.z -100.965 32.5961 0.252489460938 0.251885015625
TA.L40A.z -91.2218 42.0628 0.250213772727 0.250157590909
TA.R49A.z -85.1714 38.2916 0.251446081481 0.251708237037
TA.J17A.z -110.712 43.3629 0.265661791667 0.263091104167
TA.L43A.z -88.7423 42.1833 0.251167480769 0.250524115385
TA.N16A.z -111.437 40.8869 0.26310596063 0.263481787402
TA.245A.z -89.8958 32.0322 0.254293897059 0.253549816176
TA.B08A.z -119.333 48.3584 0.260660435484 0.259704870968
TA.I46A.z -85.4472 43.9411 0.249366007752 0.248648953488
TA.V18A.z -109.933 35.7113 0.262987294574 0.262723015504
TA.T26A.z -103.593 37.1747 0.259281406504 0.25876604878
TA.544A.z -91.1612 30.11 0.261607126866 0.260283134328
TA.L04A.z -121.891 42.175 0.265510430769 0.265227092308
TA.H65A.z -68.2469 44.6961 0.25294027193 0.252604552632
TA.X39A.z -94.1138 34.5105 0.254338977444 0.254336481203
TA.S36A.z -95.5923 37.724 0.252369737226 0.251966014599
TA.R24A.z -105.107 38.2315 0.262567565574 0.262181147541
TA.S46A.z -87.7153 37.6849 0.250452122642 0.250263509434
TA.325A.z -104.971 31.3711 0.261101621849 0.261131184874
TA.429A.z -101.894 30.6248 0.254927762295 0.254636483607
TA.X51A.z -84.8574 34.5658 0.252640781955 0.252579864662
TA.A24A.z -104.002 48.9239 0.256750628319 0.256728238938
TA.U33A.z -98.1135 36.4327 0.253453669065 0.252172179856
TA.T23A.z -106.037 37.0361 0.265838635593 0.266024864407
TA.K08A.z -118.486 42.7308 0.269660018868 0.269340603774
TA.N24A.z -104.882 40.8271 0.259542965812 0.258705299145
TA.PFO.z -116.459 33.6117 0.26016896 0.26060688
TA.E45A.z -85.1774 46.3563 0.252365704348 0.252212095652
TA.S56A.z -79.5662 37.6771 0.251064290323 0.25145108871
TA.W41B.z -92.2479 35.1736 0.250313129771 0.24995489313
TA.T44A.z -89.5896 37.086 0.251417037383 0.250218271028
TA.Q57A.z -78.4107 39.0353 0.252552503937 0.251679425197
TA.E16A.z -111.676 46.5336 0.260263008264 0.259656545455
TA.V61A.z -76.5776 35.7912 0.25214777686 0.25176477686
TA.119A.z -109.303 32.7663 0.26088421875 0.25982759375
TA.P30A.z -100.247 39.5442 0.253568705882 0.252141840336
TA.153A.z -83.8316 32.6499 0.249326829457 0.249035782946
TA.N26A.z -103.222 40.8289 0.256327974359 0.255216316239
TA.225A.z -104.823 32.1101 0.257999675439 0.25774545614
TA.P15A.z -112.279 39.5708 0.267124106195 0.266409858407
TA.Y14A.z -113.005 33.9383 0.260291037037 0.259669822222
TA.G39A.z -91.1698 45.2867 0.248334487395 0.247839310924
TA.034A.z -98.6833 27.0647 0.259692155738 0.259522852459
TA.E51A.z -79.4924 46.5333 0.24579174359 0.244938884615
TA.H39A.z -91.2833 44.6797 0.250057928571 0.249523767857
TA.336A.z -96.8443 31.387 0.253638594203 0.253712268116
TA.B30A.z -98.3286 48.4505 0.248920450382 0.24895089313
TA.W61A.z -76.9909 35.1773 0.252763766667 0.252159316667
TA.W27A.z -103.063 35.0637 0.261235176471 0.261247563025
TA.J31A.z -98.7396 43.2915 0.251100592308 0.250965307692
TA.P40A.z -92.0483 39.5299 0.251587762963 0.25073302963
TA.I17A.z -110.576 43.92 0.263766751938 0.263738775194
TA.N61A.z -74.2969 40.7519 0.250163565217 0.248926452174
TA.W48A.z -86.9333 35.1386 0.252230402062 0.25200143299
TA.O40A.z -91.874 40.1212 0.250831215385 0.2502022
TA.Q30A.z -100.221 38.9772 0.253221165354 0.252699086614
TA.E62A.z -69.5227 46.6201 0.24617380198 0.24567819802
TA.249A.z -87.1225 31.9752 0.249657666667 0.249096666667
TA.Z52A.z -84.4176 33.1893 0.249135747126 0.248849827586
TA.GRA.z -117.366 36.9961 0.26207345 0.26103875
TA.V39A.z -93.645 35.8389 0.250813911765 0.250290007353
TA.Q41A.z -91.2317 38.9539 0.251347242991 0.251736813084
TA.SHO.z -116.275 35.8996 0.262533145455 0.262605672727
TA.543A.z -91.8557 30.0856 0.258744938596 0.257787096491
TA.L38A.z -92.9597 42.141 0.249609462121 0.248713780303
TA.J07A.z -119.311 43.3736 0.271973173077 0.271777471154
TA.X28A.z -102.197 34.5185 0.256124666667 0.256448828829
TA.035Z.z -98.0683 26.463 0.25851797619 0.258507801587
TA.E11A.z -116.209 46.3559 0.255720008696 0.25456893913
TA.F27A.z -102.02 45.8727 0.25212347541 0.251123483607
TA.D03A.z -123.771 47.1161 0.262156494253 0.261627091954
TA.H63A.z -70.0353 44.6616 0.251436117647 0.251018823529
TA.E48A.z -82.1653 46.4809 0.248122433071 0.247776543307
TA.Y26A.z -103.825 33.9232 0.257613969388 0.257331785714
TA.G09A.z -117.78 45.2781 0.260625148438 0.261669367187
TA.V31A.z -99.8425 35.7739 0.2555747 0.255300663636
TA.W35A.z -96.8745 35.1527 0.249480100775 0.249498689922
TA.Z25A.z -104.717 33.2797 0.256574210526 0.256121403509
TA.333A.z -98.9841 31.3249 0.249850160305 0.248618610687
TA.U58A.z -78.5493 36.3944 0.24824384 0.247994712
TA.X30A.z -100.874 34.4461 0.254830666667 0.25429515
TA.Y44A.z -90.2112 33.9618 0.250741661417 0.250588488189
TA.349A.z -87.1924 31.3504 0.250257942308 0.249725740385
TA.X22A.z -107.01 34.5058 0.262420905172 0.261752172414
TA.V46A.z -88.1177 35.8007 0.251573214286 0.250069061224
TA.J38A.z -92.4755 43.319 0.248383956835 0.247966661871
TA.M66A.z -70.1353 41.259 0.252024233645 0.247043803738
TA.537A.z -96.3155 30.0799 0.257011319672 0.256925360656
TA.U25A.z -104.408 36.3998 0.260673768595 0.260448181818
TA.457A.z -81.5563 30.6199 0.253890699187 0.25381196748
TA.342A.z -92.3249 31.3747 0.258706598485 0.258301810606
TA.Q09A.z -117.182 38.834 0.264781151515 0.265033191919
TA.H26A.z -102.774 44.6168 0.253886784173 0.25298218705
TA.SPMN.z -92.8037 45.2246 0.253906972222 0.253661622222
TA.D30A.z -98.7576 47.1082 0.24878224031 0.248191333333
TA.D48A.z -81.8072 47.1743 0.249341645669 0.249334795276
TA.Z46A.z -88.9414 33.1933 0.251286138889 0.251375768519
TA.447A.z -88.6542 30.7952 0.253463128571 0.253326257143
TA.M45A.z -87.2504 41.3881 0.250414242991 0.250358981308
TA.WVT.z -87.83 36.1297 0.255344580952 0.2548954
TA.Z54A.z -82.8417 33.2362 0.250595753623 0.249833521739
TA.G41A.z -89.1816 45.2118 0.248196155172 0.247560982759
TA.T57A.z -79.2538 36.9983 0.248713524194 0.248579790323
TA.Y31A.z -100.261 33.9629 0.254255508929 0.253892285714
TA.J09A.z -117.754 43.3471 0.266265167939 0.265467832061
TA.M40A.z -91.5121 41.406 0.24798104386 0.24694822807
TA.U44A.z -89.6863 36.5047 0.252180938053 0.251166380531
TA.D21A.z -106.994 47.0658 0.256111766667 0.256354566667
TA.K41A.z -90.3046 42.6071 0.248832546763 0.248202705036
TA.R43A.z -89.9308 38.276 0.25183077451 0.251006411765
TA.Q08A.z -117.932 38.8606 0.267014813187 0.267282824176
TA.N27A.z -102.537 40.8063 0.255909393443 0.254977557377
TA.Y12C.z -114.524 33.7503 0.258014689873 0.257618360759
TA.P12A.z -114.908 39.4731 0.263196763359 0.263221091603
TA.D07A.z -119.973 47.1936 0.261684470085 0.261136094017
TA.O20A.z -108.242 40.1348 0.264542613636 0.264131363636
TA.L57A.z -76.8492 42.0005 0.251551113821 0.251427691057
TA.H45A.z -86.044 44.6232 0.251140465649 0.250379770992
TA.H40A.z -90.3905 44.622 0.24824015 0.24844495
TA.R42A.z -90.7944 38.2804 0.252289571429 0.251041616071
TA.V47A.z -87.5205 35.8278 0.251039656863 0.250648470588
TA.K16A.z -111.588 42.8321 0.264194816667 0.263388825
TA.O13A.z -113.981 40.1314 0.266887664062 0.265960914062
TA.AGMN.z -95.8619 48.2977 0.251255525424 0.251065432203
TA.I18A.z -109.817 43.7013 0.264525239316 0.263972957265
TA.H37A.z -92.9181 44.5812 0.25137175 0.251459635714
TA.Y34A.z -97.7573 33.9574 0.252833412698 0.252479325397
TA.X56A.z -81.0319 34.4923 0.251071727273 0.249940447552
TA.D04A.z -122.803 47.1109 0.26178989899 0.261889464646
TA.Z18A.z -110.036 33.0851 0.265011117647 0.26461672549
TA.S30A.z -100.464 37.6402 0.255019346774 0.254267943548
TA.O25A.z -104.12 40.1129 0.25950904 0.258756736
TA.E25A.z -103.401 46.5009 0.253159964029 0.252745582734
TA.736A.z -97.0673 28.955 0.258205196429 0.258218357143
TA.CWC.z -118.08 36.4399 0.260131363636 0.259475227273
TA.N49A.z -84.1825 40.922 0.249796669231 0.249501307692
TA.E30A.z -98.9098 46.5021 0.250697819672 0.25033504918
TA.I42A.z -88.9134 43.8908 0.248854884956 0.24883619469
TA.O57A.z -77.6354 40.2104 0.250878928571 0.251031960317
TA.Z39A.z -94.1822 33.2418 0.255865311475 0.255502459016
TA.528A.z -102.788 30.1615 0.258387131579 0.258249184211
TA.Z51A.z -85.1747 33.3167 0.251866069767 0.252220686047
TA.MLAC.z -118.836 37.6302 0.261880702128 0.263255638298
TA.244A.z -90.6856 32.0422 0.255950115942 0.255326992754
TA.L18A.z -110.036 41.9243 0.25831006087 0.257683826087
TA.M55A.z -78.7649 41.4686 0.250591435644 0.250109059406
TA.U50A.z -84.8431 36.4156 0.251430252252 0.250175468468
TA.T46A.z -87.8941 37.0417 0.250612504425 0.250376097345
TA.P19A.z -108.981 39.6333 0.2613335 0.260968123377
TA.P39B.z -92.7541 39.4876 0.249732541284 0.248914697248
TA.Y33A.z -98.6256 34.0081 0.253947371212 0.253930886364
TA.D12A.z -115.353 47.0528 0.257367333333 0.256897608974
TA.SFIN.z -87.0967 40.379 0.251217032787 0.250974614754
TA.O53A.z -81.2129 40.2493 0.25201261039 0.250072792208
TA.K57A.z -76.5163 42.7313 0.25072945082 0.249704204918
TA.U20A.z -108.52 36.3758 0.262988431193 0.262346165138
TA.S58A.z -78.0511 37.6126 0.2495219 0.249718875
TA.S44A.z -89.2551 37.6936 0.251486753425 0.25161790411
TA.C07A.z -120.061 47.6902 0.260785745763 0.260300508475
TA.251A.z -85.409 32.0929 0.249418229167 0.248976510417
TA.J13A.z -114.174 43.3979 0.268935091463 0.269078609756
TA.T58A.z -78.5338 36.9454 0.248354598361 0.247862188525
TA.A20A.z -107.926 48.8799 0.255403567568 0.254432396396
TA.Z47A.z -88.0696 33.199 0.251764247312 0.252095473118
TA.M34A.z -96.583 41.5025 0.252536374101 0.252396776978
TA.N21A.z -107.52 40.76 0.263856222222 0.263973888889
TA.K39A.z -91.8878 42.705 0.249632456522 0.248758007246
TA.426A.z -104.029 30.6689 0.261906525 0.261932791667
TA.W51A.z -84.7599 35.1606 0.252890834783 0.252751791304
TA.O59A.z -76.1859 40.3114 0.25058188 0.250287024
TA.G55A.z -76.7187 45.2532 0.24923243299 0.248766793814
TA.P06A.z -119.898 39.6785 0.266610979167 0.265884020833
TA.X34A.z -97.8326 34.601 0.252413977941 0.252246485294
TA.G27A.z -101.931 45.3791 0.253700119048 0.25293952381
TA.R45A.z -88.2812 38.2926 0.249657682243 0.24982388785
TA.F31A.z -98.2525 45.8598 0.246079711864 0.245233483051
TA.C38A.z -91.2732 47.7171 0.249998368852 0.249513877049
TA.H52A.z -79.8888 44.6422 0.249395 0.249251211111
TA.U14A.z -113.18 36.4182 0.264576695652 0.264550355072
TA.H41A.z -89.6534 44.6164 0.249147466667 0.248619775
TA.P43A.z -89.5213 39.6409 0.252551536 0.252213592
TA.958A.z -81.7543 27.5855 0.251079582418 0.250637494505
TA.X29A.z -101.701 34.4452 0.256198315789 0.255811745614
TA.140A.z -93.574 32.6408 0.255735465649 0.25496019084
TA.R59A.z -77.1164 38.2005 0.251474508475 0.250961923729
TA.V29A.z -101.521 35.8734 0.259685675676 0.259428972973
TA.S11A.z -115.747 37.6444 0.265581514493 0.264860275362
TA.V59A.z -78.2394 35.7649 0.249159584 0.248608824
TA.F21A.z -107.123 45.8231 0.254094045113 0.253204037594
TA.A16A.z -111.597 48.9482 0.254601984127 0.254229857143
TA.O39A.z -92.5438 40.2544 0.250051104478 0.24915908209
TA.131A.z -100.389 32.6737 0.253842582677 0.253495354331
TA.A23A.z -104.879 48.9592 0.254655425926 0.254152731481
TA.M05C.z -121.146 41.3593 0.268738681818 0.268662409091
TA.O34A.z -96.6936 40.1831 0.250108589928 0.249614007194
TA.832A.z -99.9743 28.2844 0.253503496241 0.253102082707
TA.E06A.z -120.979 46.5433 0.266900390476 0.267599342857
TA.738A.z -95.6481 28.8404 0.256756792 0.256188
TA.328A.z -102.81 31.3818 0.254316649123 0.254011675439
TA.W20A.z -108.5 35.1259 0.264969035398 0.264657079646
TA.N47A.z -85.6942 40.8801 0.248486155738 0.247946352459
TA.C05A.z -121.689 47.6947 0.25922973913 0.259448934783
TA.HRV.z -71.5583 42.5064 0.250862757009 0.250504841121
TA.F09A.z -117.909 45.7087 0.26101407874 0.261546370079
TA.S09A.z -117.225 37.7243 0.266865701923 0.266567548077
TA.W25A.z -104.461 35.2177 0.261415620968 0.260423572581
TA.318A.z -109.991 31.439 0.26174615748 0.26122119685
TA.V11A.z -115.43 35.8384 0.263288007519 0.263424789474
TA.H10A.z -116.747 44.589 0.261379090909 0.261252060606
TA.637A.z -96.3324 29.439 0.256895403846 0.256446086538
TA.J55A.z -77.8167 43.2657 0.252097524752 0.251296811881
TA.I31A.z -98.5352 44.0297 0.24951261194 0.249121701493
TA.J57A.z -75.9968 43.4099 0.249410432203 0.249111966102
TA.SCZ2.z -119.635 33.9954 0.261592645833 0.26111125
TA.247A.z -88.6102 32.053 0.251381175182 0.250522021898
TA.U27A.z -102.825 36.4213 0.256483190476 0.256184314286
TA.425A.z -104.986 30.7862 0.261301579832 0.261314210084
TA.S06C.z -119.849 37.8817 0.262758927536 0.263039478261
TA.I22A.z -106.484 43.8924 0.254253745763 0.253687788136
TA.H17A.z -110.576 44.3951 0.264158593985 0.26447656391
TA.Z56A.z -81.3687 33.3253 0.248385060976 0.247794914634
TA.Z35A.z -97.253 33.3308 0.254012734043 0.252936925532
TA.227A.z -103.292 32.012 0.255888892562 0.255405884298
TA.V37A.z -95.141 35.883 0.250136121739 0.249663791304
TA.G12A.z -115.326 45.1285 0.261394605042 0.260707436975
TA.O11A.z -115.657 40.1313 0.265339379845 0.264568511628
TA.H04A.z -122.186 44.6837 0.262858932039 0.262477126214
TA.VES.z -119.085 35.8409 0.259841125 0.259208375
TA.S05C.z -120.33 37.346 0.263456176471 0.262780985294
TA.N35A.z -95.6425 40.8612 0.252245534722 0.251428277778
TA.T19A.z -109.025 36.8299 0.26088665625 0.26023040625
TA.U42A.z -91.2383 36.3514 0.253712089431 0.253384252033
TA.L39A.z -92.0007 42.1234 0.248877659864 0.248473034014
TA.S27A.z -102.898 37.6837 0.255861272 0.256007568
TA.J25A.z -103.803 43.3901 0.257803887097 0.257576193548
TA.658A.z -81.2578 29.422 0.25163268595 0.251685280992
TA.V41A.z -92.1554 35.7851 0.251621282443 0.25157251145
TA.S59A.z -77.2942 37.762 0.2516470625 0.251535835938
TA.Z26A.z -103.98 33.2716 0.256434980392 0.255026627451
TA.M58A.z -76.4603 41.3721 0.250970854839 0.25010533871
TA.J52A.z -80.4764 43.2407 0.249715360656 0.249879754098
TA.557A.z -81.7291 30.016 0.253155669725 0.253139330275
TA.V26A.z -103.786 35.7964 0.262119181034 0.261886025862
TA.G25A.z -103.417 45.1935 0.253758315789 0.252813902256
TA.F32A.z -97.1264 45.8705 0.248213104 0.247647744
TA.L34A.z -96.3762 41.9666 0.25217971223 0.252084805755
TA.W17A.z -110.713 35.0789 0.264729341085 0.265491348837
TA.338A.z -95.3106 31.3567 0.254827923077 0.254792792308
TA.K31A.z -98.7546 42.6229 0.248860413223 0.249182446281
TA.U35A.z -96.7318 36.3709 0.24841085124 0.248307677686
TA.I06A.z -120.211 43.9437 0.268277221154 0.267945346154
TA.GLMI.z -84.6175 44.8245 0.251283637681 0.25088707971
TA.OGNE.z -102.033 40.9451 0.258788571429 0.258405116883
TA.I43A.z -88.146 43.8844 0.250739586538 0.250656038462
TA.431A.z -100.608 30.6824 0.25504020339 0.256006533898
TA.326A.z -103.979 31.3165 0.262192781513 0.262241739496
TA.Q12A.z -114.83 39.04 0.261077352518 0.260985798561
TA.S24A.z -105.213 37.6407 0.263397738739 0.262962567568
TA.D31A.z -97.7226 47.0481 0.246445507692 0.245714261538
TA.O50A.z -83.6199 40.1468 0.250160844595 0.24992647973
TA.O61A.z -74.553 40.0934 0.250083412698 0.249790333333
TA.H61A.z -71.9271 44.5339 0.25307147619 0.252449333333
TA.J21A.z -107.446 43.3459 0.257655285714 0.257446408163
TA.Q24A.z -105.149 38.9641 0.261208330645 0.260583556452
TA.P59A.z -76.4327 39.6101 0.248591968504 0.248761748031
TA.G38A.z -91.8549 45.1693 0.250299567568 0.249119801802
TA.344A.z -90.7318 31.4527 0.256795095588 0.256523139706
TA.F15A.z -112.493 45.8409 0.259215508287 0.258619546961
TA.BW06.z -109.558 42.7667 0.262591428571 0.262156404762
TA.J18A.z -110.02 43.2112 0.264320285714 0.264014098901
TA.M06C.z -120.477 41.2047 0.268417272727 0.267056893939
TA.E13A.z -114.188 46.4423 0.260071260355 0.259488976331
TA.U46A.z -88.1773 36.359 0.251322622642 0.251033028302
TA.O37A.z -94.1461 40.1664 0.249862644928 0.248618413043
TA.E64A.z -67.8285 46.4184 0.252690555556 0.252554777778
TA.F45A.z -85.5156 45.6837 0.249862676768 0.249710843434
TA.L54A.z -79.3162 42.2345 0.251623281553 0.251141708738
TA.532A.z -99.9049 30.1278 0.252680176991 0.251962053097
TA.N38A.z -93.235 40.7931 0.250466014286 0.249891921429
TA.Y55A.z -81.8581 33.9375 0.248519045872 0.248186770642
TA.MVCO.z -108.499 37.2103 0.256938166667 0.256546166667
TA.H11A.z -116.013 44.7035 0.261025533333 0.261112614815
TA.G40A.z -90.2006 45.2684 0.247165492063 0.247118055556
TA.H55A.z -77.183 44.5505 0.249328228571 0.249028390476
TA.E21A.z -107.076 46.5408 0.254497954545 0.254658045455
TA.I11A.z -115.958 43.9121 0.265573689922 0.265324627907
TA.G31A.z -98.2083 45.2254 0.248338031008 0.247461162791
TA.348A.z -87.9023 31.4129 0.254593517986 0.254260805755
TA.552A.z -85.2938 30.1327 0.254298533981 0.254136796117
TA.K54A.z -78.6908 42.6097 0.250905657407 0.250617740741
TA.757A.z -82.0685 28.9413 0.249234792079 0.249230455446
TA.Z44A.z -90.4322 33.2773 0.251800752294 0.251148825688
TA.C09A.z -118.274 47.8006 0.256009204724 0.254906748031
TA.K51A.z -81.5082 42.7223 0.250666666667 0.250160704545
TA.P37A.z -94.3491 39.5882 0.249641417266 0.249067136691
TA.I32A.z -97.4643 44.0271 0.249757312977 0.248454610687
TA.X17A.z -110.806 34.3371 0.265720765766 0.265541432432
TA.634A.z -98.3515 29.3815 0.256085347826 0.257222507246
TA.Z30A.z -101.128 33.2861 0.252732336957 0.252466695652
TA.143A.z -91.4036 32.7032 0.253921633987 0.254029189542
TA.M24A.z -104.825 41.4676 0.257920699187 0.257678707317
TA.936A.z -97.3091 27.4208 0.257309938931 0.257096839695
TA.J12A.z -115.098 43.25 0.271605508065 0.271363927419
TA.K55A.z -78.0696 42.7278 0.250962912621 0.250495194175
TA.Q32A.z -98.5596 38.9908 0.254032452555 0.253632080292
TA.G58A.z -74.054 45.1492 0.251742697479 0.251128420168
TA.G57A.z -74.9855 45.1036 0.250072049587 0.249650024793
TA.O30A.z -100.057 40.1791 0.255694224 0.254323392
TA.N28A.z -101.541 40.6873 0.255201080645 0.253971145161
TA.R51A.z -83.5834 38.3001 0.251997804348 0.251975782609
TA.OSI.z -118.724 34.6145 0.264175021277 0.263662212766
TA.535A.z -97.5711 30.029 0.254954372093 0.254460596899
TA.Y22D.z -106.921 34.0739 0.263370956897 0.263341362069
TA.L14A.z -113.24 42.0343 0.263921757576 0.263658772727
TA.I47A.z -84.5096 44.0193 0.249147287879 0.249198795455
TA.350A.z -86.3353 31.4207 0.253468198113 0.251759839623
TA.T17A.z -110.804 36.9969 0.263247441667 0.263009816667
TA.B09A.z -118.149 48.4226 0.259654968 0.258987296
TA.R23A.z -105.826 38.1907 0.265651825688 0.265235238532
TA.I52A.z -80.177 44.068 0.25020862406 0.249650969925
TA.NATX.z -94.661 31.7598 0.255907275862 0.255440862069
TA.Y53A.z -83.5836 33.8554 0.253061398305 0.25222059322
TA.U32A.z -99.0014 36.3795 0.251027911111 0.250619511111
TA.Q29A.z -100.979 38.8905 0.252915508333 0.253014258333
TA.E07A.z -119.855 46.5585 0.263788969466 0.263275183206
TA.O04C.z -121.086 40.32 0.265402130435 0.266599956522
TA.O18A.z -110.008 40.2655 0.261892630769 0.261745207692
TA.V24A.z -105.272 35.7259 0.26231225 0.262850571429
TA.G28A.z -100.916 45.0749 0.250973745902 0.250186844262
TA.113A.z -113.767 32.7683 0.2623623 0.261770628571
TA.434A.z -98.269 30.8142 0.250659075188 0.249758639098
TA.H03A.z -123.292 44.6765 0.265567633803 0.265446098592
TA.V49A.z -85.903 35.7663 0.250712601626 0.250617747967
TA.L20A.z -108.34 42.0073 0.258063099237 0.257937923664
TA.X53A.z -83.3013 34.5031 0.251349591837 0.250999578231
TA.U44B.z -89.3507 36.3391 0.252370092784 0.250706556701
TA.J45A.z -86.3889 43.4354 0.249271727273 0.248535893939
TA.S23A.z -106.002 37.7059 0.265516190083 0.264961165289
TA.S19A.z -109.137 37.7459 0.260981 0.260790523077
TA.P32A.z -98.6011 39.6223 0.25494537415 0.254219537415
TA.Z33A.z -98.7648 33.2865 0.252080590164 0.251963754098
TA.239A.z -94.4707 32.0179 0.25666708547 0.255457042735
TA.E29A.z -99.642 46.5682 0.247090878788 0.246572060606
TA.M38A.z -93.1965 41.4175 0.250105757353 0.249555698529
TA.I34A.z -95.86 44.0392 0.250339592 0.24873144
TA.X21A.z -107.786 34.4457 0.262982663717 0.262280442478
TA.K62A.z -72.2345 42.6651 0.251712269565 0.251194521739
TA.Y58A.z -79.6665 33.9057 0.249556364706 0.248997823529
TA.W54A.z -82.1859 35.0857 0.24920546 0.2485808
TA.P61A.z -74.7919 39.6734 0.251112540984 0.250391016393
TA.P55A.z -79.8265 39.5078 0.253421672566 0.252635814159
TA.M17A.z -110.666 41.4729 0.256665392157 0.256348588235
TA.O01C.z -123.82 40.1398 0.260787157143 0.260691514286
TA.A29A.z -99.2321 48.9228 0.249552061069 0.249015923664
TA.X14A.z -112.891 34.4692 0.264212714286 0.263690714286
TA.C37A.z -92.1853 47.7283 0.248529015873 0.248341571429
TA.F26A.z -102.67 45.8512 0.253096792593 0.252989222222
TA.Y54A.z -82.688 33.8621 0.250903169492 0.249643279661
TA.M01C.z -124.122 41.8473 0.26404255 0.2637554
TA.M02C.z -122.854 41.392 0.261798969697 0.262291045455
TA.X40A.z -92.8342 34.4873 0.253946360294 0.253643625
TA.K47A.z -84.9993 42.6704 0.250403639098 0.24914824812
TA.355A.z -82.8518 31.3438 0.252443482143 0.251596026786
TA.E03A.z -123.563 46.5459 0.259222875 0.258822230769
TA.H25A.z -103.598 44.6215 0.25463 0.253305121429
TA.A14A.z -113.422 48.9725 0.257051365079 0.257097920635
TA.V04C.z -120.87 35.636 0.262784148148 0.262515685185
TA.M23A.z -105.722 41.468 0.257564089431 0.257603878049
TA.O09A.z -117.19 40.1697 0.266123086538 0.265780480769
TA.P28A.z -101.755 39.5732 0.254437269841 0.253907793651
TA.139A.z -94.3927 32.6795 0.256950705882 0.256275260504
TA.353A.z -84.2172 31.3474 0.251326007874 0.25075303937
TA.R40A.z -92.2684 38.2909 0.250007864662 0.250408887218
TA.V15A.z -112.173 35.8191 0.265957117647 0.266012084034
TA.Z41A.z -92.803 33.2577 0.25589497561 0.256121382114
TA.O16A.z -111.502 40.2067 0.266833587302 0.266486015873
TA.L61B.z -72.6802 42.4498 0.252915366972 0.251738844037
TA.343A.z -91.6169 31.2839 0.258324661654 0.257813984962
TA.E10A.z -117.11 46.485 0.256899285714 0.255942968254
TA.E24A.z -104.307 46.5608 0.252540857143 0.251812739496
TA.E19A.z -108.786 46.4611 0.255618881356 0.255381415254
TA.U59A.z -77.7925 36.3526 0.248756672269 0.248454428571
TA.D51A.z -79.3733 47.0904 0.250603060241 0.249991759036
TA.X25A.z -104.662 34.5271 0.260839 0.260524371681
TA.G65A.z -67.5632 45.2002 0.251597523364 0.251409616822
TA.O43A.z -89.313 40.2856 0.249688092593 0.249486916667
TA.MPP.z -119.814 34.8885 0.258526777778 0.257817055556
TA.250A.z -86.2677 31.9778 0.250125333333 0.249595561905
TA.536A.z -97.0652 30.0756 0.256586298387 0.25601666129
TA.437A.z -96.1386 30.8292 0.256257864662 0.256017406015
TA.P24A.z -104.908 39.5144 0.260733008547 0.260252623932
TA.T28A.z -102.114 37.1204 0.254708677686 0.255137735537
TA.237A.z -95.8084 32.0015 0.25296180292 0.253116051095
TA.R39A.z -93.0383 38.3138 0.250893844444 0.250392348148
TA.531A.z -100.546 30.1645 0.255250583333 0.25589715
TA.633A.z -99.1766 29.4591 0.25451559854 0.254864854015
TA.O29A.z -100.798 40.1253 0.255531909836 0.254264729508
TA.N30A.z -100.1 40.7957 0.256879721311 0.255856385246
TA.U38A.z -94.3857 36.4394 0.250611789062 0.25062746875
TA.H18A.z -109.664 44.6769 0.259838321101 0.25908093578
TA.430A.z -101.236 30.7866 0.254627692982 0.254920026316
TA.835A.z -97.8297 28.287 0.258749134328 0.257992537313
TA.X32A.z -99.2854 34.4214 0.252489875 0.253232044118
TA.S47A.z -86.8779 37.5946 0.250484736111 0.250151763889
TA.G04A.z -122.478 45.2059 0.261244704082 0.261169857143
TA.K14A.z -113.176 42.5452 0.264268908571 0.264413537143
TA.U60A.z -77.1596 36.4718 0.250104591667 0.249568108333
TA.K01A.z -124.469 42.8088 0.262565346154 0.262456705128
TA.109C.z -117.105 32.8889 0.261290416667 0.260412020833
TA.D49A.z -81.3562 47.2726 0.251184822222 0.250772022222
TA.T29A.z -101.294 37.1565 0.253979472 0.25373128
TA.O52A.z -81.8361 40.1158 0.250846421053 0.249779538012
TA.R17A.z -110.711 38.4187 0.259721367521 0.259694478632
TA.H46A.z -85.2034 44.5397 0.248952959677 0.249453653226
TA.L07A.z -119.34 42.0187 0.2694788 0.26917579
TA.KSCO.z -102.627 39.0112 0.258031937931 0.257855165517
TA.U54A.z -81.8204 36.5209 0.251075355705 0.250871838926
TA.O42A.z -90.0812 40.1956 0.251040590909 0.250698681818
TA.G03A.z -123.281 45.3153 0.260408105882 0.259955294118
TA.H47A.z -84.2062 44.5994 0.249767796992 0.249499518797
TA.SUTB.z -121.786 39.2291 0.264247616667 0.263956766667
TA.126A.z -104.02 32.6462 0.258158284483 0.256832525862
TA.C39A.z -90.1289 47.8171 0.253505124031 0.253159914729
TA.R46A.z -87.5114 38.2124 0.251321923077 0.251007298077
TA.S10A.z -116.595 37.923 0.266172174242 0.26590219697
TA.858A.z -81.3616 28.2126 0.25297487 0.25264242
TA.TPNV.z -116.249 36.9488 0.26007897619 0.259915571429
TA.N57A.z -77.5509 40.7556 0.25104448 0.251237888
TA.R44A.z -89.0809 38.2475 0.250503059701 0.25042308209
TA.D34A.z -95.1952 47.0851 0.245818056911 0.245337138211
TA.X42A.z -91.6262 34.5532 0.252995980583 0.252094873786
TA.S31A.z -99.4845 37.6193 0.253978066116 0.25352885124
TA.HATC.z -121.461 40.8161 0.2650335 0.265370066667
TA.MPM.z -117.489 36.058 0.256525938776 0.256264061224
TA.Q18A.z -110.133 39.1025 0.261672572581 0.261349370968
TA.L13A.z -113.944 42.0886 0.26835816 0.268384936
TA.N08A.z -118.134 40.7811 0.265873247706 0.266328009174
TA.G59A.z -73.1809 45.0807 0.253007235849 0.251982962264
TA.G64A.z -68.7558 45.2527 0.251256364486 0.250967560748
TA.ECSD.z -96.6141 43.7337 0.249472175824 0.248907186813
TA.Y59A.z -78.8737 33.9897 0.253469853659 0.253081317073
TA.T56A.z -80.0311 37.0288 0.248406980392 0.248381614379
TA.335A.z -97.4271 31.2819 0.252233555556 0.252630266667
TA.C08A.z -119.045 47.7849 0.258614017094 0.256964521368
TA.T12A.z -114.715 36.7256 0.266624620155 0.266061945736
TA.Y60A.z -78.2163 34.0046 0.250376679012 0.250158259259
TA.I10A.z -116.803 44.086 0.264496846154 0.264002430769
TA.L49A.z -83.7672 42.1088 0.250917040984 0.250687245902
TA.L26A.z -103.079 42.0367 0.257598901639 0.256832483607
TA.M16A.z -111.63 41.3146 0.26071752381 0.260940873016
TA.M20A.z -108.187 41.4906 0.257360598485 0.257605439394
TA.D19A.z -108.88 47.1646 0.256050927928 0.256135099099
TA.K15A.z -112.531 42.6852 0.266933234375 0.266803585937
TA.B34A.z -94.6501 48.486 0.248436223077 0.247817138462
TA.M63A.z -72.0464 41.4038 0.251876205357 0.250680991071
TA.B35A.z -93.7261 48.3603 0.252117790698 0.251608868217
TA.R21A.z -107.55 38.3685 0.265192234234 0.265325954955
TA.J61A.z -72.5535 43.3462 0.252187290598 0.251288700855
TA.219A.z -109.259 31.9989 0.260280415929 0.258923371681
TA.P26A.z -103.346 39.5602 0.257931991597 0.257567504202
TA.R08A.z -118.106 38.3489 0.270979557895 0.270955431579
TA.Z57A.z -80.7039 33.297 0.251532492063 0.250668174603
TA.T05C.z -120.674 36.8953 0.262402942308 0.260084807692
TA.H23A.z -105.401 44.562 0.255462715517 0.255104637931
TA.T30A.z -100.527 37.0526 0.253940991304 0.253490452174
TA.U10A.z -116.33 36.4193 0.261590491667 0.261561408333
TA.G05A.z -121.317 45.2422 0.262904533981 0.262494300971
TA.HEC.z -116.335 34.8294 0.263095510638 0.262215319149
TA.Y51A.z -85.064 33.8993 0.251295322581 0.250811362903
TA.J29A.z -100.325 43.4061 0.252025420561 0.25185828972
TA.540A.z -93.9796 30.2093 0.259192443396 0.2584295
TA.X59A.z -78.6023 34.572 0.24917619469 0.248288752212
TA.S32A.z -98.9363 37.7001 0.253080642857 0.252697992857
TA.T25A.z -104.411 37.1388 0.262090071429 0.26130445
TA.737A.z -96.4402 28.7639 0.259713263158 0.259165578947
TA.R61A.z -75.339 38.3303 0.252549141667 0.252517466667
TA.Q16A.z -111.172 38.9176 0.264696263566 0.264936945736
TA.D23A.z -105.207 47.173 0.255084363636 0.255090123967
TA.X57A.z -80.094 34.4643 0.249869923611 0.249506486111
TA.H66A.z -67.3115 44.7859 0.252456456311 0.252296815534
TA.N14A.z -113.187 40.8513 0.265162772358 0.264305471545
TA.L22A.z -106.434 42.031 0.257635053571 0.257851821429
TA.J46A.z -85.6466 43.3478 0.249716618321 0.249314229008
TA.934A.z -98.5192 27.6018 0.263249578125 0.262058921875
TA.P53A.z -81.3896 39.4868 0.249874925714 0.249201285714
TA.D11A.z -116.335 47.0477 0.254915525424 0.253911101695
TA.B19A.z -108.944 48.4551 0.253929439655 0.253541612069
TA.B14A.z -113.273 48.3609 0.255393451613 0.254763862903
TA.P56A.z -78.8386 39.5044 0.252357834646 0.252603952756
TA.035A.z -98.1023 26.9379 0.259955377049 0.259425622951
TA.655A.z -83.2552 29.5107 0.25172832381 0.251442714286
TA.061Z.z -80.907 25.8657 0.253134718447 0.253120048544
TA.S08C.z -118.171 37.4993 0.27131484127 0.271245365079
TA.ANMO.z -106.457 34.9459 0.265114111111 0.264926444444
TA.H21A.z -107.042 44.6277 0.257514573529 0.256319794118
TA.R58A.z -78.0034 38.2989 0.25052109322 0.250563847458
TA.K50A.z -82.6231 42.7749 0.249685403509 0.249575561404
TA.K27A.z -102.236 42.7036 0.257417515625 0.257378414062
TA.X24A.z -105.435 34.5646 0.261536173913 0.260752617391
TA.352A.z -84.9274 31.4793 0.252492746154 0.251517253846
TA.R58B.z -77.8787 37.9636 0.252409166667 0.25247965
TA.M27A.z -102.387 41.5281 0.255752804878 0.254688178862
TA.U26A.z -103.744 36.3945 0.260940889831 0.260490169492
TA.546A.z -89.7191 30.233 0.257106 0.25695755303
TA.H12A.z -114.855 44.5494 0.262765976744 0.264156087209
TA.147A.z -88.2708 32.6738 0.250614135294 0.250437894118
TA.W12A.z -114.87 35.301 0.260945294118 0.261010941176
TA.U23A.z -106.192 36.3289 0.263286210526 0.264255929825
TA.E46A.z -84.3062 46.3665 0.249456559322 0.248965762712
TA.M62A.z -72.8939 41.4423 0.251101427273 0.250125090909
TA.O05C.z -120.918 39.962 0.264957055556 0.264753736111
TA.J56A.z -76.8579 43.276 0.251204912 0.250240544
TA.WHTX.z -97.4561 31.9913 0.254554082803 0.254939261146
TA.D32A.z -97.0164 47.1354 0.247161206107 0.246434717557
TA.M22A.z -106.596 41.4033 0.259763745455 0.259687012121
TA.BRAL.z -87.0506 31.1687 0.250075933962 0.250340943396
TA.628A.z -102.888 29.4862 0.260117766667 0.259903541667
TA.117A.z -110.739 32.5716 0.26115731405 0.260422842975
TA.E50A.z -80.7378 46.4232 0.25015059596 0.249540878788
TA.645A.z -90.5966 29.4573 0.257262495935 0.256591292683
TA.059A.z -81.144 26.9671 0.250630377049 0.249700377049
TA.F41A.z -89.1046 45.7387 0.247122694915 0.247057813559
TA.PKME.z -69.2917 45.2644 0.252568816514 0.252463550459
TA.J08A.z -118.474 43.358 0.268002275591 0.267048314961
TA.T06C.z -119.709 37.0069 0.261027691176 0.260103955882
TA.R29A.z -101.138 38.4243 0.254325461538 0.254061478632
TA.S50A.z -84.4003 37.679 0.251501315789 0.250808932331
TA.S28A.z -101.898 37.5899 0.253289291667 0.25380145
TA.R13A.z -113.969 38.1802 0.267323132075 0.266518830189
TA.T53A.z -82.535 36.9823 0.251649788079 0.251310450331
TA.J04A.z -122.109 43.2406 0.2656695 0.26651590625
TA.WMOK.z -98.7807 34.7379 0.252253794872 0.253197076923
TA.G13A.z -114.233 45.0931 0.263052219101 0.262682629213
TA.B15A.z -112.562 48.3129 0.25310324812 0.252924428571
TA.L12A.z -115.016 42.146 0.268285595041 0.268959049587
TA.T31A.z -99.6771 37.0977 0.254537065574 0.254109327869
TA.059Z.z -81.4432 26.3373 0.250297652893 0.250275909091
TA.W13A.z -113.885 35.099 0.264635804196 0.264611265734
TA.B16A.z -111.707 48.4128 0.251922032258 0.251124669355
TA.S42A.z -90.7939 37.77 0.252277636364 0.250302190909
TA.C15A.z -112.607 47.775 0.258534085271 0.257812891473
TA.W32A.z -99.2458 35.1238 0.252036630769 0.252026084615
TA.N62A.z -73.4677 40.9313 0.247664857143 0.246839040816
TA.B33A.z -95.588 48.2722 0.248009932692 0.248049634615
TA.J62A.z -71.8127 43.2262 0.252177990909 0.251209136364
TA.X45A.z -89.3931 34.4241 0.250538912 0.250025176
TA.J40A.z -90.7406 43.3965 0.250090291971 0.249355554745
TA.Z19A.z -109.266 33.2921 0.263384558824 0.263628852941
TA.U40A.z -92.8535 36.3563 0.252448204225 0.252114866197
TA.H13A.z -114.255 44.5642 0.264230595376 0.265048265896
TA.X60A.z -77.9768 34.5773 0.249160576923 0.248037625
TA.Y32A.z -99.442 34.0036 0.255758745283 0.255494150943
TA.S54A.z -81.3114 37.7997 0.253805158621 0.253663351724
TA.N02C.z -123.306 40.822 0.263687769231 0.263106615385
TA.Y19A.z -109.254 33.9571 0.263300577236 0.263614707317
TA.J26A.z -103.075 43.3126 0.25628391129 0.256298919355
TA.DGMT.z -104.196 48.4702 0.256260120879 0.256881472527
TA.453A.z -84.3197 30.8541 0.253157777778 0.252427451852
TA.Y56A.z -81.3047 33.7922 0.249809060345 0.248613887931
TA.L36A.z -94.6676 42.1009 0.251151331034 0.250960227586
TA.A06A.z -121.48 49.0983 0.262030649485 0.261885226804
TA.R05C.z -120.076 38.7028 0.263909424658 0.264388958904
TA.B23A.z -104.991 48.4643 0.253837212598 0.253568503937
TA.R55A.z -80.1195 38.2825 0.254352589744 0.254003557692
TA.L33A.z -97.2724 42.1659 0.25077669403 0.250739014925
TA.356A.z -82.1275 31.3247 0.249188904 0.248501352
TA.D46A.z -84.0357 46.891 0.250071822581 0.249911951613
TA.T11A.z -115.22 37.2408 0.266759714286 0.266906880952
TA.R60A.z -76.5807 38.2684 0.253372527132 0.253203984496
TA.S37A.z -94.8279 37.7597 0.252759958678 0.252567024793
TA.F64A.z -68.3496 45.8633 0.250814469565 0.250337521739
TA.N18A.z -109.673 40.9763 0.263065603448 0.262593672414
TA.O35A.z -95.9097 40.2665 0.249681818182 0.249092622378
TA.MIAR.z -93.5765 34.5454 0.254132342391 0.25366488587
TA.O07A.z -118.877 40.1614 0.267986168539 0.267207044944
TA.E22A.z -105.949 46.4386 0.254431383333 0.254134291667
TA.K43A.z -88.332 42.7044 0.248226559322 0.247474457627
TA.Q23A.z -105.834 38.9045 0.263281556452 0.263542298387
TA.N37A.z -94.2095 40.7582 0.251907446809 0.25080022695
TA.T43A.z -90.2878 37.0833 0.252938159292 0.251956743363
TA.B13A.z -114.468 48.3739 0.256227027027 0.255790913514
TA.V55A.z -81.2149 35.8518 0.251100701389 0.250638305556
TA.O49A.z -84.3353 40.188 0.249243439716 0.248334765957
TA.TUQ.z -115.924 35.4358 0.260200630435 0.260296826087
TA.G42A.z -88.4277 45.2418 0.247541653846 0.246998740385
TA.I21A.z -107.292 43.8122 0.257392083333 0.256484145833
TA.K28A.z -101.367 42.7136 0.255474124031 0.255534387597
TA.FMP.z -118.294 33.7126 0.258991291667 0.258465791667
TA.I05A.z -121.268 44.1626 0.268818880952 0.269262892857
TA.062Z.z -81.0523 24.7266 0.258569965217 0.25850266087
TA.222A.z -107.101 32.1046 0.265517353448 0.265488137931
TA.J11A.z -115.828 43.4151 0.269060173913 0.26876342029
TA.441A.z -93.1898 30.7498 0.255542798507 0.255404932836
TA.F46A.z -84.7586 45.7737 0.250128551402 0.249520878505
TA.V17A.z -110.794 35.6218 0.26164480597 0.261505298507
TA.FUR.z -116.863 36.4672 0.255276283019 0.254229830189
TA.VBMS.z -90.5177 32.2185 0.252587378571 0.252390821429
TA.E17A.z -110.858 46.462 0.25981103252 0.258757788618
TA.I03A.z -123.278 43.9726 0.263184329114 0.263344746835
TA.M26A.z -103.143 41.4661 0.254977815126 0.254169731092
TA.D56A.z -74.7568 47.0485 0.250779796117 0.250452543689
TA.B32A.z -96.5363 48.3951 0.247214556522 0.246761904348
TA.442A.z -92.4314 30.7119 0.257644445313 0.25740603125
TA.BNLO.z -122.173 37.1311 0.261311333333 0.2615035
TA.220A.z -108.527 31.9041 0.261193991304 0.26095213913
TA.I57A.z -75.6599 43.9377 0.251242762712 0.251014466102
TA.R26A.z -103.447 38.3009 0.256636277778 0.255904031746
TA.B18A.z -109.777 48.3943 0.254770247788 0.254178681416
TA.K63A.z -71.5283 42.6888 0.252077240385 0.251538038462
TA.C22A.z -105.884 47.7456 0.256383071429 0.256125015873
TA.L19A.z -109.357 42.1012 0.258271815385 0.258015146154
TA.L65A.z -70.0528 42.0295 0.251203259259 0.25104612037
TA.X50A.z -85.6486 34.4596 0.254191736842 0.254085421053
TA.F25A.z -103.458 45.9256 0.254215521739 0.253607775362
TA.LRAL.z -86.9978 33.0348 0.250120460177 0.249795097345
TA.O44A.z -88.4671 40.1526 0.250689912281 0.250507850877
TA.I08A.z -118.569 43.9104 0.26765076 0.26770789
TA.J48A.z -83.7849 43.2986 0.25015590625 0.249844554688
TA.Z55A.z -82.1359 33.2211 0.24947896875 0.2488745625
TA.T35A.z -96.5121 36.9161 0.250216121951 0.249940869919
TA.L44A.z -87.9119 42.1782 0.249882052632 0.249758964912
TA.Z45A.z -89.6913 33.3705 0.252139849558 0.252429424779
TA.CBN.z -77.3732 38.2046 0.247995965812 0.24747734188
TA.H34A.z -95.777 44.6673 0.249733149254 0.249109671642
TA.L63A.z -71.6095 41.8631 0.250187990654 0.249881074766
TA.A08A.z -119.272 48.9534 0.264048754717 0.264053424528
TA.157A.z -80.9972 32.678 0.253557128378 0.254129810811
TA.G29A.z -99.9234 45.1926 0.251480155039 0.250974139535
TA.S16A.z -111.596 37.7222 0.264325089286 0.264360660714
TA.C30A.z -98.4783 47.7026 0.251047431818 0.250522363636
TA.S13A.z -113.86 37.5808 0.268445571429 0.268231421053
TA.Q61A.z -75.3256 38.8799 0.2506892 0.2513114
TA.221A.z -107.778 32.0094 0.266752678261 0.266480043478
TA.I26A.z -102.86 44.0309 0.255646485294 0.254881566176
TA.O51A.z -82.6056 40.147 0.251172275281 0.250883117978
TA.P47A.z -86.2699 39.4869 0.250387886792 0.249536009434
TA.H19A.z -108.986 44.6704 0.258071258741 0.256799839161
TA.D47A.z -83.1038 47.0558 0.249316914729 0.249171186047
TA.E26A.z -102.462 46.4712 0.253585652482 0.253157496454
TA.X26A.z -103.81 34.5508 0.258215398305 0.257248254237
TA.I07A.z -119.504 44.082 0.268683775194 0.268514170543
TA.229A.z -101.811 31.9671 0.252786218487 0.252667092437
TA.K58A.z -75.6473 42.7633 0.253008625 0.252654066667
TA.W30A.z -100.577 35.1818 0.257409613445 0.256979789916
TA.D52A.z -78.4117 46.9764 0.2502282 0.249535088889
TA.H42A.z -88.5311 44.5091 0.249483481481 0.248686435185
TA.553A.z -84.4317 30.189 0.25516196124 0.254725937984
TA.A30A.z -98.3009 48.9402 0.251111246154 0.250828776923
TA.L60A.z -74.2226 41.989 0.252175542373 0.251993491525
TA.959A.z -80.8791 27.524 0.250983208333 0.251089483333
TA.H38A.z -92.282 44.6753 0.249788904348 0.248433347826
TA.B21A.z -107.017 48.4278 0.255532292683 0.254571772358
TA.F03A.z -123.559 45.9306 0.258015558559 0.257960468468
TA.K56A.z -77.3244 42.6981 0.250415245763 0.249967169492
TA.PAL.z -73.9079 41.0056 0.252030908333 0.251938633333
TA.O02C.z -122.788 40.1767 0.265053786885 0.265006180328
TA.M33A.z -97.195 41.5726 0.251399137405 0.250744419847
TA.150A.z -86.022 32.6067 0.249040828283 0.249666474747
TA.P44A.z -88.6209 39.4676 0.251239854701 0.250793666667
TA.T59A.z -77.5541 36.9716 0.252058916667 0.251275758333
TA.L48A.z -84.4329 41.9438 0.250039325926 0.250311918519
TA.F39A.z -90.919 45.9153 0.247121401709 0.24747782906
TA.SMM.z -119.996 35.3142 0.265418608696 0.265336847826
TA.K19A.z -108.847 42.8247 0.256889370968 0.256942830645
TA.149A.z -86.7916 32.5983 0.250266398058 0.250722446602
TA.E33A.z -96.0054 46.5035 0.248140376923 0.247426692308
TA.L11A.z -115.754 42.1669 0.267167515625 0.266992070312
TA.H62A.z -71.1559 44.5743 0.253292605505 0.252886155963
TA.T32A.z -98.9247 37.1797 0.251522801471 0.251115507353
TA.C19A.z -109.049 47.7343 0.255311766667 0.254708391667
TA.N17A.z -110.834 40.9425 0.26257578125 0.261905132813
TA.455A.z -83.026 30.7422 0.252104766917 0.251846473684
TA.T55A.z -80.7843 37.117 0.2507414 0.251075273333
TA.B07A.z -120.12 48.4607 0.262629666667 0.262123991453
TA.W29A.z -101.648 35.1212 0.257551798246 0.257122
TA.L55A.z -78.4368 42.1831 0.252869691589 0.25170435514
TA.D06A.z -120.844 47.1935 0.261199045455 0.261364836364
TA.V42A.z -91.39 35.806 0.25437996 0.254180128
TA.146A.z -89.0573 32.6368 0.253206007092 0.252860865248
TA.J03A.z -122.965 43.3717 0.258676571429 0.259386428571
TA.135A.z -97.4099 32.5573 0.251926333333 0.251959281481
TA.J59A.z -74.5041 43.4647 0.252503311475 0.252245885246
TA.N10A.z -116.508 40.7186 0.266598739496 0.26732902521
TA.G43A.z -87.6861 45.2572 0.249715834862 0.248499743119
TA.Z53A.z -83.5713 33.2801 0.248465303797 0.247847531646
TA.D59A.z -71.8358 47.0073 0.251791135135 0.251547243243
TA.148A.z -87.571 32.6469 0.250305072165 0.250508762887
TA.C12B.z -115.475 47.7092 0.255156832061 0.254956694656
TA.Z24A.z -105.365 33.3298 0.260292678571 0.259911553571
TA.W47A.z -87.5946 35.2511 0.253052980198 0.252373683168
TA.E61A.z -70.489 46.4312 0.251132027027 0.250979225225
TA.N32A.z -98.2955 40.7639 0.254668904762 0.254736979592
TA.I24A.z -104.626 43.8594 0.257747732143 0.259131633929
TA.C27A.z -101.503 47.7139 0.252728877863 0.252038755725
TA.D53A.z -77.7001 47.0795 0.252127892857 0.251860392857
TA.452A.z -85.183 30.8492 0.252007153846 0.251292394231
TA.G61A.z -71.5273 45.2827 0.253413660714 0.252919276786
TA.T49A.z -85.5334 37.105 0.252724610687 0.251741007634
TA.J06A.z -120.153 43.2515 0.269729333333 0.270221956989
TA.F34A.z -95.2581 45.7954 0.248759310606 0.248682636364
TA.L64A.z -70.8391 41.9359 0.2528998 0.252562645455
TA.N34A.z -96.5005 40.8378 0.252626262069 0.251958448276
TA.D13A.z -114.459 47.0943 0.257426078652 0.257517337079
TA.248A.z -87.7393 32.094 0.251626057971 0.251460753623
TA.Q44A.z -89.017 38.9032 0.252441335878 0.252358916031
TA.J10A.z -116.767 43.4275 0.268110952 0.267572176
TA.H48A.z -83.3249 44.7006 0.250652701613 0.250398870968
TA.M12A.z -114.915 41.4157 0.266270625 0.265535132813
TA.155A.z -82.4665 32.6219 0.249577007634 0.24960878626
TA.S51A.z -83.5935 37.6392 0.252433992806 0.252394374101
TA.S43A.z -90.0754 37.5716 0.252255458015 0.251103419847
TA.R30A.z -100.277 38.2844 0.253206344538 0.252859857143
TA.W59A.z -78.443 35.1673 0.250152606557 0.250106237705
TA.Z23A.z -106.232 33.2621 0.262617829787 0.262942680851
TA.C35A.z -93.9763 47.7007 0.246325701613 0.245846475806
TA.S55A.z -80.5013 37.7724 0.252359611842 0.252791269737
TA.M51A.z -82.1831 41.3321 0.251744108434 0.250884427711
TA.W42A.z -91.5224 35.2732 0.251245477064 0.250929440367
TA.A28A.z -100.267 48.9096 0.254000177778 0.253637555556
TA.657A.z -81.8665 29.5852 0.249871118812 0.249770178218
TA.G06A.z -120.635 45.2357 0.262906444444 0.262413733333
TA.F49A.z -82.0423 45.7627 0.248972411348 0.248805056738
TA.152A.z -84.7188 32.6686 0.2533761875 0.252798804687
TA.340A.z -93.8896 31.4167 0.255360902985 0.255244977612
TA.H27A.z -102.077 44.6329 0.25334906015 0.25264281203
TA.Z22A.z -106.964 33.2555 0.264870928571 0.2649723
TA.B10A.z -117.225 48.2995 0.256247743802 0.256205214876
TA.A19A.z -108.743 48.9286 0.257223016667 0.256857616667
TA.RCT.z -119.244 36.3052 0.260026930233 0.259789139535
TA.V20A.z -108.466 35.7992 0.265356418182 0.264930463636
TA.G18A.z -109.563 45.3171 0.25985962931 0.259271698276
TA.V32A.z -99.0437 35.7202 0.252018227273 0.251107765152
TA.LGU.z -119.066 34.1082 0.260434275862 0.259753172414
TA.U55A.z -81.0472 36.5023 0.25103558042 0.25039348951
TA.327A.z -103.492 31.3691 0.257125282051 0.257568820513
TA.O03C.z -122.032 39.9971 0.26579347541 0.265296327869
TA.J63A.z -71.0781 43.2792 0.249277971698 0.248449490566
TA.L41A.z -90.4977 42.0751 0.249475065217 0.249281804348
TA.MCWV.z -79.8456 39.6581 0.252641227642 0.249550268293
TA.319A.z -109.281 31.3757 0.263623711864 0.263563288136
TA.Q34A.z -96.9408 38.9214 0.248569883721 0.248166581395
TA.GOGA.z -83.4666 33.4112 0.250974023622 0.250480740157
TA.Q13A.z -114.02 38.9551 0.264317688525 0.263799483607
TA.O33A.z -97.5845 40.0755 0.251292305556 0.250313284722
TA.T24B.z -105.382 37.0624 0.26149424 0.26189422
TA.Q56A.z -79.1871 39.041 0.253285879032 0.252639072581
TA.F29A.z -99.8273 45.8336 0.251111211679 0.250499481752
TA.539A.z -94.7236 30.1084 0.260119102804 0.259748205607
TA.T34A.z -97.1883 37.0222 0.250623421875 0.2504471875
TA.LONY.z -74.5829 44.6197 0.248221122951 0.24776952459
TA.Q53A.z -81.5251 38.8586 0.251786496644 0.251895006711
TA.H24A.z -104.552 44.7473 0.257047008264 0.256710355372
TA.N42A.z -90.0345 40.829 0.250029943396 0.250295924528
TA.I13A.z -114.117 43.9146 0.267319668605 0.267543825581
TA.P21A.z -107.449 39.524 0.264296241935 0.26403775
TA.T27A.z -102.721 37.0614 0.256314579832 0.256817436975
TA.444A.z -90.7463 30.7153 0.257330563492 0.257674515873
TA.I02A.z -123.83 44.0035 0.264448381579 0.264638447368
TA.P20A.z -108.391 39.4998 0.264569317829 0.263859155039
TA.R04C.z -120.936 38.2571 0.262254012658 0.262703
TA.S14A.z -113.168 37.7601 0.270728096774 0.270361741935
TA.Y22A.z -106.965 33.937 0.264593226804 0.264247010309
TA.O24A.z -105.073 40.1227 0.259954327586 0.259177974138
TA.D09A.z -118.309 47.0615 0.256545366667 0.255427158333
TA.Q47A.z -86.4261 38.9362 0.250098951456 0.248733834951
TA.734A.z -98.5576 28.8473 0.255673198413 0.255182222222
TA.W14A.z -113.083 35.2127 0.267220790698 0.26832803876
TA.O28A.z -101.773 40.1262 0.255745641667 0.254908525
TA.CBKS.z -99.7374 38.814 0.252361844444 0.252643488889
TA.Y18A.z -110.034 33.7776 0.265889244898 0.266227357143
TA.C06A.z -120.894 47.923 0.259032673077 0.259007778846
TA.Y37A.z -95.621 33.9789 0.253392448 0.253088352
TA.X15A.z -112.237 34.4866 0.265689584615 0.266032192308
TA.P39A.z -92.7549 39.4877 0.249532038462 0.249523192308
TA.555A.z -82.9666 30.1212 0.250251206186 0.250477381443
TA.K12A.z -114.903 42.636 0.271575789916 0.271768941176
TA.N44A.z -88.1333 40.7953 0.250100071429 0.2501783125
TA.957A.z -82.2357 27.6702 0.249310064516 0.248626215054
TA.U41A.z -91.9203 36.344 0.251905314961 0.25216207874
TA.J24A.z -104.661 43.3305 0.258755379032 0.25802733871
TA.R16A.z -111.483 38.2843 0.26434682243 0.264777570093
TA.P09A.z -117.14 39.5516 0.266985652174 0.266842706522
TA.Z36A.z -96.4344 33.2702 0.25438990099 0.25351909901
TA.I62A.z -71.3359 43.8743 0.253162486726 0.252220513274
TA.123A.z -106.262 32.6349 0.26615378125 0.265871364583
TA.BINY.z -75.9861 42.1993 0.248957088 0.250571856
TA.Z40A.z -93.3995 33.2584 0.2559195 0.255471953704
TA.SSPA.z -77.8876 40.6358 0.252594629921 0.252367503937
TA.C17A.z -110.763 47.6327 0.254597741935 0.254870048387
TA.435B.z -97.585 30.7827 0.253747870968 0.25344433871
TA.F43A.z -87.1694 45.8313 0.249205929204 0.248775168142
TA.D20A.z -108.136 47.0911 0.257100934426 0.257124319672
TA.MDND.z -99.6029 47.8481 0.257324739837 0.257362382114
TA.T21A.z -107.534 36.9914 0.263093481928 0.262773506024
TA.SDCO.z -105.501 37.7456 0.260653758621 0.260071206897
TA.O19A.z -109.124 40.2982 0.263295462069 0.262857813793
TA.F63A.z -69.1029 45.703 0.250507980198 0.249853554455
TA.J43A.z -88.4185 43.3808 0.251031685185 0.250379240741
TA.H07A.z -119.565 44.5913 0.266842423423 0.265843558559
TA.K29A.z -100.318 42.7612 0.254763976378 0.254428858268
TA.RLMT.z -109.267 45.1221 0.258874531915 0.26027387234
TA.F51A.z -79.915 45.9284 0.249872797872 0.250163308511
TA.332A.z -99.7423 31.3829 0.25128307377 0.250765221311
TA.M21A.z -107.364 41.6067 0.25838576 0.258752168
TA.N60A.z -75.1 40.8704 0.250977240602 0.250474075188
TA.U29A.z -101.27 36.4519 0.255681844262 0.255607942623
TA.S04C.z -121.328 37.5049 0.262782215686 0.262842666667
TA.242A.z -92.1521 32.0617 0.256137807407 0.25534522963
TA.V36A.z -95.9425 35.7863 0.246952371901 0.246849487603
TA.223A.z -106.428 32.0062 0.266190570175 0.265754070175
TA.N46A.z -86.7352 40.8949 0.252141527273 0.250892945455
TA.H20A.z -107.999 44.4868 0.258933485915 0.257397626761
TA.U30A.z -100.651 36.5304 0.254797586777 0.254551644628
TA.G54A.z -78.0898 45.3979 0.248521970874 0.248171834951
TA.M14A.z -113.347 41.503 0.265324382812 0.265075039063
TA.Q42A.z -90.5331 38.912 0.250457707692 0.250371807692
TA.L21A.z -107.369 41.9641 0.258683848739 0.258683226891
TA.V35A.z -96.8378 35.7626 0.251557035461 0.250696851064
TA.F36A.z -93.5241 45.8618 0.251031511278 0.250626285714
TA.D63A.z -68.1066 47.037 0.251030209091 0.2508642
TA.L17A.z -110.873 42.0995 0.25780737931 0.258459896552
TA.E32A.z -97.0701 46.5927 0.247144305344 0.246646709924
TA.060A.z -80.3618 27.0361 0.251725528 0.251804784
TA.F40A.z -90.1217 45.919 0.247335647541 0.247741065574
TA.C33A.z -95.7725 47.7586 0.245875047619 0.24532081746
TA.G46A.z -84.8621 45.3176 0.249958912 0.24944276
TA.V22A.z -106.909 35.9138 0.265236026087 0.265431182609
TA.454A.z -83.6302 30.7145 0.252347674603 0.251934880952
TA.K30A.z -99.6131 42.6742 0.254353197183 0.254440112676
TA.K10A.z -116.87 42.7779 0.26817734375 0.268062453125
TA.440A.z -93.9587 30.7456 0.256545916667 0.256213490741
TA.I63A.z -70.5809 44.0505 0.251800405405 0.251712333333
TA.MONP2.z -116.422 32.892 0.259882282609 0.260008586957
TA.KSU1.z -96.6094 39.1009 0.252679472222 0.252732833333
TA.L31A.z -98.8387 42.176 0.253855258503 0.254124877551
TA.449A.z -87.2151 30.7596 0.254417628866 0.254222917526
TA.X44A.z -90.1462 34.4998 0.250618392308 0.249879653846
TA.V52A.z -83.5959 35.8417 0.251508831933 0.25185605042
TA.W58A.z -79.2333 35.0208 0.250190731092 0.250558277311
TA.N15A.z -112.52 40.8903 0.263080566667 0.262954346667
TA.C28A.z -100.387 47.7157 0.251621029197 0.251174167883
TA.TZTN.z -83.549 36.5439 0.252013358779 0.251194076336
TA.H29A.z -100.213 44.6261 0.254884837398 0.253804796748
TA.H43A.z -87.7704 44.4697 0.249960669421 0.249231479339
TA.443A.z -91.7809 30.7642 0.259240301587 0.259132936508
TA.A17A.z -110.699 48.9448 0.25470545614 0.253947192982
TA.E53A.z -77.6638 46.3784 0.246781505747 0.246670666667
TA.451A.z -85.7467 30.616 0.256574201923 0.255691971154
TA.B25A.z -103.161 48.2716 0.254880272727 0.25419220979
TA.W36A.z -96.2264 35.1393 0.251361560606 0.251250318182
TA.H53A.z -78.5832 44.5736 0.250499305263 0.250130168421
TA.122A.z -107.001 32.6995 0.264660314961 0.264411338583
TA.H58A.z -74.1798 44.4176 0.249869158333 0.249159841667
TA.C04A.z -122.972 47.7172 0.260937573034 0.260894606742
TA.N36A.z -94.9604 40.8156 0.251326772059 0.250720919118
TA.P23A.z -105.839 39.3741 0.26075279845 0.260790302326
TA.V57A.z -79.7758 35.8875 0.249660961832 0.249124694656
TA.L08A.z -118.344 42.1901 0.270902509804 0.27022222549
TA.ARV.z -118.83 35.1269 0.263426361702 0.262861191489
TA.N19A.z -109.177 40.8936 0.262373318182 0.262427254545
TA.L50A.z -82.8095 42.043 0.253207472868 0.252934542636
TA.236A.z -96.531 31.9997 0.251127923077 0.251042222222
TA.U13A.z -113.965 36.4151 0.267024052632 0.267402323308
TA.J49A.z -83.1389 43.36 0.251481960938 0.251245546875
TA.B04A.z -123.504 48.0575 0.267174516484 0.266890857143
TA.538A.z -95.49 30.2219 0.257183728 0.257001184
TA.B11A.z -116.367 48.4366 0.254955965217 0.255056791304
TA.Y29A.z -101.671 33.8602 0.251964412371 0.252217350515
TA.K25A.z -103.87 42.612 0.259578677419 0.258911112903
TA.F33A.z -96.2929 45.8398 0.24989484127 0.249634079365
TA.HAST.z -121.551 36.3887 0.257301592593 0.257348611111
TA.253A.z -84.1294 32.0612 0.247354209302 0.246260643411
TA.234A.z -98.1368 32.004 0.251641120301 0.250973578947
TA.N29A.z -100.626 40.8189 0.25453744186 0.253625488372
TA.O58A.z -76.9228 40.1231 0.250054883721 0.249822906977
TA.M65A.z -70.6466 41.562 0.253279783784 0.250623594595
TA.F24A.z -104.445 45.8452 0.25538425 0.254816142857
TA.X47A.z -87.8571 34.5178 0.250161419048 0.250259314286
TA.Y13A.z -113.829 33.8142 0.258919239669 0.25882753719
TA.V13A.z -113.984 35.8522 0.266443557252 0.266666938931
TA.S40A.z -92.5014 37.5988 0.251701814815 0.252008592593
TA.G36A.z -93.7509 45.2344 0.25209127907 0.251763403101
TA.Q21A.z -107.574 38.8347 0.265148243697 0.264983915966
TA.GSC.z -116.806 35.3018 0.260889186047 0.260423744186
TA.P22A.z -106.759 39.5952 0.262832312 0.262909
TA.X31A.z -99.9793 34.6309 0.2535539 0.253518625
TA.554A.z -83.6836 30.0841 0.253766961165 0.252640427184
TA.224A.z -105.523 32.076 0.262291588235 0.26216002521
TA.L02A.z -123.602 42.156 0.264602346667 0.26476444
TA.B26A.z -102.234 48.3762 0.252682441176 0.250851904412
TA.N09A.z -117.524 40.852 0.26576268932 0.265660271845
TA.E31A.z -97.8879 46.5583 0.245688453846 0.245122507692
TA.Y36A.z -96.2848 33.8996 0.252554991935 0.252053846774
TA.J19A.z -109.053 43.2649 0.259813805755 0.259698820144
TA.141A.z -92.9049 32.6046 0.255467514925 0.254402507463
TA.R52A.z -82.6443 38.3366 0.254376895522 0.253581962687
TA.T18A.z -109.874 37.1364 0.262512454545 0.262139867769
TA.D60A.z -70.9237 46.9139 0.253854828829 0.253405558559
TA.F59A.z -72.7833 45.8513 0.251782919355 0.251053491935
TA.L28A.z -101.52 42.0073 0.25519523622 0.254653574803
TA.Y16A.z -111.478 33.8798 0.261667807692 0.261752238462
TA.A12A.z -115.653 48.9339 0.258264908108 0.258620924324
TA.A07A.z -120.384 49.048 0.262899588785 0.262340570093
TA.L16A.z -111.432 42.0149 0.260315744186 0.260374248062
TA.L56A.z -77.5591 42.1365 0.251404741935 0.251177403226
TA.U34A.z -97.5354 36.4365 0.254589866667 0.253923051852
TA.P14A.z -113.069 39.5906 0.269183018519 0.268481009259
TA.I33A.z -96.7989 44.0475 0.248937847328 0.247818244275
TA.D15A.z -112.52 47.0418 0.260487657609 0.259639054348
TA.X13A.z -113.83 34.5935 0.262066177778 0.26117602963
TA.A05A.z -122.085 48.9983 0.259332772277 0.259722930693
TA.P41A.z -91.0619 39.675 0.249999208955 0.249429641791
TA.R48A.z -85.8714 38.4001 0.25239754902 0.252331343137
TA.S53A.z -82.1264 37.6815 0.252012703947 0.251562289474
TA.K06A.z -120.251 42.7991 0.267659229508 0.267949655738
TA.L47A.z -85.2021 41.9756 0.250685427184 0.250338495146
TA.O56A.z -78.5663 40.2683 0.250725291339 0.250939488189
TA.I41A.z -89.8697 44.0592 0.249514976378 0.249042984252
TA.N07B.z -118.971 40.7797 0.268598257143 0.268500257143
TA.T16A.z -111.506 36.9839 0.263228132231 0.262967363636
TA.136A.z -96.5297 32.4746 0.252479635593 0.251694508475
TA.R32A.z -98.7111 38.4225 0.252262708955 0.251932350746
TA.JFWS.z -90.2481 42.9142 0.250539118812 0.249948455446
TA.RSSD.z -104.036 44.1212 0.257696757895 0.2578338
TA.E34A.z -95.1691 46.5136 0.24855687218 0.248056766917
TA.C03A.z -124.566 47.9475 0.26571378125 0.265415385417
TA.M03C.z -122.122 41.2742 0.266193621212 0.265606772727
TA.O21A.z -107.47 40.2149 0.265158556452 0.265123991935
TA.R56A.z -79.4031 38.4071 0.252039764228 0.252182130081
TA.W52A.z -83.9277 35.0935 0.251643771654 0.251730535433
TA.445A.z -90.338 30.7303 0.257656892308 0.257904584615
TA.A25A.z -103.113 48.9388 0.256929103704 0.25693462963
TA.H36A.z -93.9281 44.5775 0.249355338129 0.249847640288
TA.N56A.z -78.2953 40.9171 0.250522733871 0.250614564516
TA.G16A.z -111.805 45.2285 0.265123141509 0.265311084906
TA.X41A.z -92.5137 34.4949 0.253652676692 0.252956353383
TA.V62A.z -75.957 35.5612 0.251981925 0.2517336
TA.G23A.z -105.391 45.2012 0.253549358491 0.252967009434
TA.631A.z -100.576 29.4123 0.255767621849 0.255530680672
TA.Z42A.z -91.9474 33.2739 0.253727849206 0.25339234127
TA.P17A.z -110.74 39.473 0.264047255814 0.264053023256
TA.A32A.z -96.4935 48.9172 0.251758817391 0.251191391304
TA.B20A.z -108.021 48.4389 0.254556495495 0.253912
TA.D26A.z -102.436 47.0301 0.253676984848 0.252889333333
TA.P05C.z -120.608 39.3028 0.263329469697 0.263596348485
TA.P51A.z -83.0601 39.4818 0.251213138889 0.251090077778
TA.A10A.z -117.559 48.9813 0.262015439024 0.261882634146
TA.I15A.z -112.485 43.9997 0.270257584906 0.269707990566
TA.T51A.z -83.9454 36.9655 0.253457850746 0.25240469403
TA.O26A.z -103.313 40.2422 0.256387471545 0.255962943089
TA.K40A.z -91.1383 42.6999 0.247835375887 0.247312489362
TA.P11A.z -115.754 39.553 0.26183506993 0.261802153846
TA.214A.z -112.812 31.9559 0.262464625 0.2625305
TA.B12A.z -115.589 48.4694 0.255417955556 0.255306572222
TA.I53A.z -79.5912 43.8238 0.252294866667 0.251420533333
TA.X43A.z -90.8812 34.518 0.253084371681 0.252173123894
TA.124A.z -105.454 32.7001 0.2631455 0.263411741379
TA.T54A.z -81.5762 37.0608 0.25001904 0.250095533333
TA.732A.z -99.9707 28.7292 0.252331470588 0.25174994958
TA.T22A.z -106.903 37.0138 0.263925043478 0.263706891304
TA.Q37A.z -94.4522 38.8763 0.251524912281 0.25114654386
TA.F19A.z -108.944 45.8538 0.254006551181 0.253630433071
TA.C26A.z -102.096 47.8259 0.254025773438 0.2526613125
TA.J15A.z -112.433 43.3998 0.267417740385 0.267963240385
TA.I23A.z -105.463 43.9605 0.256601495798 0.25623112605
TA.Q48A.z -85.7311 38.9295 0.250441323077 0.250253207692
TA.Z43A.z -91.2441 33.21 0.253219491228 0.252863991228
TA.Y41A.z -92.6113 33.8807 0.25366858209 0.253483380597
TA.N23A.z -105.944 40.8947 0.260629344 0.260147064
TA.133A.z -98.9162 32.6083 0.2523917 0.252060138462
TA.I38A.z -92.3306 44.0405 0.252032597015 0.251561731343
TA.W19A.z -109.388 35.1118 0.262676063636 0.262677690909
TA.J05A.z -121.236 43.2843 0.271643403509 0.272255684211
TA.V05C.z -119.903 35.8667 0.259830586667 0.25951284
TA.S17A.z -110.802 37.6354 0.263163213675 0.262543487179
TA.J42A.z -89.1234 43.3179 0.247883757282 0.24728323301
TA.Z29A.z -101.706 33.2595 0.252948890244 0.252902256098
TA.M08A.z -118.379 41.4483 0.266812061856 0.266622216495
TA.KMSC.z -81.3333 35.142 0.249879116883 0.249406097403
TA.O60A.z -75.405 40.3177 0.252589333333 0.2519676
TA.K11A.z -116.032 42.7713 0.269655393162 0.269365760684
TA.Y50A.z -85.7347 33.8911 0.252911298077 0.252560567308
TA.Z13A.z -113.657 33.1999 0.257096102041 0.257097306122
TA.228A.z -102.592 32.118 0.256049163934 0.255960844262
TA.060Z.z -80.556 26.4062 0.255450029412 0.255350568627
TA.134A.z -98.0795 32.5729 0.251723923077 0.251545946154
TA.N63A.z -72.5206 40.9878 0.24872104386 0.248551263158
TA.448A.z -87.8608 30.9309 0.255868128571 0.255688778571
TA.P13A.z -114.016 39.455 0.2661378 0.265835891667
TA.S49A.z -85.2875 37.7849 0.252478935252 0.251816021583
TA.B17A.z -110.799 48.2921 0.253634275862 0.252680939655
TA.058A.z -81.8049 27.0569 0.254859201681 0.253958277311
TA.T39A.z -93.3774 37.0241 0.251590518519 0.252125451852
TA.N40A.z -91.5837 40.8841 0.249794609756 0.249100357724
TA.T52A.z -82.9852 37.1076 0.252735362319 0.252095405797
TA.R57A.z -78.5232 38.297 0.25263291453 0.253049897436
TA.N53A.z -80.8377 40.8065 0.25310758156 0.252361617021
TA.P25A.z -104.168 39.5125 0.260008267241 0.259519956897
TA.I29A.z -100.303 44.0215 0.253889527559 0.253398409449
TA.F42A.z -88.1347 45.7587 0.24721095 0.246870241667
TA.K52A.z -80.7139 42.7805 0.249220858333 0.248926258333
TA.Q22A.z -106.91 38.8627 0.264970625 0.265145757812
TA.HDIL.z -89.294 40.5559 0.252904440945 0.251847968504
TA.526A.z -104.09 30.0609 0.2602734 0.260480183333
TA.857A.z -82.2291 28.267 0.252494758621 0.252057505747
TA.V45A.z -88.9591 35.7403 0.252183440945 0.251427480315
TA.U37A.z -95.1161 36.406 0.249535983333 0.2491126
TA.E41A.z -88.9636 46.4643 0.24894872973 0.248765342342
TA.C34A.z -94.9106 47.6501 0.244327943089 0.243486349593
