TA.324A.z -105.483 31.4425 0.265536918699 0.264956650407
TA.118A.z -109.97 32.6399 0.265332792 0.265154632
TA.O10A.z -116.5 40.2917 0.266457055556 0.266206071429
TA.Z17A.z -110.472 33.2969 0.26924585 0.26847141
TA.TIGA.z -83.5898 31.4389 0.260152 0.259388263566
TA.M11A.z -115.791 41.4311 0.271611901639 0.271460795082
TA.H14A.z -113.367 44.6165 0.270987434783 0.271282886957
TA.F48A.z -82.6185 45.8278 0.255969893617 0.255548638298
TA.L05A.z -120.834 42.0472 0.278749128205 0.278382282051
TA.Q50A.z -83.979 38.8436 0.260820274648 0.260570359155
TA.U15A.z -112.291 36.428 0.269772911765 0.269498588235
TA.B28A.z -100.362 48.4492 0.261133288591 0.259934590604
TA.B05A.z -122.096 48.2641 0.269772107527 0.269882290323
TA.M47A.z -85.6214 41.3594 0.257815264706 0.257308411765
TA.R50A.z -84.3274 38.2816 0.262118751724 0.261832144828
TA.W18A.z -109.736 35.1181 0.267242308943 0.267980430894
TA.M04C.z -121.839 41.7826 0.269902363636 0.271127581818
TA.635A.z -97.7736 29.3877 0.25958976087 0.259230818841
TA.A15A.z -112.733 48.9777 0.261727676923 0.261211253846
TA.EYMN.z -91.4953 47.9462 0.254651477941 0.254327580882
TA.Q26A.z -103.52 38.9234 0.262750142857 0.262347596639
TA.K04A.z -121.731 42.6133 0.273581431034 0.272891396552
TA.J28A.z -101.236 43.4239 0.2643604 0.264029703704
TA.E04A.z -122.72 46.5934 0.269148902439 0.268660439024
TA.F07A.z -119.928 45.8951 0.267619135338 0.266866646617
TA.S48A.z -86.0569 37.6574 0.260129883929 0.259832267857
TA.D57A.z -73.8878 47.0172 0.256765478261 0.256561380435
TA.D62A.z -69.0501 47.0819 0.258022342593 0.257681824074
TA.X50B.z -85.6499 34.4611 0.260098912088 0.260198417582
TA.R10A.z -116.302 38.2886 0.272956238462 0.272723238462
TA.F62A.z -69.9664 45.8968 0.25795846875 0.2571885625
TA.LAVA.z -120.74 38.7552 0.266625649351 0.267035142857
TA.U04C.z -120.783 36.3627 0.26294430137 0.262649506849
TA.N39A.z -92.5023 40.8776 0.25908893125 0.25838520625
TA.O15A.z -112.469 40.2807 0.27146216 0.271225832
TA.K07A.z -119.247 42.6912 0.272872852941 0.272839019608
TA.P52A.z -82.1325 39.6337 0.260274396739 0.259733934783
TA.R38A.z -93.9056 38.1868 0.25824652381 0.257738979592
TA.R53A.z -81.9522 38.3307 0.261284341772 0.261227443038
TA.Z31A.z -100.144 33.3183 0.264494802469 0.263917987654
TA.K42A.z -89.3457 42.7792 0.256526734513 0.25566800885
TA.H33A.z -96.7434 44.6812 0.258450258503 0.257777054422
TA.241A.z -92.9188 32.0227 0.260898783217 0.260519
TA.N55A.z -78.9862 40.7808 0.258374348214 0.258200553571
TA.B06A.z -121.484 48.5183 0.269795160377 0.269512075472
TA.Q25A.z -104.247 38.9145 0.26776852459 0.267394532787
TA.J36A.z -94.3395 43.3292 0.260906918367 0.260708986395
TA.D22A.z -106.18 47.1498 0.26545784375 0.2652810625
TA.L35A.z -95.5448 42.1123 0.263869876712 0.26344560274
TA.I37A.z -93.4003 44.0148 0.261307621622 0.260996925676
TA.K46A.z -85.7834 42.6864 0.257270941606 0.257022635036
TA.933A.z -99.2746 27.6133 0.261618580882 0.260921551471
TA.D17A.z -110.687 47.1523 0.266731208 0.266828448
TA.Y49A.z -86.4119 33.8577 0.258677109244 0.258403428571
TA.M13A.z -114.165 41.3602 0.269678744186 0.269203449612
TA.R36A.z -95.504 38.3237 0.258864229008 0.258019137405
TA.IRM.z -115.145 34.1574 0.26514862 0.26412358
TA.JCT.z -99.8022 30.4794 0.263325115108 0.263054633094
TA.V27A.z -102.836 35.7569 0.266405428571 0.266211371429
TA.J20A.z -108.084 43.3531 0.267189308219 0.266802917808
TA.SNCC.z -119.524 33.2479 0.259273272727 0.259112727273
TA.Q11A.z -115.654 38.8455 0.269996375 0.270070448529
TA.H57A.z -75.3905 44.4624 0.257103074074 0.256835472222
TA.233A.z -98.8998 32.0179 0.257080072993 0.255952051095
TA.Y42A.z -91.7871 33.8364 0.260261616541 0.259851571429
TA.O54A.z -80.3778 40.1821 0.260781558442 0.259839577922
TA.226A.z -104.101 32.0618 0.2675795 0.267356965517
TA.330A.z -101.175 31.4063 0.262771147287 0.261635255814
TA.W34A.z -97.7733 35.2352 0.260972460993 0.260670971631
TA.121A.z -107.785 32.5324 0.269595286885 0.269170442623
TA.733A.z -99.2939 28.7192 0.260503787879 0.260102681818
TA.K09A.z -117.725 42.6996 0.273293621053 0.273113547368
TA.V21A.z -107.638 35.8054 0.271219364486 0.270860102804
TA.TUL1.z -95.7919 35.9104 0.262302071429 0.261803971429
TA.M59A.z -75.4321 41.5413 0.258687294574 0.25795924031
TA.P16A.z -111.66 39.6092 0.272635027027 0.27268709009
TA.116A.z -111.704 32.5618 0.263052320312 0.26276759375
TA.G26A.z -102.599 45.2937 0.263696540741 0.263090555556
TA.545A.z -90.4894 30.0441 0.260421291262 0.260169990291
TA.I61A.z -72.2087 43.9323 0.258232508929 0.257807526786
TA.V54A.z -81.9478 35.7771 0.258195724832 0.258189536913
TA.F08A.z -118.777 45.7971 0.267206188976 0.266992251969
TA.K35A.z -95.2328 42.7218 0.261606310606 0.261520310606
TA.R31A.z -99.5271 38.2888 0.262274553719 0.261472024793
TA.W15A.z -112.267 35.1787 0.272102008475 0.272390508475
TA.428A.z -102.685 30.7263 0.264118908333 0.263869258333
TA.M54A.z -79.6647 41.5079 0.261213984848 0.260470378788
TA.BLA.z -80.4205 37.2113 0.261443314103 0.260483051282
TA.D05A.z -121.989 47.1881 0.270604917526 0.270734237113
TA.154A.z -83.1066 32.6131 0.258140522388 0.257970410448
TA.N25A.z -104.087 40.8132 0.268850982609 0.268585982609
TA.I28A.z -101.169 43.9996 0.263346731884 0.262810427536
TA.R18A.z -109.894 38.3862 0.269545051724 0.268633948276
TA.D14A.z -113.506 47.0816 0.266634481675 0.266268089005
TA.E36A.z -93.2557 46.5177 0.259499378788 0.258804962121
TA.I59A.z -73.8744 43.7957 0.259354677966 0.258855
TA.345A.z -90.0309 31.308 0.263481035461 0.263252695035
TA.E47A.z -83.2777 46.4547 0.255208721805 0.255131428571
TA.G15A.z -112.489 45.166 0.269032379747 0.268624917722
TA.542A.z -92.5513 30.1247 0.259627466019 0.259186825243
TA.127A.z -103.357 32.6764 0.262444236641 0.261407015267
TA.F44A.z -86.4226 45.9737 0.259097411765 0.258678764706
TA.C31A.z -97.7336 47.7927 0.25406370922 0.253522453901
TA.Y40A.z -93.2798 34.0124 0.260226117647 0.259504602941
TA.IBP.z -116.093 32.6611 0.263151 0.26389975
TA.IBP.z -116.093 32.6612 0.266361586207 0.266096206897
TA.X20A.z -108.498 34.5421 0.268968769912 0.269325238938
TA.M43A.z -88.9581 41.4365 0.259949452174 0.259471591304
TA.G32A.z -97.4994 45.2555 0.256679565217 0.255778615942
TA.E55A.z -76.0572 46.4538 0.257532378151 0.256647302521
TA.OXF.z -89.4092 34.5118 0.258377738095 0.258316142857
TA.456A.z -82.0223 30.7248 0.257807627907 0.257626379845
TA.V53A.z -82.8124 35.6694 0.259751913386 0.259076472441
TA.U49A.z -85.7796 36.5129 0.261271292683 0.26061104878
TA.H59A.z -73.6905 44.6455 0.258992417323 0.258194511811
TA.Y17A.z -110.844 33.6953 0.269986464 0.26945368
TA.D24A.z -104.327 47.1152 0.264972221374 0.264172496183
TA.MUR.z -117.195 33.6 0.268493844444 0.267677644444
TA.P33A.z -97.6946 39.4363 0.260805255172 0.260852848276
TA.N48A.z -85.0271 40.8591 0.261150618056 0.260733083333
TA.LBNH.z -71.9259 44.2401 0.258470721739 0.257750208696
TA.K37A.z -93.6388 42.7669 0.257522145695 0.257230403974
TA.G08A.z -118.96 45.2904 0.269216303704 0.268636444444
TA.M19A.z -109.157 41.5047 0.269821066667 0.269592925
TA.F20A.z -108.149 45.8006 0.263922478261 0.263816688406
TA.D37A.z -92.4262 47.1581 0.25714686014 0.257008818182
TA.I58A.z -74.9733 43.6901 0.257261446281 0.257405446281
TA.ACSO.z -82.982 40.2319 0.25921687766 0.25939731383
TA.W24A.z -105.408 35.2106 0.267951706349 0.26771781746
TA.X46A.z -88.5844 34.5564 0.259253174312 0.258445908257
TA.F58A.z -73.8145 45.8663 0.25571051938 0.25515075969
TA.CCM.z -91.2446 38.0557 0.257889564706 0.256952752941
TA.758A.z -81.1996 28.9621 0.252982137255 0.252822745098
TA.P50A.z -83.7988 39.6086 0.259964585987 0.259741235669
TA.U16A.z -111.13 36.1428 0.271811487179 0.27165934188
TA.I12A.z -115.133 43.7945 0.271306273504 0.271417222222
TA.SBC.z -119.715 34.4408 0.263314040816 0.263104204082
TA.A11A.z -116.363 48.958 0.265967990991 0.267018504505
TA.C25A.z -103.256 47.7124 0.262256814815 0.261433014815
TA.Y30A.z -100.898 33.8766 0.2648272 0.264036582609
TA.G33A.z -96.4383 45.1946 0.257562110294 0.256968625
TA.P42A.z -90.3443 39.5853 0.260389362963 0.259619755556
TA.D61A.z -70.1868 47.2022 0.258566711864 0.258063635593
TA.M60A.z -74.625 41.3265 0.254287861789 0.253384219512
TA.D41A.z -88.5657 47.0605 0.25881975 0.258012986111
TA.M07A.z -119.171 41.3884 0.272131989796 0.271531642857
TA.A27A.z -101.241 48.9533 0.261583366667 0.261050093333
TA.M10A.z -116.54 41.522 0.27255370229 0.272281450382
TA.AMTX.z -101.681 34.8837 0.263343075758 0.263257893939
TA.J14A.z -113.518 43.3234 0.273170166667 0.27300990625
TA.R25A.z -104.283 38.1474 0.269480410714 0.2691633125
TA.I04A.z -122.411 43.7941 0.270926096774 0.270804967742
TA.B27A.z -101.26 48.4044 0.263083221374 0.262255839695
TA.A22A.z -105.915 48.9926 0.265136448 0.264249064
TA.K20A.z -108.342 42.6579 0.266894764706 0.266557210084
TA.U43A.z -90.4057 36.3693 0.259192728814 0.259024898305
TA.SCI2.z -118.547 32.9799 0.264896789474 0.264882394737
TA.G60A.z -72.3337 45.0977 0.258967731092 0.258587546218
TA.D33A.z -95.8448 47.1404 0.254361594203 0.253900869565
TA.I25A.z -103.732 44.0196 0.262659816901 0.261884352113
TA.859A.z -80.8984 28.0592 0.258641814516 0.257967217742
TA.V44A.z -89.8954 35.8282 0.259289671533 0.258757160584
TA.X23A.z -106.188 34.581 0.267554154545 0.267059545455
TA.120A.z -108.633 32.5466 0.265452712 0.2646976
TA.J58A.z -75.2852 43.3603 0.257460471074 0.257365652893
TA.O31A.z -99.3261 40.1521 0.259649458904 0.259106061644
TA.J54A.z -78.6392 43.2728 0.258531225225 0.25849809009
TA.DWPF.z -81.4327 28.1103 0.257408259542 0.257079068702
TA.142A.z -91.9457 32.5488 0.258970732394 0.258988211268
TA.S45A.z -88.5804 37.6774 0.260988344371 0.260551874172
TA.Y25A.z -104.693 33.9229 0.266497403846 0.266160769231
TA.ABTX.z -99.6431 32.6238 0.260217502703 0.259616372973
TA.T15A.z -112.382 37.0183 0.272019858268 0.271551732283
TA.T48A.z -86.3943 37.1094 0.260454558559 0.259322126126
TA.F23A.z -105.406 45.7212 0.261577222222 0.260654290598
TA.P10A.z -116.464 39.6202 0.267427875969 0.267457891473
TA.E58A.z -73.2771 46.3721 0.254484836207 0.253828353448
TA.151A.z -85.3267 32.5269 0.257482155963 0.257520192661
TA.J23A.z -105.552 43.4036 0.267793075758 0.267146219697
TA.T60A.z -76.7349 37.1397 0.259452713178 0.258735844961
TA.D58A.z -72.8826 47.0954 0.257907596491 0.25760045614
TA.R27A.z -102.798 38.2859 0.264557976 0.26461692
TA.ERPA.z -79.9891 42.1175 0.259786246154 0.259578023077
TA.C16A.z -111.746 47.8012 0.262038375887 0.26186487234
TA.BGNE.z -98.1502 41.4083 0.260520106061 0.260477757576
TA.GLA.z -114.827 33.0515 0.267355117647 0.266675745098
TA.O32A.z -98.2764 40.261 0.262535582192 0.2618845
TA.Z37A.z -95.6229 33.1981 0.260680831683 0.259763059406
TA.D25A.z -103.32 47.1508 0.262722971014 0.261719753623
TA.L30A.z -99.7196 41.9492 0.262614637931 0.262683327586
TA.G10A.z -117.12 45.2925 0.267220643478 0.267353
TA.J33A.z -96.9667 43.3185 0.258927424242 0.258802143939
TA.W39A.z -93.784 35.196 0.261171646667 0.261129713333
TA.H56A.z -76.2594 44.593 0.259073542857 0.258385933333
TA.Y23A.z -106.055 33.9315 0.268319901961 0.268583872549
TA.V43A.z -90.5443 35.7857 0.258914220339 0.258308186441
TA.638A.z -95.4481 29.4193 0.263855195652 0.262874913043
TA.DVT.z -116.101 32.6591 0.245115 0.245502666667
TA.V56A.z -80.4963 35.8097 0.256054792453 0.255770396226
TA.N52A.z -81.6876 40.8125 0.261207746575 0.260754609589
TA.S61A.z -75.6727 37.6804 0.260162836066 0.25959797541
TA.D50A.z -79.8412 47.1668 0.253221519481 0.253382376623
TA.LAO.z -106.223 46.6885 0.265485789474 0.265608184211
TA.450A.z -86.5863 30.8038 0.259091056075 0.258543420561
TA.F55A.z -76.351 45.8338 0.256563828571 0.256090352381
TA.N41A.z -90.8552 40.7077 0.257438970149 0.256779656716
TA.G11A.z -116.268 45.3997 0.266858060345 0.266874456897
TA.M53A.z -80.675 41.4393 0.260942100719 0.260450928058
TA.252A.z -84.7357 31.9962 0.257629753846 0.256761969231
TA.I20A.z -108.128 43.9496 0.267287676056 0.266658190141
TA.X35A.z -96.9731 34.3995 0.260774097744 0.259983473684
TA.833A.z -99.3939 28.3236 0.260905381679 0.260436625954
TA.I49A.z -82.8246 43.94 0.258082734848 0.257713265152
TA.P36A.z -95.206 39.6204 0.259460773723 0.259236094891
TA.T14A.z -113.084 37.0615 0.274099 0.27377186087
TA.129A.z -101.866 32.6309 0.264688475806 0.263564830645
TA.O55A.z -79.3041 40.2076 0.260578661017 0.260289618644
TA.LRL.z -117.682 35.4795 0.265825309524 0.26474002381
TA.334A.z -98.2379 31.3325 0.258092141844 0.257515468085
TA.W21A.z -107.648 35.117 0.271381157895 0.270951140351
TA.Z50A.z -85.9226 33.254 0.259586038961 0.25926361039
TA.Z21A.z -107.671 33.3086 0.266081688525 0.265200459016
TA.V23A.z -106.183 35.7452 0.269350184211 0.268594026316
TA.D29A.z -99.5957 47.0605 0.254794294964 0.25443142446
TA.W38A.z -94.5184 35.0704 0.260895109489 0.260991109489
TA.F13A.z -114.332 45.7893 0.268235023256 0.267368023256
TA.Y47A.z -87.8494 33.9025 0.260605204545 0.260159560606
TA.V40A.z -92.8232 35.8044 0.260821611511 0.259865316547
TA.Q40A.z -92.0748 38.9946 0.261714323741 0.261395143885
TA.E05A.z -121.761 46.5605 0.2715156375 0.2714481875
TA.M50A.z -83.0428 41.4035 0.260986304054 0.260764993243
TA.W16A.z -111.532 35.0951 0.272524172414 0.272454310345
TA.F14A.z -113.37 45.8122 0.268229941176 0.267296811765
TA.D28A.z -100.569 47.1929 0.259097573427 0.258718776224
TA.Y27A.z -103.163 33.8839 0.263391221154 0.263801576923
TA.J27A.z -102.007 43.2526 0.265165527559 0.264823102362
TA.556A.z -82.4057 30.0015 0.255688288462 0.255521980769
TA.J37A.z -93.5527 43.3103 0.258994234899 0.258353926174
TA.231A.z -100.316 31.9353 0.258296947368 0.258095406015
TA.145A.z -89.9287 32.6035 0.261563401408 0.261216514085
TA.627A.z -103.389 29.4528 0.264579789474 0.264269570175
TA.C11A.z -116.256 47.8397 0.262080764706 0.26166089916
TA.W33A.z -98.4686 35.1518 0.262348383459 0.261978195489
TA.E60A.z -71.4469 46.3689 0.258090432203 0.257592194915
TA.G17A.z -110.74 45.3212 0.270542438095 0.270001171429
TA.439A.z -94.766 30.7937 0.258842586207 0.258268793103
TA.K24A.z -104.815 42.7225 0.266782261905 0.266320293651
TA.CIA.z -118.415 33.4019 0.259539666667 0.25857862963
TA.Y45A.z -89.5431 33.8656 0.257857211679 0.257624686131
TA.H16A.z -111.248 44.7038 0.270252941176 0.269884023529
TA.C24A.z -104.425 47.5302 0.265933076923 0.265381830769
TA.Y39A.z -94.0936 33.938 0.260268912698 0.259528769841
TA.S41A.z -91.7458 37.5877 0.258444554745 0.257858423358
TA.F52A.z -79.3227 45.7951 0.256546579545 0.256074897727
TA.MNTX.z -105.382 31.6985 0.260019 0.260185428571
TA.Q39A.z -92.9759 39.0455 0.257676109589 0.257609657534
TA.GMR.z -115.66 34.7846 0.267199604651 0.266285116279
TA.F06A.z -120.782 45.7664 0.272995215054 0.271928795699
TA.V48A.z -86.8219 35.74 0.260054318841 0.260017289855
TA.K23A.z -105.625 42.7546 0.266061061538 0.265572492308
TA.E20A.z -108.13 46.5038 0.264194367187 0.26389421875
TA.H32A.z -97.4363 44.5041 0.257146817568 0.256350385135
TA.K21A.z -107.251 42.6332 0.26935496748 0.269098813008
TA.M35A.z -95.6945 41.4665 0.262790586207 0.262488703448
TA.A18A.z -109.846 48.9198 0.261734865546 0.261803798319
TA.W49A.z -86.2645 35.1194 0.261910100775 0.261984666667
TA.329A.z -101.981 31.487 0.259069688525 0.258301262295
TA.J02A.z -123.575 43.3654 0.27028062963 0.270164185185
TA.N12A.z -115.039 40.8522 0.269803676923 0.269039861538
TA.K32A.z -97.9723 42.6597 0.260533276923 0.260579861538
TA.436A.z -96.796 30.7702 0.259546177778 0.258977718519
TA.636A.z -97.057 29.481 0.263954862595 0.26388459542
TA.O36A.z -94.9645 40.1315 0.260594721805 0.259709082707
TA.138A.z -95.0887 32.6604 0.262114382979 0.26195306383
TA.P31A.z -99.3783 39.5211 0.261449073171 0.260187300813
TA.X58A.z -79.3388 34.5548 0.254376990826 0.254280770642
TA.Y52A.z -84.0626 33.864 0.257252387931 0.256583482759
TA.339A.z -94.556 31.3331 0.256916274074 0.257243081481
TA.X38A.z -94.8288 34.6692 0.261908739837 0.262000902439
TA.S25A.z -104.435 37.6606 0.268081844037 0.268176247706
TA.I30A.z -99.4262 43.9143 0.260496123077 0.260420007692
TA.R20A.z -108.379 38.1888 0.270867012048 0.270928879518
TA.W43A.z -90.7061 35.0877 0.2581105 0.257293962963
TA.G20A.z -108.214 45.2202 0.26221977037 0.261458777778
TA.F04A.z -122.419 45.9325 0.269284472527 0.268687010989
TA.H08A.z -118.67 44.5191 0.270773777778 0.270462222222
TA.L42A.z -89.667 42.004 0.256983733871 0.256436362903
TA.115A.z -112.228 32.7006 0.262880753846 0.262619761538
TA.N51A.z -82.3748 40.9183 0.258639350282 0.258173451977
TA.SWS.z -115.8 32.9451 0.265248589744 0.263752410256
TA.M15A.z -112.448 41.4632 0.270870993976 0.270893722892
TA.C14A.z -113.747 47.7687 0.265695154696 0.265564734807
TA.B31A.z -97.6495 48.4236 0.255256475524 0.254756384615
TA.O47A.z -86.1742 40.2361 0.254309405172 0.253436637931
TA.L32A.z -98.008 42.0045 0.261668832061 0.260412694656
TA.L46A.z -86.2955 42.0127 0.258429832 0.257750608
TA.114A.z -112.883 32.7513 0.261740059701 0.261208492537
TA.527A.z -103.612 30.1456 0.270095378151 0.269794084034
TA.D10A.z -117.276 47.0547 0.25866989781 0.257809649635
TA.U61A.z -76.4464 36.3319 0.260470839695 0.260172015267
TA.E12A.z -115.571 46.4151 0.264625390476 0.264096847619
TA.G34A.z -95.638 45.2419 0.259973423611 0.259555805556
TA.Y24A.z -105.436 33.9257 0.266879405941 0.266424346535
TA.C23A.z -105.184 47.8026 0.266689617886 0.266171349593
TA.M64A.z -71.2102 41.5509 0.256610481818 0.255964781818
TA.D27A.z -101.525 47.1081 0.263496022059 0.263457941176
TA.Z28A.z -102.387 33.2884 0.261727095238 0.261749464286
TA.E40A.z -89.8991 46.4446 0.258164695652 0.257907973913
TA.I40A.z -90.6177 43.8916 0.257659496183 0.257319633588
TA.I39A.z -91.5231 43.8543 0.257736338346 0.257649601504
TA.232A.z -99.6469 31.888 0.257834124031 0.257968395349
TA.M28A.z -101.371 41.3956 0.263796511811 0.262644582677
TA.S52A.z -83.0784 37.6791 0.260226464789 0.259397873239
TA.Z34A.z -97.9158 33.3712 0.261943945946 0.26118209009
TA.347A.z -88.5412 31.4017 0.259178978417 0.258293071942
TA.X54A.z -82.3743 34.5474 0.256452914286 0.2559733
TA.W60A.z -77.7133 35.0528 0.254813532787 0.254659352459
TA.530A.z -101.338 30.1489 0.267422461538 0.266971632479
TA.M56A.z -78.1826 41.4837 0.259084007937 0.258353436508
TA.I64A.z -69.6347 43.9197 0.257509555556 0.257328555556
TA.O48A.z -85.1553 40.2571 0.25964364539 0.259468368794
TA.S34A.z -97.1111 37.7009 0.258979288591 0.258878684564
TA.J30A.z -99.4922 43.3248 0.261820768212 0.261724072848
TA.O17A.z -110.738 40.1948 0.274418689655 0.274414816092
TA.I36A.z -94.0143 44.0191 0.261271684932 0.260968047945
TA.L58A.z -75.8502 42.0447 0.259966717557 0.260082992366
TA.I19A.z -108.994 44.0363 0.26806492029 0.267890188406
TA.K26A.z -103.178 42.7016 0.266887229008 0.266610137405
TA.533A.z -99.0351 30.0718 0.257178767123 0.25721619863
TA.R06C.z -119.451 38.5226 0.272210945652 0.272190293478
TA.U48A.z -86.5402 36.5107 0.260386544643 0.260046348214
TA.246A.z -89.1286 32.0143 0.260184253623 0.259012536232
TA.X18A.z -109.95 34.5293 0.269960925 0.268404883333
TA.217A.z -110.816 31.7748 0.264609451613 0.264252225806
TA.K60A.z -73.8886 42.6168 0.261594341667 0.261810975
TA.656A.z -82.5348 29.3689 0.257599617188 0.257543289062
TA.C10A.z -117.308 47.8192 0.260526664122 0.259824091603
TA.J41A.z -90.0137 43.3655 0.258297287582 0.257387366013
TA.E63A.z -68.422 46.422 0.257996723214 0.257530392857
TA.S33A.z -98.0016 37.5936 0.260763984848 0.260501212121
TA.F35A.z -94.5734 45.858 0.258945311111 0.258566955556
TA.V12A.z -114.851 35.7266 0.270437661654 0.270394022556
TA.O06A.z -119.827 40.165 0.270526927083 0.269803385417
TA.T47A.z -87.1055 36.9881 0.2601554 0.25964225
TA.F10A.z -117.228 45.9734 0.265363376812 0.265452782609
TA.M30A.z -99.8723 41.5371 0.261409124031 0.261628682171
TA.P27A.z -102.578 39.5559 0.263493810811 0.262793063063
TA.Q33A.z -97.8327 38.9982 0.260885970149 0.260798059701
TA.N33A.z -97.4506 40.7384 0.263023013793 0.261738724138
TA.K61A.z -73.2676 42.6695 0.258330880342 0.258288025641
TA.Q38A.z -93.6182 38.9609 0.257866047945 0.257470828767
TA.M31A.z -98.9766 41.344 0.261527333333 0.260716673077
TA.P35A.z -96.0188 39.5286 0.257064215385 0.257189353846
TA.M44A.z -88.0432 41.3882 0.258740278689 0.258399245902
TA.156A.z -81.495 32.6542 0.256915847826 0.25702742029
TA.Z14A.z -112.946 33.3627 0.26096179646 0.260387230088
TA.SCIA.z -93.2153 41.9069 0.25778218 0.25848178
TA.D18A.z -109.802 47.1961 0.265459625 0.265113203125
TA.125A.z -104.657 32.6588 0.264011338583 0.264087913386
TA.P57A.z -78.0126 39.4835 0.257169646617 0.256676180451
TA.X27A.z -103.097 34.6469 0.265394902655 0.265458469027
TA.X52A.z -83.8938 34.6032 0.258247488189 0.257820338583
TA.K34A.z -96.0957 42.6865 0.258832777778 0.2584946
TA.I60A.z -73.2916 43.844 0.25929702439 0.258352373984
TA.L37A.z -93.7546 42.1246 0.25938981295 0.259257503597
TA.W37B.z -95.4316 35.139 0.261949353659 0.261863402439
TA.Z59A.z -79.278 33.2414 0.251769 0.250317
TA.Q46A.z -87.3575 39.0231 0.261551486239 0.260744981651
TA.433A.z -99.091 30.7544 0.260359119718 0.260286915493
TA.P58A.z -77.3005 39.4891 0.258049395161 0.257803758065
TA.E39A.z -90.5557 46.3777 0.260794203252 0.260442235772
TA.R22A.z -106.756 38.2289 0.269973259259 0.269608453704
TA.K33A.z -97.0012 42.6052 0.258372139706 0.258251227941
TA.Q15A.z -112.379 38.9995 0.273103909091 0.272660636364
TA.B22A.z -105.996 48.3008 0.263718088 0.262971656
TA.M46A.z -86.3524 41.4079 0.259882964602 0.259606504425
TA.Y43A.z -90.9285 33.9121 0.258780699248 0.258087661654
TA.V03C.z -121.236 36.0214 0.260929813333 0.260985613333
TA.A21A.z -106.925 48.9912 0.264051616 0.26348236
TA.341A.z -93.1681 31.3334 0.260643072581 0.260616225806
TA.L09A.z -117.667 42.0192 0.271644698113 0.271776981132
TA.K17A.z -110.92 42.7507 0.271100126214 0.271104
TA.254A.z -83.2905 31.9457 0.257801555556 0.256902977778
TA.J47A.z -84.8214 43.2382 0.258821843284 0.258477731343
TA.O08A.z -118.155 40.2903 0.270151258065 0.269781301075
TA.Q52A.z -82.2669 38.9622 0.262036367021 0.261548707447
TA.ISA.z -118.474 35.6628 0.272242756098 0.271929853659
TA.M52A.z -81.357 41.5405 0.260986527027 0.260518054054
TA.W41A.z -92.2478 35.1736 0.261840621622 0.260979432432
TA.WCI.z -86.2939 38.2289 0.258058902299 0.258121637931
TA.I09A.z -117.741 43.9733 0.270336550388 0.26981855814
TA.C36A.z -92.8378 47.758 0.257879211679 0.257776532847
TA.320A.z -108.528 31.3369 0.263807860465 0.263727325581
TA.128A.z -102.485 32.6213 0.263319158333 0.262062141667
TA.Q58A.z -77.682 38.9413 0.257484809524 0.25685581746
TA.AAM.z -83.6567 42.3012 0.259151019608 0.259512202614
TA.BFS.z -117.659 34.2388 0.262317490196 0.263116686275
TA.M39A.z -92.1725 41.4786 0.258654927632 0.257929013158
TA.H02A.z -124 44.6764 0.264439684932 0.264134863014
TA.Q19A.z -109.263 38.9553 0.270768736 0.270342392
TA.M61A.z -73.7673 41.3104 0.256651536 0.256096936
TA.F60A.z -71.9514 45.9688 0.258298512605 0.257702630252
TA.T38A.z -94.293 37.0354 0.258986957746 0.258410915493
TA.T13A.z -113.907 37.0195 0.274832042373 0.274378372881
TA.216A.z -111.457 32.0022 0.26240191791 0.262206201493
TA.T50A.z -84.8384 37.0204 0.260910463235 0.260438588235
TA.L24A.z -104.933 42.0432 0.268512920635 0.268200571429
TA.V50A.z -85.1 35.6713 0.261288753968 0.260818571429
TA.NHSC.z -80.1778 33.1067 0.258346229299 0.257850299363
TA.ISCO.z -105.613 39.7997 0.269383571429 0.268765357143
TA.E43A.z -86.9954 46.3758 0.258210445205 0.257700424658
TA.E59A.z -72.5108 46.4803 0.256577206897 0.25592012069
TA.P08A.z -118.08 39.6946 0.273352163265 0.27292644898
TA.V51A.z -84.3511 35.8033 0.260981154472 0.260602162602
TA.U12A.z -114.539 36.4321 0.269564511811 0.269487582677
TA.218A.z -110.046 31.9737 0.267082688 0.266489528
TA.G21A.z -107.207 45.225 0.262044537313 0.261136022388
TA.T37A.z -94.9176 37.123 0.259212875 0.258757632353
TA.K38A.z -92.7709 42.6472 0.257525053333 0.257104806667
TA.X36A.z -96.352 34.5704 0.26284903876 0.263200689922
TA.Y21A.z -107.674 34.0087 0.268464418182 0.268103227273
TA.S12A.z -114.849 37.6083 0.272433590164 0.272121418033
TA.Q49A.z -84.8956 39.005 0.261380971831 0.261464908451
TA.I35A.z -94.9829 43.8565 0.261222845588 0.260606735294
TA.T40A.z -92.5193 37.1504 0.258649743056 0.2583150625
TA.U28A.z -102.224 36.3793 0.263891029703 0.263143782178
TA.D36A.z -93.1645 47.1765 0.258438611511 0.257607280576
TA.Y15A.z -112.333 33.9535 0.266212904 0.265990512
TA.V33A.z -98.2862 35.8209 0.261586246269 0.261048910448
TA.PDM.z -114.142 34.3034 0.267167190476 0.267336142857
TA.W50A.z -85.3119 35.2002 0.261302015873 0.261129238095
TA.R14A.z -113.021 38.2987 0.2717627 0.271959922222
TA.Q04C.z -121.377 38.839 0.268365652778 0.268387680556
TA.F38A.z -91.8775 45.9588 0.2580015 0.257639242424
TA.E15A.z -112.641 46.4246 0.266818236364 0.26632329697
TA.S26A.z -103.471 37.6216 0.26611715748 0.265674346457
TA.Q36A.z -95.4609 38.9612 0.259826595588 0.258849941176
TA.S57A.z -78.9536 37.7605 0.257542150794 0.256998380952
TA.Y48A.z -87.1696 33.9131 0.260939445455 0.260314081818
TA.C21A.z -107.096 47.8264 0.263906789063 0.26308903125
TA.S38A.z -93.9078 37.6304 0.259722034483 0.259258393103
TA.Z58A.z -79.8129 33.3349 0.256883675676 0.256852054054
TA.R33A.z -97.9842 38.3081 0.259830214815 0.259198488889
TA.H09A.z -117.664 44.6653 0.269796193277 0.269594915966
TA.E14A.z -113.493 46.4162 0.267556772727 0.267113602273
TA.T41A.z -91.7636 37.0436 0.257774657143 0.257010192857
TA.F17A.z -110.659 45.9054 0.268887495413 0.268932357798
TA.D08A.z -118.921 47.0573 0.263762190141 0.262530415493
TA.331A.z -100.427 31.3085 0.261359132812 0.261166757813
TA.Q20A.z -108.296 38.9541 0.271424050505 0.270716777778
TA.EDW2.z -117.994 34.8811 0.261735188679 0.26119890566
TA.G24A.z -104.416 45.328 0.263951974359 0.263319452991
TA.R09A.z -117.072 38.2397 0.27368139604 0.273845772277
TA.T33A.z -98.2444 37.0824 0.261412773437 0.261197609375
TA.Z38A.z -94.9851 33.2599 0.25841010989 0.257379065934
TA.N59A.z -75.7703 40.9168 0.256408259542 0.256828954198
TA.Q31A.z -99.395 39.0048 0.259591633929 0.258917955357
TA.H35A.z -94.8311 44.6985 0.261546014493 0.261162978261
TA.N31A.z -98.9544 40.8235 0.261913776224 0.260925741259
TA.Y46A.z -88.8577 33.8828 0.259310813433 0.259146343284
TA.F57A.z -74.6928 45.8122 0.255257589147 0.254892899225
TA.K13A.z -114.084 42.6493 0.276345085106 0.276084808511
TA.U18A.z -109.87 36.4199 0.270567015152 0.270137712121
TA.I51A.z -81.0231 43.8036 0.258634309353 0.258191309353
TA.F12A.z -115.255 45.7565 0.265215151899 0.264497708861
TA.255A.z -82.4758 31.9263 0.257285046154 0.256449461538
TA.W45A.z -89.186 35.1568 0.258953087591 0.258546065693
TA.D55A.z -75.4732 47.019 0.255495730435 0.255296191304
TA.U17A.z -110.662 36.5996 0.27069604878 0.270497739837
TA.Z49A.z -86.5311 33.1942 0.260722643836 0.260493410959
TA.K05A.z -120.893 42.7258 0.273999021277 0.274150106383
TA.H05A.z -121.227 44.6473 0.2730361125 0.2728823875
TA.E52A.z -78.6569 46.2851 0.255400258824 0.255262294118
TA.MSTX.z -102.772 33.9696 0.266809574194 0.266416522581
TA.N20A.z -108.263 40.8338 0.271109152542 0.270817084746
TA.G14A.z -113.46 45.2432 0.270015051613 0.269724483871
TA.L27A.z -102.315 42.0837 0.265099726563 0.26468878125
TA.F61A.z -70.9921 45.9743 0.25930525 0.258890758333
TA.I48A.z -83.7022 44.1873 0.258478070312 0.258154070312
TA.243A.z -91.4827 31.8803 0.259939818182 0.259155307692
TA.626A.z -104.133 29.554 0.264467520661 0.264064818182
TA.M09A.z -117.45 41.423 0.271393093458 0.271218009346
TA.E08A.z -119.06 46.4911 0.264653774648 0.263976021127
TA.Q55A.z -80.0812 38.9952 0.262511863014 0.262542486301
TA.V28A.z -102.224 35.7505 0.267342677165 0.266649496063
TA.U21A.z -107.658 36.4277 0.269140105882 0.268216517647
TA.O38A.z -93.4731 40.1215 0.257011223776 0.256580426573
TA.K18A.z -110.042 42.6372 0.269135229167 0.269297833333
TA.438A.z -95.4741 30.75 0.263863664063 0.263763070312
TA.U36A.z -95.7325 36.3927 0.258055471545 0.258386601626
TA.Y38A.z -94.7311 33.9278 0.259232958678 0.258835595041
TA.G07A.z -119.669 45.2664 0.266649 0.26511137069
TA.U57A.z -79.3364 36.4319 0.256817559055 0.255891622047
TA.V58A.z -79.115 35.794 0.255650288136 0.254819398305
TA.F11A.z -116.155 45.8883 0.263997598425 0.263556574803
TA.O45A.z -87.7244 40.2489 0.257073711864 0.256380754237
TA.C32A.z -96.5281 47.8255 0.252735195489 0.252393353383
TA.U19A.z -109.208 36.2925 0.267921730159 0.267842047619
TA.H31A.z -98.4772 44.4795 0.257603644928 0.256860869565
TA.238A.z -95.1203 32.0034 0.262309885496 0.262377816794
TA.337A.z -95.8854 31.3159 0.261256160584 0.261565248175
TA.E23A.z -105.306 46.4978 0.263092472 0.26230908
TA.J60A.z -73.4212 43.2438 0.259844663934 0.259282262295
TA.541A.z -93.1875 30.0596 0.25919304902 0.258661921569
TA.H64A.z -69.2203 44.6412 0.256547264957 0.256502803419
TA.S15A.z -112.363 37.6761 0.274448712644 0.274766793103
TA.H60A.z -72.6986 44.5606 0.260394623932 0.259572
TA.Q14A.z -113.277 38.9882 0.273212638554 0.272607373494
TA.M48A.z -84.7171 41.4846 0.259809328859 0.259285060403
TA.S21A.z -107.792 37.662 0.270612044444 0.271074022222
TA.F16A.z -111.626 45.7843 0.26990590566 0.268849650943
TA.W57A.z -79.9928 35.1529 0.256400117647 0.255690789916
TA.I55A.z -77.6817 44.2161 0.256814685714 0.256811561905
TA.Y57A.z -80.3915 34.017 0.255144806452 0.254070784946
TA.W44A.z -89.8161 35.1395 0.257306880282 0.256873464789
TA.R37A.z -94.8294 38.3133 0.260457659259 0.259850540741
TA.L25A.z -103.966 42.1548 0.266441070866 0.265889141732
TA.V30A.z -100.689 35.7623 0.266138852459 0.265701803279
TA.R41A.z -91.3795 38.2976 0.2600105 0.259411403226
TA.R34A.z -97.247 38.3008 0.258327255639 0.258018443609
TA.G35A.z -94.4855 45.2199 0.259967021583 0.259642892086
TA.G22A.z -106.292 45.2189 0.262677982759 0.261652025862
TA.F28A.z -100.8 45.8485 0.25668008 0.256186968
TA.X33A.z -98.5006 34.541 0.263359841727 0.263214690647
TA.P60A.z -75.6358 39.8113 0.257781148437 0.257196289063
TA.M29A.z -100.689 41.4441 0.262355887218 0.261324037594
TA.ELFS.z -120.728 40.6183 0.2765643 0.27685774
TA.U22A.z -106.855 36.3773 0.269826930233 0.269503627907
TA.Q51A.z -83.3456 39.026 0.261891353333 0.26171734
TA.K59A.z -74.8525 42.775 0.262255048387 0.262449854839
TA.W22A.z -106.867 35.0719 0.269480788136 0.268948313559
TA.U39A.z -93.4805 36.3823 0.2590826 0.2585295
TA.S39A.z -93.3226 37.691 0.261091480263 0.260582078947
TA.529A.z -102.22 30.1246 0.264961566929 0.26489692126
TA.G53A.z -78.6237 45.1222 0.25557465625 0.255241708333
TA.BC3.z -115.454 33.6552 0.266551163265 0.266075714286
TA.M37A.z -94.0575 41.4028 0.258904152174 0.25876826087
TA.S18A.z -109.995 37.6903 0.270066587719 0.269625903509
TA.S60A.z -76.6535 37.7055 0.25709815625 0.257290179688
TA.S35A.z -96.319 37.6821 0.25928775 0.259346621622
TA.J35A.z -95.2078 43.3655 0.260817644444 0.260551237037
TA.E56A.z -75.0341 46.5436 0.256202831933 0.255721042017
TA.Q43A.z -89.6991 38.941 0.260583375839 0.260124348993
TA.432A.z -99.7937 30.8755 0.257587055556 0.257834626984
TA.E28A.z -100.693 46.5748 0.255757772727 0.25542844697
TA.A31A.z -97.1888 48.932 0.256277661654 0.256141849624
TA.A04A.z -122.707 48.7197 0.266485870968 0.266554655914
TA.O27A.z -102.479 40.19 0.266121008197 0.265486188525
TA.N13A.z -114.204 40.8556 0.267663138462 0.266964246154
TA.O22A.z -106.547 40.1618 0.270036408602 0.269927322581
TA.E54A.z -77.1869 46.4339 0.255826522727 0.256113636364
TA.L59A.z -75.0426 42.1902 0.260232487805 0.259500560976
TA.U05C.z -120.12 36.3356 0.261501263889 0.260552319444
TA.V19A.z -109.046 35.7147 0.267136838235 0.266822764706
TA.J32A.z -97.8476 43.3719 0.260737776978 0.260462244604
TA.Y28A.z -102.248 33.9086 0.263224892157 0.263676921569
TA.X19A.z -109.29 34.4275 0.2687825 0.268155261538
TA.X16A.z -111.441 34.4178 0.269678275 0.269820841667
TA.M18A.z -110.067 41.4272 0.268001125 0.267367270833
TA.S22A.z -106.829 37.7461 0.270928484848 0.270648121212
TA.A13A.z -114.413 48.933 0.265195480226 0.265167214689
TA.Q03C.z -122.015 38.6333 0.269126939394 0.268808893939
TA.257A.z -81.0261 31.9746 0.255916696296 0.255851785185
TA.E35A.z -94.4043 46.5572 0.259749178571 0.259454164286
TA.F37A.z -92.6264 45.7243 0.260529530303 0.259988310606
TA.Q45A.z -88.1565 38.8948 0.261074707965 0.260577690265
TA.P49A.z -84.7164 39.5342 0.260732496599 0.260505380952
TA.W26A.z -103.766 35.0891 0.268360479339 0.268054619835
TA.Y35A.z -97.0374 33.9059 0.261901283465 0.261101417323
TA.E09A.z -118.146 46.5139 0.263376528169 0.262888232394
TA.HELL.z -119.023 36.6801 0.269254088608 0.268886227848
TA.F05A.z -121.459 45.8839 0.272940075758 0.273035606061
TA.N50A.z -83.1486 40.7711 0.258044980132 0.257805635762
TA.Y20A.z -108.377 33.9085 0.268935775701 0.268951635514
TA.L23A.z -105.701 42.1143 0.267064393443 0.266663901639
TA.V25A.z -104.616 35.8383 0.270434884298 0.26964553719
TA.137A.z -95.7559 32.5973 0.259078805556 0.258376701389
TA.J16A.z -111.612 43.2741 0.27237698 0.27194071
TA.G30A.z -99.1446 45.1293 0.25961575188 0.259200684211
TA.P01C.z -123.338 39.469 0.266900887097 0.266709048387
TA.A09A.z -118.585 48.9752 0.263332228814 0.262905042373
TA.E44A.z -85.9214 46.6199 0.25928393125 0.25914035
TA.346A.z -89.4649 31.3876 0.260582574324 0.260049277027
TA.H28A.z -101.021 44.6751 0.260846679104 0.259465723881
TA.P38A.z -93.5321 39.6248 0.257140243056 0.256740125
TA.N06A.z -119.835 40.7484 0.270204666667 0.269667288889
TA.X37A.z -95.3713 34.5892 0.262539608696 0.262823731884
TA.T24A.z -105.052 37.0738 0.269319064516 0.269573741935
TA.RRX.z -116.997 34.8753 0.263709411765 0.264149901961
TA.632A.z -99.7863 29.5071 0.26320364 0.262985
TA.G47A.z -83.8551 45.173 0.256520661654 0.256197511278
TA.446A.z -89.3645 30.7912 0.260914905109 0.261241708029
TA.K49A.z -83.4556 42.7835 0.258096868613 0.257356124088
TA.E37A.z -92.4 46.5658 0.257655729927 0.257384321168
TA.L15A.z -112.386 42.0041 0.270541160305 0.270297900763
TA.834A.z -98.5519 28.1251 0.265813150794 0.265592603175
TA.427A.z -103.402 30.8498 0.270047128205 0.269751965812
TA.240A.z -93.7626 32.0387 0.259504695652 0.259260666667
TA.W53A.z -83.163 35.1696 0.260177727273 0.259262689394
TA.W23A.z -106.15 35.1605 0.268598041322 0.267860471074
TA.J22A.z -106.479 43.4126 0.267581971631 0.266806
TA.R15A.z -112.277 38.2108 0.273827230769 0.273229628205
TA.R28A.z -101.811 38.3423 0.262928563492 0.262579563492
TA.V34A.z -97.5176 35.8345 0.258977239437 0.258615570423
TA.112A.z -114.58 32.5356 0.262406321429 0.262252732143
TA.U11A.z -115.383 36.423 0.269549348485 0.268941954545
TA.P48A.z -85.4258 39.4605 0.259413292857 0.259035014286
TA.F22A.z -106.257 45.7794 0.262742123967 0.261637033058
TA.D54A.z -76.657 47.152 0.25672158427 0.256446764045
TA.R54A.z -80.9904 38.1909 0.262867704403 0.263095679245
TA.L29A.z -100.478 42.0641 0.265594410853 0.265422403101
TA.U51A.z -84.0165 36.3786 0.259969419643 0.259429383929
TA.S29A.z -101.118 37.6199 0.262373531746 0.262173793651
TA.R11A.z -115.585 38.3489 0.271569422764 0.271451471545
TA.I27A.z -102.052 44.069 0.265318862595 0.263807541985
TA.N43A.z -89.1735 40.9394 0.25932627027 0.258445540541
TA.D16A.z -111.549 47.0308 0.264068814516 0.263768758065
TA.Q54A.z -80.8338 38.9836 0.263733467105 0.263821315789
TA.144A.z -90.4226 32.6304 0.258055043478 0.258000543478
TA.V14A.z -113.105 35.6339 0.270809669421 0.271164578512
TA.X48A.z -87.0452 34.4517 0.260934640351 0.260687464912
TA.F30A.z -99.025 45.8356 0.256721221429 0.25617815
TA.H15A.z -112.644 44.6173 0.27133 0.271639450549
TA.N58A.z -76.7158 40.8396 0.258232153846 0.258216546154
TA.P07A.z -118.889 39.5399 0.274761797753 0.274380842697
TA.SUSD.z -98.9556 44.4429 0.260244273381 0.259908899281
TA.R35A.z -96.1988 38.3231 0.258777485507 0.258052202899
TA.R12A.z -114.608 38.3281 0.268961977099 0.26882521374
TA.K22A.z -106.524 42.6507 0.268191437908 0.267755901961
TA.O12A.z -114.745 40.2679 0.269671934307 0.268921153285
TA.Z48A.z -87.5556 33.3764 0.259521358209 0.259236910448
TA.D35A.z -94.0529 47.081 0.257322676056 0.256374852113
TA.W28A.z -102.206 35.2574 0.265946115702 0.265816214876
TA.P18A.z -110.246 39.6279 0.268937019417 0.268846009709
TA.534A.z -98.4753 30.0284 0.260341404255 0.259951219858
TA.C20A.z -108.004 47.7133 0.265216022727 0.264844628788
TA.BBR.z -116.921 34.2623 0.266219303571 0.26619775
TA.Q60A.z -75.8429 39.0016 0.259393858333 0.259109108333
TA.Z15A.z -112.158 33.2893 0.263784990909 0.263104681818
TA.X49A.z -86.326 34.5126 0.260879754545 0.260902409091
TA.R07C.z -119.047 38.089 0.277734148936 0.278230851064
TA.U53A.z -82.5765 36.3644 0.258285347107 0.257948289256
TA.L10A.z -116.471 42.0773 0.272846325397 0.27264081746
TA.I45A.z -86.2348 44.0361 0.255238648437 0.254973226563
TA.V60A.z -77.2629 35.765 0.256051162602 0.255735252033
TA.U45A.z -88.7635 36.3481 0.260136678899 0.26020366055
TA.I14A.z -113.452 43.9286 0.273452425532 0.273754180851
TA.Z27A.z -103.215 33.315 0.262785638889 0.261282583333
TA.K36A.z -94.4507 42.6381 0.260415684564 0.260158838926
TA.CNNC.z -77.8901 35.2393 0.254167590909 0.254300242424
TA.B29A.z -99.3535 48.4649 0.258236787234 0.257642468085
TA.M41A.z -90.5422 41.375 0.25908537931 0.25829577931
TA.G63A.z -69.6186 45.1147 0.256180067797 0.256207686441
TA.Q59A.z -76.6548 38.8644 0.25772644186 0.257683217054
TA.H22A.z -106.352 44.5943 0.264746992308 0.263842723077
TA.TIN.z -118.23 37.0542 0.26618272549 0.265675823529
TA.L53A.z -80.2598 41.9539 0.259547186747 0.259309542169
TA.S20A.z -108.36 37.83 0.2719639375 0.271624734375
TA.Z32A.z -99.4783 33.3066 0.259339452055 0.259391191781
TA.357A.z -81.4855 31.4239 0.256169007692 0.255609246154
TA.J39A.z -91.7062 43.3354 0.25664324 0.256214293333
TA.M42A.z -89.7581 41.4546 0.259429085938 0.258727554687
TA.Q10A.z -116.4 38.8247 0.269097165414 0.269487293233
TA.T42A.z -91.0927 37.0301 0.257923457944 0.257472429907
TA.E38A.z -91.5542 46.6058 0.259783138462 0.259358223077
TA.P45A.z -87.7439 39.5277 0.259972151786 0.2604890625
TA.351A.z -85.6036 31.2753 0.258607903846 0.257554644231
TA.U31A.z -99.8508 36.3695 0.261247403361 0.260882571429
TA.K48A.z -84.1197 42.8032 0.258332978102 0.257676890511
TA.735A.z -97.8081 28.8553 0.264107726562 0.264111203125
TA.A33A.z -95.3904 48.9371 0.257481325581 0.256939093023
TA.W56A.z -80.5828 35.135 0.255929735484 0.2560076
TA.F18A.z -109.716 45.9046 0.263253495798 0.26274489916
TA.C40A.z -89.1514 47.9154 0.260300315789 0.259856491228
TA.W37A.z -95.4269 35.138 0.259165205128 0.259592948718
TA.158A.z -80.1935 32.7364 0.256573021429 0.257428157143
TA.R47A.z -86.527 38.2957 0.259925477064 0.259708944954
TA.A26A.z -102.038 48.8973 0.261365155405 0.260685695946
TA.Z16A.z -111.427 33.341 0.267830931373 0.266816294118
TA.G45A.z -85.6571 45.0404 0.257332643939 0.257017280303
TA.Q28A.z -101.831 39.0623 0.262142361345 0.261195563025
TA.O23A.z -105.918 40.2109 0.270967815789 0.2705845
TA.O41A.z -90.882 40.1156 0.258273554795 0.257638547945
TA.W40A.z -93.0693 35.1923 0.260376296552 0.259600275862
TA.646A.z -89.8245 29.5832 0.253933280374 0.25324088785
TA.K02A.z -123.49 42.7667 0.271824838235 0.271898102941
TA.EGMT.z -109.755 48.024 0.259777166667 0.259050428571
TA.Q35A.z -96.0368 38.8586 0.257347278195 0.256182879699
TA.BRSD.z -98.9563 44.443 0.26037052459 0.26046042623
TA.C13A.z -114.574 47.6795 0.265872469072 0.265553927835
TA.E42A.z -87.914 46.4301 0.255951132231 0.255539876033
TA.256A.z -81.8878 31.9799 0.255747719697 0.255314037879
TA.Z20A.z -108.592 33.1132 0.270224533333 0.269798466667
TA.W46A.z -88.3783 35.1333 0.260095823009 0.259499654867
TA.P46A.z -87.2067 39.6178 0.260161723577 0.259739560976
TA.U24A.z -105.278 36.4093 0.269838051724 0.269546836207
TA.E18A.z -109.914 46.5663 0.265535409836 0.265259270492
TA.I16A.z -111.487 43.8756 0.269225658537 0.267954560976
TA.J34A.z -95.9579 43.2844 0.259664358779 0.259186198473
TA.M49A.z -83.9752 41.4745 0.260167034014 0.259658843537
TA.H06A.z -120.335 44.7344 0.271063522124 0.270894460177
TA.P54A.z -80.4796 39.602 0.259782171642 0.259737074627
TA.NEE2.z -114.619 34.7676 0.266451727273 0.2662526
TA.N45A.z -87.5118 40.8479 0.257432889831 0.257382728814
TA.E27A.z -101.564 46.4293 0.259776729927 0.259656671533
TA.T36A.z -95.8789 37.0605 0.259005338462 0.258970823077
TA.P34A.z -96.8268 39.5471 0.257269162963 0.256707325926
TA.N54A.z -79.9892 40.9617 0.261579522388 0.261098813433
TA.L62A.z -72.6617 42.0328 0.257482361345 0.256782739496
TA.BEL.z -115.998 34.0006 0.266296981481 0.266490055556
TA.M36A.z -94.8021 41.4537 0.262036725352 0.261983042254
TA.V38A.z -94.4077 35.8626 0.260009484127 0.259753468254
TA.U47A.z -87.2892 36.4413 0.262256654867 0.262325371681
TA.L61A.z -73.5543 42.1934 0.258431198347 0.257917429752
TA.Q07A.z -118.808 38.9383 0.273363347826 0.273103391304
TA.226B.z -104.165 32.0778 0.267479439394 0.267076757576
TA.M57A.z -77.128 41.3372 0.259024168 0.258607568
TA.U52A.z -83.3671 36.3929 0.26167038843 0.261226322314
TA.R19A.z -109.261 38.2916 0.269177606383 0.268781340426
TA.N11A.z -115.736 40.8167 0.268911492647 0.268541139706
TA.P29A.z -100.932 39.6021 0.263277826446 0.262244760331
TA.G62A.z -70.5319 45.2186 0.257891043103 0.257218275862
TA.230A.z -101.112 31.8878 0.261636507937 0.261335753968
TA.X55A.z -81.6336 34.4701 0.256134591667 0.255425483333
TA.U56A.z -80.3829 36.3472 0.256386547297 0.255781283784
TA.M25A.z -104.055 41.4347 0.266207822581 0.265671846774
TA.T45A.z -88.6447 37.0196 0.261106843478 0.260836391304
TA.E57A.z -74.1471 46.4117 0.253316554455 0.253070772277
TA.DEC.z -118.334 34.2535 0.261333018868 0.262871264151
TA.W31A.z -99.9435 35.1864 0.266405284553 0.26609904878
TA.N22A.z -106.454 40.8023 0.270344426573 0.27002248951
TA.130A.z -100.965 32.5961 0.261632804511 0.261394330827
TA.L40A.z -91.2218 42.0628 0.257791481707 0.257416109756
TA.R49A.z -85.1714 38.2916 0.261139244604 0.261036705036
TA.J17A.z -110.712 43.3629 0.272065767123 0.270611657534
TA.L43A.z -88.7423 42.1833 0.258376089286 0.257792258929
TA.N16A.z -111.437 40.8869 0.270964641667 0.271432908333
TA.245A.z -89.8958 32.0322 0.262090028369 0.261048702128
TA.B08A.z -119.333 48.3584 0.2625818125 0.261722101562
TA.I46A.z -85.4472 43.9411 0.258743609023 0.258082578947
TA.V18A.z -109.933 35.7113 0.26930208871 0.269033169355
TA.T26A.z -103.593 37.1747 0.266134628099 0.265934809917
TA.544A.z -91.1612 30.11 0.262805813559 0.262191711864
TA.L04A.z -121.891 42.175 0.268159389831 0.267783118644
TA.H65A.z -68.2469 44.6961 0.258250691667 0.258158158333
TA.X39A.z -94.1138 34.5105 0.258969294118 0.258874948529
TA.S36A.z -95.5923 37.724 0.2585007 0.258233914286
TA.R24A.z -105.107 38.2315 0.269026458716 0.268687036697
TA.S46A.z -87.7153 37.6849 0.260123149533 0.259714672897
TA.325A.z -104.971 31.3711 0.271542526786 0.270976839286
TA.429A.z -101.894 30.6248 0.261300210084 0.260575142857
TA.X51A.z -84.8574 34.5658 0.259422142857 0.259242165414
TA.A24A.z -104.002 48.9239 0.263130519685 0.262697
TA.U33A.z -98.1135 36.4327 0.259164585714 0.258380721429
TA.T23A.z -106.037 37.0361 0.26877388 0.2688642
TA.K08A.z -118.486 42.7308 0.273180141414 0.273628686869
TA.N24A.z -104.882 40.8271 0.268762912281 0.268192350877
TA.PFO.z -116.459 33.6117 0.267793395833 0.267802895833
TA.E45A.z -85.1774 46.3563 0.260155633333 0.259827566667
TA.S56A.z -79.5662 37.6771 0.260210923077 0.259684484615
TA.W41B.z -92.2479 35.1736 0.257311909774 0.256416157895
TA.T44A.z -89.5896 37.086 0.258889008547 0.258416282051
TA.Q57A.z -78.4107 39.0353 0.258143253968 0.256792809524
TA.E16A.z -111.676 46.5336 0.267269755906 0.266451314961
TA.V61A.z -76.5776 35.7912 0.258383967213 0.258129295082
TA.119A.z -109.303 32.7663 0.265510473214 0.264909660714
TA.P30A.z -100.247 39.5442 0.26155247619 0.260797785714
TA.153A.z -83.8316 32.6499 0.258111598485 0.257958363636
TA.N26A.z -103.222 40.8289 0.265405245614 0.265069342105
TA.225A.z -104.823 32.1101 0.269052605042 0.268379638655
TA.P15A.z -112.279 39.5708 0.274461593023 0.274536918605
TA.Y14A.z -113.005 33.9383 0.263261319149 0.262412375887
TA.G39A.z -91.1698 45.2867 0.258185251852 0.257795540741
TA.034A.z -98.6833 27.0647 0.263825985401 0.263362912409
TA.E51A.z -79.4924 46.5333 0.255038481481 0.254555654321
TA.H39A.z -91.2833 44.6797 0.25823955814 0.258067410853
TA.336A.z -96.8443 31.387 0.259043835714 0.258523985714
TA.B30A.z -98.3286 48.4505 0.257635271429 0.2573158
TA.W61A.z -76.9909 35.1773 0.255829023622 0.255463086614
TA.W27A.z -103.063 35.0637 0.269152381356 0.268676728814
TA.J31A.z -98.7396 43.2915 0.260626251852 0.260182881481
TA.P40A.z -92.0483 39.5299 0.260053503597 0.259619956835
TA.I17A.z -110.576 43.92 0.271052666667 0.270261974359
TA.N61A.z -74.2969 40.7519 0.257376660714 0.256501830357
TA.W48A.z -86.9333 35.1386 0.260460045045 0.260953612613
TA.O40A.z -91.874 40.1212 0.257328095588 0.256948352941
TA.Q30A.z -100.221 38.9772 0.261344140496 0.260841140496
TA.E62A.z -69.5227 46.6201 0.257207466667 0.256676219048
TA.249A.z -87.1225 31.9752 0.257950432692 0.256455057692
TA.Z52A.z -84.4176 33.1893 0.257010014493 0.257162
TA.GRA.z -117.366 36.9961 0.264158909091 0.263375772727
TA.V39A.z -93.645 35.8389 0.258387119403 0.258026925373
TA.Q41A.z -91.2317 38.9539 0.260482344828 0.260006551724
TA.SHO.z -116.275 35.8996 0.265948535714 0.265987357143
TA.543A.z -91.8557 30.0856 0.26245236036 0.262091225225
TA.L38A.z -92.9597 42.141 0.259892735294 0.259129080882
TA.J07A.z -119.311 43.3736 0.274517065217 0.275016184783
TA.X28A.z -102.197 34.5185 0.265115057377 0.265306836066
TA.035Z.z -98.0683 26.463 0.262445277778 0.262167920635
TA.E11A.z -116.209 46.3559 0.260718315385 0.260026723077
TA.F27A.z -102.02 45.8727 0.261280307692 0.260800684615
TA.D03A.z -123.771 47.1161 0.2655602 0.265424585714
TA.H63A.z -70.0353 44.6616 0.257704567797 0.257655423729
TA.E48A.z -82.1653 46.4809 0.254876801527 0.254735603053
TA.Y26A.z -103.825 33.9232 0.264828572816 0.264026631068
TA.G09A.z -117.78 45.2781 0.268849580645 0.269285935484
TA.V31A.z -99.8425 35.7739 0.263925421053 0.263347482456
TA.W35A.z -96.8745 35.1527 0.259159046512 0.258568542636
TA.Z25A.z -104.717 33.2797 0.263293403509 0.262405807018
TA.333A.z -98.9841 31.3249 0.256767928058 0.256450863309
TA.U58A.z -78.5493 36.3944 0.25566178125 0.254824664062
TA.X30A.z -100.874 34.4461 0.263743968992 0.263111968992
TA.Y44A.z -90.2112 33.9618 0.259179083969 0.258704122137
TA.349A.z -87.1924 31.3504 0.258900534653 0.258309841584
TA.X22A.z -107.01 34.5058 0.268455775701 0.268461336449
TA.V46A.z -88.1177 35.8007 0.258446518182 0.258452518182
TA.J38A.z -92.4755 43.319 0.259000337931 0.258852282759
TA.M66A.z -70.1353 41.259 0.260065095652 0.257526391304
TA.537A.z -96.3155 30.0799 0.26418540625 0.263986015625
TA.U25A.z -104.408 36.3998 0.267594173554 0.267283867769
TA.457A.z -81.5563 30.6199 0.256186936 0.2559566
TA.342A.z -92.3249 31.3747 0.264844108527 0.264757976744
TA.Q09A.z -117.182 38.834 0.271204951923 0.271402144231
TA.H26A.z -102.774 44.6168 0.263924627737 0.262809167883
TA.SPMN.z -92.8037 45.2246 0.260404854839 0.260502887097
TA.D30A.z -98.7576 47.1082 0.256321977941 0.255578022059
TA.D48A.z -81.8072 47.1743 0.255617277778 0.256014484127
TA.Z46A.z -88.9414 33.1933 0.257814660714 0.257511330357
TA.447A.z -88.6542 30.7952 0.258823485075 0.258768134328
TA.M45A.z -87.2504 41.3881 0.258906823529 0.258668554622
TA.WVT.z -87.83 36.1297 0.258763051724 0.258180206897
TA.Z54A.z -82.8417 33.2362 0.25626434 0.25558312
TA.G41A.z -89.1816 45.2118 0.256765072 0.256309152
TA.T57A.z -79.2538 36.9983 0.25706121875 0.256177867188
TA.Y31A.z -100.261 33.9629 0.263164448598 0.262809635514
TA.J09A.z -117.754 43.3471 0.271968330508 0.271200949153
TA.M40A.z -91.5121 41.406 0.259213621849 0.258406638655
TA.U44A.z -89.6863 36.5047 0.25726752459 0.256851254098
TA.D21A.z -106.994 47.0658 0.264654769231 0.264396246154
TA.K41A.z -90.3046 42.6071 0.256853195946 0.256379945946
TA.R43A.z -89.9308 38.276 0.260063693694 0.259789873874
TA.Q08A.z -117.932 38.8606 0.27366028866 0.273443247423
TA.N27A.z -102.537 40.8063 0.266192583333 0.26549755
TA.Y12C.z -114.524 33.7503 0.264462364964 0.264226642336
TA.P12A.z -114.908 39.4731 0.27032811194 0.27018330597
TA.D07A.z -119.973 47.1936 0.263195907563 0.262615529412
TA.O20A.z -108.242 40.1348 0.27359728972 0.27318011215
TA.L57A.z -76.8492 42.0005 0.25897971875 0.259114375
TA.H45A.z -86.044 44.6232 0.257198656489 0.25671880916
TA.H40A.z -90.3905 44.622 0.256168053846 0.256239338462
TA.R42A.z -90.7944 38.2804 0.260997228814 0.260677076271
TA.V47A.z -87.5205 35.8278 0.260398531532 0.260162009009
TA.K16A.z -111.588 42.8321 0.270229587719 0.270116596491
TA.O13A.z -113.981 40.1314 0.270751798246 0.269995061404
TA.AGMN.z -95.8619 48.2977 0.256387423358 0.256761364964
TA.I18A.z -109.817 43.7013 0.269617881818 0.2692064
TA.H37A.z -92.9181 44.5812 0.26235976259 0.262253395683
TA.Y34A.z -97.7573 33.9574 0.261855602941 0.261398044118
TA.X56A.z -81.0319 34.4923 0.254843035461 0.254145007092
TA.D04A.z -122.803 47.1109 0.271146895833 0.271060760417
TA.Z18A.z -110.036 33.0851 0.267831480769 0.266935596154
TA.S30A.z -100.464 37.6402 0.260240535433 0.259531811024
TA.O25A.z -104.12 40.1129 0.267570359649 0.267343359649
TA.E25A.z -103.401 46.5009 0.263611541096 0.263341479452
TA.736A.z -97.0673 28.955 0.265319548387 0.265183602151
TA.CWC.z -118.08 36.4399 0.264236962963 0.263081814815
TA.N49A.z -84.1825 40.922 0.261046323308 0.260974518797
TA.E30A.z -98.9098 46.5021 0.257801934307 0.257386116788
TA.I42A.z -88.9134 43.8908 0.257216645669 0.256907141732
TA.O57A.z -77.6354 40.2104 0.259200315789 0.259046120301
TA.Z39A.z -94.1822 33.2418 0.261925174603 0.261067190476
TA.528A.z -102.788 30.1615 0.26720325 0.266961362069
TA.Z51A.z -85.1747 33.3167 0.25761660274 0.257719520548
TA.MLAC.z -118.836 37.6302 0.266549787234 0.266580765957
TA.244A.z -90.6856 32.0422 0.259760212766 0.259076340426
TA.L18A.z -110.036 41.9243 0.267453087302 0.267360611111
TA.M55A.z -78.7649 41.4686 0.261070330189 0.260306603774
TA.U50A.z -84.8431 36.4156 0.261692646552 0.260783931034
TA.T46A.z -87.8941 37.0417 0.260948177966 0.260869949153
TA.P19A.z -108.981 39.6333 0.26900059542 0.268606778626
TA.P39B.z -92.7541 39.4876 0.25820974359 0.258122222222
TA.Y33A.z -98.6256 34.0081 0.261123007143 0.260621542857
TA.D12A.z -115.353 47.0528 0.265595060241 0.265251246988
TA.SFIN.z -87.0967 40.379 0.260326608 0.260513528
TA.O53A.z -81.2129 40.2493 0.262219924528 0.261413389937
TA.K57A.z -76.5163 42.7313 0.260836467742 0.260438564516
TA.U20A.z -108.52 36.3758 0.271052292453 0.270685896226
TA.S58A.z -78.0511 37.6126 0.256996465116 0.257382620155
TA.S44A.z -89.2551 37.6936 0.260516581699 0.26041972549
TA.C07A.z -120.061 47.6902 0.261613855932 0.260815338983
TA.251A.z -85.409 32.0929 0.25751628972 0.256651411215
TA.J13A.z -114.174 43.3979 0.274023375839 0.273796973154
TA.T58A.z -78.5338 36.9454 0.25692433871 0.256233733871
TA.A20A.z -107.926 48.8799 0.262591347107 0.262622090909
TA.Z47A.z -88.0696 33.199 0.259873981132 0.259478575472
TA.M34A.z -96.583 41.5025 0.263033546099 0.262118120567
TA.N21A.z -107.52 40.76 0.270971 0.270234431373
TA.K39A.z -91.8878 42.705 0.258122307692 0.257295320513
TA.426A.z -104.029 30.6689 0.269885396396 0.269398837838
TA.W51A.z -84.7599 35.1606 0.262437422414 0.261936637931
TA.O59A.z -76.1859 40.3114 0.258844023256 0.258045449612
TA.G55A.z -76.7187 45.2532 0.257249754717 0.256720707547
TA.P06A.z -119.898 39.6785 0.269753214286 0.269510653061
TA.X34A.z -97.8326 34.601 0.260530419118 0.260321639706
TA.G27A.z -101.931 45.3791 0.262034684211 0.261493157895
TA.R45A.z -88.2812 38.2926 0.260959468468 0.260487702703
TA.F31A.z -98.2525 45.8598 0.253498553846 0.252919046154
TA.C38A.z -91.2732 47.7171 0.25339322695 0.253231453901
TA.H52A.z -79.8888 44.6422 0.255781516484 0.255084923077
TA.U14A.z -113.18 36.4182 0.271245687023 0.270643007634
TA.H41A.z -89.6534 44.6164 0.255355712121 0.255370181818
TA.P43A.z -89.5213 39.6409 0.261585984252 0.260827535433
TA.958A.z -81.7543 27.5855 0.258211637255 0.257658343137
TA.X29A.z -101.701 34.4452 0.263714206897 0.263302534483
TA.140A.z -93.574 32.6408 0.261377764228 0.260971373984
TA.R59A.z -77.1164 38.2005 0.258622304688 0.258421117187
TA.V29A.z -101.521 35.8734 0.267272219512 0.266480455285
TA.S11A.z -115.747 37.6444 0.268793320896 0.268386514925
TA.V59A.z -78.2394 35.7649 0.254741409449 0.254006062992
TA.F21A.z -107.123 45.8231 0.262256014388 0.261284633094
TA.A16A.z -111.597 48.9482 0.262367206107 0.261798503817
TA.O39A.z -92.5438 40.2544 0.258490050725 0.258358623188
TA.131A.z -100.389 32.6737 0.261426449612 0.261014937984
TA.A23A.z -104.879 48.9592 0.26434457377 0.264552680328
TA.M05C.z -121.146 41.3593 0.272942390244 0.272210731707
TA.O34A.z -96.6936 40.1831 0.259234147651 0.258708100671
TA.832A.z -99.9743 28.2844 0.256602392 0.256561664
TA.E06A.z -120.979 46.5433 0.272375252525 0.27253530303
TA.738A.z -95.6481 28.8404 0.260842989691 0.260325051546
TA.328A.z -102.81 31.3818 0.262959394958 0.262069773109
TA.W20A.z -108.5 35.1259 0.269098565574 0.268774163934
TA.N47A.z -85.6942 40.8801 0.257568585185 0.257033
TA.C05A.z -121.689 47.6947 0.270629392857 0.270510392857
TA.HRV.z -71.5583 42.5064 0.258520539823 0.258360336283
TA.F09A.z -117.909 45.7087 0.266303666667 0.266697121951
TA.S09A.z -117.225 37.7243 0.271261590909 0.271439011364
TA.W25A.z -104.461 35.2177 0.265794666667 0.265581124031
TA.318A.z -109.991 31.439 0.265750928 0.26490288
TA.V11A.z -115.43 35.8384 0.263634022556 0.263573120301
TA.H10A.z -116.747 44.589 0.268920333333 0.268802284553
TA.637A.z -96.3324 29.439 0.263898278351 0.262670670103
TA.J55A.z -77.8167 43.2657 0.257613598131 0.25731871028
TA.I31A.z -98.5352 44.0297 0.259480277778 0.259275097222
TA.J57A.z -75.9968 43.4099 0.260258856 0.25963448
TA.SCZ2.z -119.635 33.9954 0.265854795455 0.265468227273
TA.247A.z -88.6102 32.053 0.257829811594 0.2580895
TA.U27A.z -102.825 36.4213 0.263689787037 0.263503842593
TA.425A.z -104.986 30.7862 0.262848555556 0.262801384615
TA.S06C.z -119.849 37.8817 0.274092444444 0.274023904762
TA.I22A.z -106.484 43.8924 0.265163168 0.264723952
TA.H17A.z -110.576 44.3951 0.266550165289 0.265957586777
TA.Z56A.z -81.3687 33.3253 0.254546376812 0.254128855072
TA.Z35A.z -97.253 33.3308 0.260859884211 0.259608031579
TA.227A.z -103.292 32.012 0.267010553719 0.266465132231
TA.V37A.z -95.141 35.883 0.258481395161 0.257871741935
TA.G12A.z -115.326 45.1285 0.267666887931 0.267247439655
TA.O11A.z -115.657 40.1313 0.269169285714 0.268782631579
TA.H04A.z -122.186 44.6837 0.268050612903 0.268370193548
TA.VES.z -119.085 35.8409 0.26723672 0.26807344
TA.S05C.z -120.33 37.346 0.26636825641 0.265739589744
TA.N35A.z -95.6425 40.8612 0.261140503448 0.26069562069
TA.T19A.z -109.025 36.8299 0.267412816667 0.267085491667
TA.U42A.z -91.2383 36.3514 0.25831247619 0.257798190476
TA.L39A.z -92.0007 42.1234 0.258801384106 0.258370284768
TA.S27A.z -102.898 37.6837 0.265714692308 0.265726223077
TA.J25A.z -103.803 43.3901 0.267756651852 0.267150488889
TA.658A.z -81.2578 29.422 0.257352388889 0.257529436508
TA.V41A.z -92.1554 35.7851 0.256929389706 0.256283198529
TA.S59A.z -77.2942 37.762 0.25854480303 0.258734931818
TA.Z26A.z -103.98 33.2716 0.263516571429 0.262444285714
TA.M58A.z -76.4603 41.3721 0.257615746269 0.257035552239
TA.J52A.z -80.4764 43.2407 0.257039645161 0.25688158871
TA.557A.z -81.7291 30.016 0.258704089109 0.258244990099
TA.V26A.z -103.786 35.7964 0.266585180328 0.266100786885
TA.G25A.z -103.417 45.1935 0.260988903704 0.260470318519
TA.F32A.z -97.1264 45.8705 0.255389583333 0.255199272727
TA.L34A.z -96.3762 41.9666 0.260919 0.260374513889
TA.W17A.z -110.713 35.0789 0.270211192982 0.270228131579
TA.338A.z -95.3106 31.3567 0.25999006993 0.260281440559
TA.K31A.z -98.7546 42.6229 0.260463223077 0.260105969231
TA.U35A.z -96.7318 36.3709 0.2577055 0.257782758065
TA.I06A.z -120.211 43.9437 0.276389193182 0.276158295455
TA.GLMI.z -84.6175 44.8245 0.257021375 0.256888838235
TA.OGNE.z -102.033 40.9451 0.261401974359 0.261222320513
TA.I43A.z -88.146 43.8844 0.256848336283 0.256740761062
TA.431A.z -100.608 30.6824 0.265704909091 0.265627719697
TA.326A.z -103.979 31.3165 0.269736033898 0.269602262712
TA.Q12A.z -114.83 39.04 0.267353319149 0.267517929078
TA.S24A.z -105.213 37.6407 0.26968095 0.26991352
TA.D31A.z -97.7226 47.0481 0.254957135714 0.254275321429
TA.O50A.z -83.6199 40.1468 0.258430715232 0.258604377483
TA.O61A.z -74.553 40.0934 0.25828629771 0.258316022901
TA.H61A.z -71.9271 44.5339 0.258839473684 0.257896184211
TA.J21A.z -107.446 43.3459 0.266651398601 0.266109223776
TA.Q24A.z -105.149 38.9641 0.269007924528 0.268276820755
TA.P59A.z -76.4327 39.6101 0.257270761538 0.256960415385
TA.G38A.z -91.8549 45.1693 0.259579894309 0.258742056911
TA.344A.z -90.7318 31.4527 0.260158613636 0.260198280303
TA.F15A.z -112.493 45.8409 0.266174644068 0.265409220339
TA.BW06.z -109.558 42.7667 0.265872275 0.265748825
TA.J18A.z -110.02 43.2112 0.270423721519 0.269913822785
TA.M06C.z -120.477 41.2047 0.273446483333 0.272265716667
TA.E13A.z -114.188 46.4423 0.265864089888 0.265239185393
TA.U46A.z -88.1773 36.359 0.260547136752 0.26021517094
TA.O37A.z -94.1461 40.1664 0.259244921986 0.258293042553
TA.E64A.z -67.8285 46.4184 0.259457036364 0.259153736364
TA.F45A.z -85.5156 45.6837 0.257510093897 0.257132910798
TA.L54A.z -79.3162 42.2345 0.261517862385 0.260959477064
TA.532A.z -99.9049 30.1278 0.260904311475 0.260579229508
TA.N38A.z -93.235 40.7931 0.258243699301 0.257798076923
TA.Y55A.z -81.8581 33.9375 0.254628105263 0.253773821053
TA.MVCO.z -108.499 37.2103 0.263250333333 0.2637735
TA.H11A.z -116.013 44.7035 0.268539875 0.26856590625
TA.G40A.z -90.2006 45.2684 0.258080728682 0.257889953488
TA.H55A.z -77.183 44.5505 0.257828285714 0.25746467619
TA.E21A.z -107.076 46.5408 0.264253821429 0.263674135714
TA.I11A.z -115.958 43.9121 0.271897680672 0.271312773109
TA.G31A.z -98.2083 45.2254 0.257028391304 0.25641357971
TA.348A.z -87.9023 31.4129 0.261374088235 0.260583882353
TA.552A.z -85.2938 30.1327 0.260025264151 0.259843056604
TA.K54A.z -78.6908 42.6097 0.259485176991 0.259676097345
TA.757A.z -82.0685 28.9413 0.254573896226 0.253504990566
TA.Z44A.z -90.4322 33.2773 0.261795974138 0.261192482759
TA.C09A.z -118.274 47.8006 0.263021570312 0.262153179687
TA.K51A.z -81.5082 42.7223 0.26016975 0.259839848485
TA.P37A.z -94.3491 39.5882 0.258566902778 0.257781375
TA.I32A.z -97.4643 44.0271 0.25897235461 0.258471879433
TA.X17A.z -110.806 34.3371 0.270424675926 0.270376342593
TA.634A.z -98.3515 29.3815 0.261956503597 0.263187604317
TA.Z30A.z -101.128 33.2861 0.263683370787 0.263082292135
TA.143A.z -91.4036 32.7032 0.258228641975 0.257981290123
TA.M24A.z -104.825 41.4676 0.26787277193 0.267160789474
TA.936A.z -97.3091 27.4208 0.266080227586 0.265934103448
TA.J12A.z -115.098 43.25 0.274391283333 0.274480458333
TA.K55A.z -78.0696 42.7278 0.260276824074 0.260127972222
TA.Q32A.z -98.5596 38.9908 0.261950904412 0.261486963235
TA.G58A.z -74.054 45.1492 0.259014954887 0.258264270677
TA.G57A.z -74.9855 45.1036 0.257706445313 0.257492703125
TA.O30A.z -100.057 40.1791 0.261888455285 0.260619886179
TA.N28A.z -101.541 40.6873 0.264705217742 0.263385032258
TA.R51A.z -83.5834 38.3001 0.262210441176 0.261791860294
TA.OSI.z -118.724 34.6145 0.268344857143 0.268409
TA.535A.z -97.5711 30.029 0.259656051852 0.259117555556
TA.Y22D.z -106.921 34.0739 0.267538036697 0.267292605505
TA.L14A.z -113.24 42.0343 0.270115648855 0.269942526718
TA.I47A.z -84.5096 44.0193 0.260074659259 0.259430377778
TA.350A.z -86.3353 31.4207 0.259203138889 0.25763337037
TA.T17A.z -110.804 36.9969 0.270429354545 0.270257
TA.B09A.z -118.149 48.4226 0.263393966942 0.262885132231
TA.R23A.z -105.826 38.1907 0.269363849315 0.268827438356
TA.I52A.z -80.177 44.068 0.257356625 0.256540308824
TA.NATX.z -94.661 31.7598 0.261182708333 0.260851944444
TA.Y53A.z -83.5836 33.8554 0.257467462264 0.256985254717
TA.U32A.z -99.0014 36.3795 0.260489805556 0.259950944444
TA.Q29A.z -100.979 38.8905 0.261241213675 0.26068791453
TA.E07A.z -119.855 46.5585 0.267006525926 0.266592059259
TA.O04C.z -121.086 40.32 0.27051057971 0.271628231884
TA.O18A.z -110.008 40.2655 0.27334839604 0.273230326733
TA.V24A.z -105.272 35.7259 0.268920424779 0.268369663717
TA.G28A.z -100.916 45.0749 0.260133785185 0.259826540741
TA.113A.z -113.767 32.7683 0.262086893333 0.261902813333
TA.434A.z -98.269 30.8142 0.260999457746 0.260390669014
TA.H03A.z -123.292 44.6765 0.267901210526 0.268302907895
TA.V49A.z -85.903 35.7663 0.262442753968 0.262194103175
TA.L20A.z -108.34 42.0073 0.270555 0.270448956897
TA.X53A.z -83.3013 34.5031 0.257430409722 0.256587861111
TA.U44B.z -89.3507 36.3391 0.259793614679 0.258788724771
TA.J45A.z -86.3889 43.4354 0.255460913043 0.255189086957
TA.S23A.z -106.002 37.7059 0.270670047619 0.270687904762
TA.S19A.z -109.137 37.7459 0.267566621622 0.267131648649
TA.P32A.z -98.6011 39.6223 0.262307337748 0.261652953642
TA.Z33A.z -98.7648 33.2865 0.261579553719 0.26130331405
TA.239A.z -94.4707 32.0179 0.25904359322 0.258414457627
TA.E29A.z -99.642 46.5682 0.25538765035 0.254826937063
TA.M38A.z -93.1965 41.4175 0.25805250365 0.257559956204
TA.I34A.z -95.86 44.0392 0.260035543478 0.259029101449
TA.X21A.z -107.786 34.4457 0.270131973913 0.269393156522
TA.K62A.z -72.2345 42.6651 0.255357950413 0.255848909091
TA.Y58A.z -79.6665 33.9057 0.255082246914 0.25489991358
TA.W54A.z -82.1859 35.0857 0.257565191781 0.257492506849
TA.P61A.z -74.7919 39.6734 0.258917243697 0.258115596639
TA.P55A.z -79.8265 39.5078 0.259666605263 0.259763640351
TA.M17A.z -110.666 41.4729 0.26881290566 0.268543141509
TA.O01C.z -123.82 40.1398 0.267547306667 0.267296853333
TA.A29A.z -99.2321 48.9228 0.256928324138 0.256796606897
TA.X14A.z -112.891 34.4692 0.267451804348 0.267006398551
TA.C37A.z -92.1853 47.7283 0.254576905109 0.254559963504
TA.F26A.z -102.67 45.8512 0.262499163121 0.26210764539
TA.Y54A.z -82.688 33.8621 0.258350074074 0.257881611111
TA.M01C.z -124.122 41.8473 0.267194526316 0.266808894737
TA.M02C.z -122.854 41.392 0.265872258065 0.265981483871
TA.X40A.z -92.8342 34.4873 0.260222078571 0.260129078571
TA.K47A.z -84.9993 42.6704 0.258294408759 0.257956226277
TA.355A.z -82.8518 31.3438 0.25837552459 0.258240811475
TA.E03A.z -123.563 46.5459 0.267097695652 0.266607195652
TA.H25A.z -103.598 44.6215 0.262454309859 0.261819795775
TA.A14A.z -113.422 48.9725 0.263729293233 0.263658601504
TA.V04C.z -120.87 35.636 0.262914724138 0.262662741379
TA.M23A.z -105.722 41.468 0.269143897436 0.268856008547
TA.O09A.z -117.19 40.1697 0.270054686275 0.269362176471
TA.P28A.z -101.755 39.5732 0.26230844186 0.261938255814
TA.139A.z -94.3927 32.6795 0.260818365217 0.260466782609
TA.353A.z -84.2172 31.3474 0.258956029851 0.257953052239
TA.R40A.z -92.2684 38.2909 0.26086320155 0.261022744186
TA.V15A.z -112.173 35.8191 0.271256564103 0.271245111111
TA.Z41A.z -92.803 33.2577 0.261420278261 0.260962721739
TA.O16A.z -111.502 40.2067 0.275091861111 0.274804861111
TA.L61B.z -72.6802 42.4498 0.256343853448 0.255430758621
TA.343A.z -91.6169 31.2839 0.266288439024 0.265974382114
TA.E10A.z -117.11 46.485 0.262452860465 0.261858031008
TA.E24A.z -104.307 46.5608 0.262889344262 0.262485540984
TA.E19A.z -108.786 46.4611 0.264402102362 0.264074952756
TA.U59A.z -77.7925 36.3526 0.254712471545 0.254409845528
TA.D51A.z -79.3733 47.0904 0.252827547619 0.252886202381
TA.X25A.z -104.662 34.5271 0.266873586777 0.266946380165
TA.G65A.z -67.5632 45.2002 0.258424563636 0.257894163636
TA.O43A.z -89.313 40.2856 0.258184243478 0.257699373913
TA.MPP.z -119.814 34.8885 0.261717944444 0.261345083333
TA.250A.z -86.2677 31.9778 0.257540756757 0.25714545045
TA.536A.z -97.0652 30.0756 0.259286839695 0.258982068702
TA.437A.z -96.1386 30.8292 0.264112583333 0.263209015152
TA.P24A.z -104.908 39.5144 0.269935146552 0.269718163793
TA.T28A.z -102.114 37.1204 0.263116873016 0.262842047619
TA.237A.z -95.8084 32.0015 0.258171370629 0.257999622378
TA.R39A.z -93.0383 38.3138 0.257631463768 0.25764173913
TA.531A.z -100.546 30.1645 0.264846380952 0.264676460317
TA.633A.z -99.1766 29.4591 0.259172887324 0.259786873239
TA.O29A.z -100.798 40.1253 0.261529672 0.260267528
TA.N30A.z -100.1 40.7957 0.261802117187 0.261105125
TA.U38A.z -94.3857 36.4394 0.26012268 0.25997592
TA.H18A.z -109.664 44.6769 0.26648759633 0.265710100917
TA.430A.z -101.236 30.7866 0.265859455357 0.264986919643
TA.835A.z -97.8297 28.287 0.264446524476 0.263987055944
TA.X32A.z -99.2854 34.4214 0.264372985612 0.264224517986
TA.S47A.z -86.8779 37.5946 0.260137701299 0.260178207792
TA.G04A.z -122.478 45.2059 0.26594062 0.26575462
TA.K14A.z -113.176 42.5452 0.270844128049 0.270663219512
TA.U60A.z -77.1596 36.4718 0.2574570625 0.257102398437
TA.K01A.z -124.469 42.8088 0.267452513889 0.267423625
TA.109C.z -117.105 32.8889 0.262065074074 0.261387444444
TA.D49A.z -81.3562 47.2726 0.255928865169 0.255937123596
TA.T29A.z -101.294 37.1565 0.261726568182 0.261337840909
TA.O52A.z -81.8361 40.1158 0.259991309392 0.259458104972
TA.R17A.z -110.711 38.4187 0.268644913043 0.268215608696
TA.H46A.z -85.2034 44.5397 0.258217626984 0.257589888889
TA.L07A.z -119.34 42.0187 0.27454965625 0.27424040625
TA.KSCO.z -102.627 39.0112 0.266250340136 0.265875693878
TA.U54A.z -81.8204 36.5209 0.258484363636 0.25801212987
TA.O42A.z -90.0812 40.1956 0.258535674074 0.257678303704
TA.G03A.z -123.281 45.3153 0.264510358025 0.264407481481
TA.H47A.z -84.2062 44.5994 0.258036274074 0.257599059259
TA.SUTB.z -121.786 39.2291 0.269200365079 0.268649079365
TA.126A.z -104.02 32.6462 0.26412768595 0.263681991736
TA.C39A.z -90.1289 47.8171 0.260311669118 0.259829977941
TA.R46A.z -87.5114 38.2124 0.258561191304 0.258399643478
TA.S10A.z -116.595 37.923 0.270297251969 0.27007111811
TA.858A.z -81.3616 28.2126 0.255966128713 0.25574139604
TA.TPNV.z -116.249 36.9488 0.263272146341 0.263149390244
TA.N57A.z -77.5509 40.7556 0.259408322835 0.258871283465
TA.R44A.z -89.0809 38.2475 0.260567271429 0.260331292857
TA.D34A.z -95.1952 47.0851 0.256138788321 0.255697131387
TA.X42A.z -91.6262 34.5532 0.260081601852 0.259253768519
TA.S31A.z -99.4845 37.6193 0.261830095652 0.261337243478
TA.HATC.z -121.461 40.8161 0.271243528302 0.27066145283
TA.MPM.z -117.489 36.058 0.261465461538 0.260946192308
TA.Q18A.z -110.133 39.1025 0.26976326087 0.269345973913
TA.L13A.z -113.944 42.0886 0.273150859649 0.273254482456
TA.N08A.z -118.134 40.7811 0.269215121212 0.268896454545
TA.G59A.z -73.1809 45.0807 0.258129761468 0.257296724771
TA.G64A.z -68.7558 45.2527 0.256031939655 0.255633181034
TA.ECSD.z -96.6141 43.7337 0.257236409091 0.257349454545
TA.Y59A.z -78.8737 33.9897 0.257984452055 0.257688726027
TA.T56A.z -80.0311 37.0288 0.257850522013 0.25668708805
TA.335A.z -97.4271 31.2819 0.259213449275 0.259248608696
TA.C08A.z -119.045 47.7849 0.261363073171 0.260165479675
TA.T12A.z -114.715 36.7256 0.269681523077 0.269455615385
TA.Y60A.z -78.2163 34.0046 0.257426957746 0.257152464789
TA.I10A.z -116.803 44.086 0.269429333333 0.268860066667
TA.L49A.z -83.7672 42.1088 0.260595550388 0.260206356589
TA.L26A.z -103.079 42.0367 0.266052268293 0.265607471545
TA.M16A.z -111.63 41.3146 0.269613007692 0.269534792308
TA.M20A.z -108.187 41.4906 0.269631032787 0.269672581967
TA.D19A.z -108.88 47.1646 0.265615587719 0.265525263158
TA.K15A.z -112.531 42.6852 0.272084649123 0.271573315789
TA.B34A.z -94.6501 48.486 0.257033235714 0.255869328571
TA.M63A.z -72.0464 41.4038 0.256309168067 0.255501840336
TA.B35A.z -93.7261 48.3603 0.25872445 0.258388214286
TA.R21A.z -107.55 38.3685 0.271303806818 0.271555909091
TA.J61A.z -72.5535 43.3462 0.25877507377 0.258009540984
TA.219A.z -109.259 31.9989 0.26446808871 0.263602193548
TA.P26A.z -103.346 39.5602 0.264253758065 0.264346798387
TA.R08A.z -118.106 38.3489 0.275379719101 0.275408247191
TA.Z57A.z -80.7039 33.297 0.255956407407 0.25587112963
TA.T05C.z -120.674 36.8953 0.263527327273 0.262768072727
TA.H23A.z -105.401 44.562 0.264728097561 0.264287650407
TA.T30A.z -100.527 37.0526 0.262957161538 0.262348007692
TA.U10A.z -116.33 36.4193 0.267634778761 0.267365743363
TA.G05A.z -121.317 45.2422 0.269822891304 0.269442315217
TA.HEC.z -116.335 34.8294 0.266046487805 0.265636097561
TA.Y51A.z -85.064 33.8993 0.257828975207 0.257807
TA.J29A.z -100.325 43.4061 0.261890017391 0.261700469565
TA.540A.z -93.9796 30.2093 0.260765235849 0.259685103774
TA.X59A.z -78.6023 34.572 0.254408346154 0.254057951923
TA.S32A.z -98.9363 37.7001 0.260206771429 0.259752292857
TA.T25A.z -104.411 37.1388 0.267839471831 0.267312126761
TA.737A.z -96.4402 28.7639 0.264885841463 0.263749378049
TA.R61A.z -75.339 38.3303 0.262427758065 0.261626080645
TA.Q16A.z -111.172 38.9176 0.272253336207 0.27174637931
TA.D23A.z -105.207 47.173 0.265568859504 0.264714859504
TA.X57A.z -80.094 34.4643 0.256105478873 0.255588338028
TA.H66A.z -67.3115 44.7859 0.257660345133 0.257843725664
TA.N14A.z -113.187 40.8513 0.269017841667 0.268484958333
TA.L22A.z -106.434 42.031 0.266105121387 0.26607682659
TA.J46A.z -85.6466 43.3478 0.257738173913 0.257379384058
TA.934A.z -98.5192 27.6018 0.268191781955 0.267604781955
TA.P53A.z -81.3896 39.4868 0.260508179775 0.259998539326
TA.D11A.z -116.335 47.0477 0.261924386555 0.261138193277
TA.B19A.z -108.944 48.4551 0.262729519084 0.262304625954
TA.B14A.z -113.273 48.3609 0.264909108527 0.264717255814
TA.P56A.z -78.8386 39.5044 0.257713360902 0.257771195489
TA.035A.z -98.1023 26.9379 0.269597241935 0.268833169355
TA.655A.z -83.2552 29.5107 0.257923980952 0.257720771429
TA.061Z.z -80.907 25.8657 0.257079304348 0.256877426087
TA.S08C.z -118.171 37.4993 0.2778599375 0.2776544375
TA.ANMO.z -106.457 34.9459 0.269110555556 0.269928666667
TA.H21A.z -107.042 44.6277 0.264237229167 0.2633278125
TA.R58A.z -78.0034 38.2989 0.258024064 0.257962672
TA.K50A.z -82.6231 42.7749 0.258089790323 0.257704483871
TA.K27A.z -102.236 42.7036 0.266076930233 0.266114503876
TA.X24A.z -105.435 34.5646 0.266663895238 0.266646838095
TA.352A.z -84.9274 31.4793 0.258855810219 0.258082956204
TA.R58B.z -77.8787 37.9636 0.256971669355 0.257599637097
TA.M27A.z -102.387 41.5281 0.26530146281 0.264453495868
TA.U26A.z -103.744 36.3945 0.266684252101 0.266802529412
TA.546A.z -89.7191 30.233 0.261901096774 0.261420741935
TA.H12A.z -114.855 44.5494 0.27022710559 0.271292465839
TA.147A.z -88.2708 32.6738 0.258869716867 0.258728981928
TA.W12A.z -114.87 35.301 0.263933539062 0.263707835938
TA.U23A.z -106.192 36.3289 0.27052925 0.270820211538
TA.E46A.z -84.3062 46.3665 0.256292688525 0.255864491803
TA.M62A.z -72.8939 41.4423 0.256000683333 0.255429525
TA.O05C.z -120.918 39.962 0.270700602941 0.270499955882
TA.J56A.z -76.8579 43.276 0.2583072 0.257336584615
TA.WHTX.z -97.4561 31.9913 0.262998341935 0.26266403871
TA.D32A.z -97.0164 47.1354 0.252821552448 0.252748496503
TA.M22A.z -106.596 41.4033 0.267930739394 0.268060163636
TA.BRAL.z -87.0506 31.1687 0.258398657658 0.25832781982
TA.628A.z -102.888 29.4862 0.266902879032 0.266522822581
TA.117A.z -110.739 32.5716 0.264528598425 0.264097275591
TA.E50A.z -80.7378 46.4232 0.2558608 0.2554978
TA.645A.z -90.5966 29.4573 0.253948020833 0.253522885417
TA.059A.z -81.144 26.9671 0.258696144068 0.257418822034
TA.F41A.z -89.1046 45.7387 0.25547891129 0.254773362903
TA.PKME.z -69.2917 45.2644 0.258876686957 0.259232373913
TA.J08A.z -118.474 43.358 0.272305722689 0.272303470588
TA.T06C.z -119.709 37.0069 0.264779368421 0.264250065789
TA.R29A.z -101.138 38.4243 0.260991909091 0.260831677686
TA.S50A.z -84.4003 37.679 0.259827992908 0.259169531915
TA.S28A.z -101.898 37.5899 0.262059884298 0.262204140496
TA.R13A.z -113.969 38.1802 0.272860930693 0.272996425743
TA.T53A.z -82.535 36.9823 0.26180292517 0.260751673469
TA.J04A.z -122.109 43.2406 0.271398206897 0.271524155172
TA.WMOK.z -98.7807 34.7379 0.261586833333 0.26162425
TA.G13A.z -114.233 45.0931 0.268228313609 0.267652544379
TA.B15A.z -112.562 48.3129 0.261266985185 0.261309696296
TA.L12A.z -115.016 42.146 0.273054282258 0.273291475806
TA.T31A.z -99.6771 37.0977 0.26247912605 0.262434084034
TA.059Z.z -81.4432 26.3373 0.260828241667 0.260475575
TA.W13A.z -113.885 35.099 0.271263130769 0.270905869231
TA.B16A.z -111.707 48.4128 0.260677909774 0.259997578947
TA.S42A.z -90.7939 37.77 0.259782214876 0.258987264463
TA.C15A.z -112.607 47.775 0.264513664063 0.264453726562
TA.W32A.z -99.2458 35.1238 0.265249212598 0.264615314961
TA.N62A.z -73.4677 40.9313 0.256295672897 0.256160598131
TA.B33A.z -95.588 48.2722 0.255391959677 0.255029733871
TA.J62A.z -71.8127 43.2262 0.256253205128 0.255363641026
TA.X45A.z -89.3931 34.4241 0.261325977778 0.260465725926
TA.J40A.z -90.7406 43.3965 0.257134141892 0.256625466216
TA.Z19A.z -109.266 33.2921 0.265848402174 0.265321206522
TA.U40A.z -92.8535 36.3563 0.259953696552 0.259840482759
TA.H13A.z -114.255 44.5642 0.269038216374 0.269717
TA.X60A.z -77.9768 34.5773 0.255952525253 0.255706161616
TA.Y32A.z -99.442 34.0036 0.262688880734 0.262438844037
TA.S54A.z -81.3114 37.7997 0.260007751678 0.259452033557
TA.N02C.z -123.306 40.822 0.270043067797 0.269739033898
TA.Y19A.z -109.254 33.9571 0.265111086957 0.265275382609
TA.J26A.z -103.075 43.3126 0.26576995082 0.265367483607
TA.DGMT.z -104.196 48.4702 0.263059770833 0.262887885417
TA.453A.z -84.3197 30.8541 0.261735380952 0.261204071429
TA.Y56A.z -81.3047 33.7922 0.256357914286 0.255321085714
TA.L36A.z -94.6676 42.1009 0.2629266 0.262800511111
TA.A06A.z -121.48 49.0983 0.268837444444 0.268391522222
TA.R05C.z -120.076 38.7028 0.269827084507 0.270024450704
TA.B23A.z -104.991 48.4643 0.26499712605 0.264963168067
TA.R55A.z -80.1195 38.2825 0.263077948718 0.263077173077
TA.L33A.z -97.2724 42.1659 0.260716492537 0.260211529851
TA.356A.z -82.1275 31.3247 0.254929349206 0.254645436508
TA.D46A.z -84.0357 46.891 0.256533409091 0.256361015152
TA.T11A.z -115.22 37.2408 0.269402589552 0.269325141791
TA.R60A.z -76.5807 38.2684 0.260650409449 0.259895811024
TA.S37A.z -94.8279 37.7597 0.25915689313 0.258216229008
TA.F64A.z -68.3496 45.8633 0.257021567797 0.256440016949
TA.N18A.z -109.673 40.9763 0.271371055556 0.271468981481
TA.O35A.z -95.9097 40.2665 0.25943009396 0.258485053691
TA.MIAR.z -93.5765 34.5454 0.261165621622 0.260834372973
TA.O07A.z -118.877 40.1614 0.273376432099 0.272710061728
TA.E22A.z -105.949 46.4386 0.263621409449 0.262605559055
TA.K43A.z -88.332 42.7044 0.25557488 0.255298792
TA.Q23A.z -105.834 38.9045 0.271223018519 0.27081987037
TA.N37A.z -94.2095 40.7582 0.259308020134 0.25881942953
TA.T43A.z -90.2878 37.0833 0.259133398374 0.258562308943
TA.B13A.z -114.468 48.3739 0.265055973262 0.264656213904
TA.V55A.z -81.2149 35.8518 0.257720869281 0.257601078431
TA.O49A.z -84.3353 40.188 0.259125958042 0.259055202797
TA.TUQ.z -115.924 35.4358 0.266646634146 0.266970097561
TA.G42A.z -88.4277 45.2418 0.256038641026 0.255566632479
TA.I21A.z -107.292 43.8122 0.267012116438 0.265941691781
TA.K28A.z -101.367 42.7136 0.266047343511 0.266005396947
TA.FMP.z -118.294 33.7126 0.267201354167 0.266236833333
TA.I05A.z -121.268 44.1626 0.274387609375 0.274196546875
TA.062Z.z -81.0523 24.7266 0.260803213115 0.26072004918
TA.222A.z -107.101 32.1046 0.271211307018 0.270421789474
TA.J11A.z -115.828 43.4151 0.273884211268 0.273617866197
TA.441A.z -93.1898 30.7498 0.264908421488 0.264249099174
TA.F46A.z -84.7586 45.7737 0.254762613445 0.254282319328
TA.V17A.z -110.794 35.6218 0.270743609375 0.270804171875
TA.FUR.z -116.863 36.4672 0.264161346939 0.262969163265
TA.VBMS.z -90.5177 32.2185 0.261080668966 0.260397496552
TA.E17A.z -110.858 46.462 0.268973729508 0.268696508197
TA.I03A.z -123.278 43.9726 0.267455756757 0.267420378378
TA.M26A.z -103.143 41.4661 0.265873303279 0.265414909836
TA.D56A.z -74.7568 47.0485 0.25586487395 0.25526807563
TA.B32A.z -96.5363 48.3951 0.254701481203 0.253223368421
TA.442A.z -92.4314 30.7119 0.266955389381 0.266086964602
TA.BNLO.z -122.173 37.1311 0.263464898305 0.263292118644
TA.220A.z -108.527 31.9041 0.264346198413 0.264143626984
TA.I57A.z -75.6599 43.9377 0.257626905172 0.257630086207
TA.R26A.z -103.447 38.3009 0.264399247863 0.264263444444
TA.B18A.z -109.777 48.3943 0.261635491935 0.261389677419
TA.K63A.z -71.5283 42.6888 0.258899738739 0.258589036036
TA.C22A.z -105.884 47.7456 0.265167566929 0.264520188976
TA.L19A.z -109.357 42.1012 0.268055864 0.267994336
TA.L65A.z -70.0528 42.0295 0.257698415929 0.257581061947
TA.X50A.z -85.6486 34.4596 0.258945235294 0.258381764706
TA.F25A.z -103.458 45.9256 0.263435929577 0.263133647887
TA.LRAL.z -86.9978 33.0348 0.259274966667 0.258492225
TA.O44A.z -88.4671 40.1526 0.257734976378 0.257273944882
TA.I08A.z -118.569 43.9104 0.273451990385 0.273254644231
TA.J48A.z -83.7849 43.2986 0.257364676923 0.257162976923
TA.Z55A.z -82.1359 33.2211 0.255160428571 0.254884107143
TA.T35A.z -96.5121 36.9161 0.259766007407 0.259808592593
TA.L44A.z -87.9119 42.1782 0.25851688 0.258218784
TA.Z45A.z -89.6913 33.3705 0.259921025862 0.25993587931
TA.CBN.z -77.3732 38.2046 0.25545408 0.255635952
TA.H34A.z -95.777 44.6673 0.25860593662 0.257976838028
TA.L63A.z -71.6095 41.8631 0.25702754386 0.256376605263
TA.A08A.z -119.272 48.9534 0.263381333333 0.263409478632
TA.157A.z -80.9972 32.678 0.257145763158 0.257465381579
TA.G29A.z -99.9234 45.1926 0.258406902098 0.257963335664
TA.S16A.z -111.596 37.7222 0.271407660377 0.271320716981
TA.C30A.z -98.4783 47.7026 0.258616014184 0.257795035461
TA.S13A.z -113.86 37.5808 0.273941 0.274188448
TA.Q61A.z -75.3256 38.8799 0.262855726563 0.262280796875
TA.221A.z -107.778 32.0094 0.269739473214 0.269332214286
TA.I26A.z -102.86 44.0309 0.266147157895 0.264674105263
TA.O51A.z -82.6056 40.147 0.259041 0.258647142857
TA.P47A.z -86.2699 39.4869 0.259151 0.258676542373
TA.H19A.z -108.986 44.6704 0.266052978873 0.265192169014
TA.D47A.z -83.1038 47.0558 0.254547679688 0.254676296875
TA.E26A.z -102.462 46.4712 0.262445798701 0.261827331169
TA.X26A.z -103.81 34.5508 0.265534091667 0.265151316667
TA.I07A.z -119.504 44.082 0.273196645669 0.273569244094
TA.229A.z -101.811 31.9671 0.261947382114 0.261434886179
TA.K58A.z -75.6473 42.7633 0.259621622047 0.259490629921
TA.W30A.z -100.577 35.1818 0.265839544715 0.265386520325
TA.D52A.z -78.4117 46.9764 0.253262041667 0.252892333333
TA.H42A.z -88.5311 44.5091 0.255342547009 0.255006324786
TA.553A.z -84.4317 30.189 0.259817348148 0.259496437037
TA.A30A.z -98.3009 48.9402 0.257457758865 0.257593028369
TA.L60A.z -74.2226 41.989 0.260585016529 0.260116297521
TA.959A.z -80.8791 27.524 0.257689974359 0.257996247863
TA.H38A.z -92.282 44.6753 0.259906038462 0.259389953846
TA.B21A.z -107.017 48.4278 0.263452637795 0.263354905512
TA.F03A.z -123.559 45.9306 0.262875605505 0.262508807339
TA.K56A.z -77.3244 42.6981 0.260046522727 0.259400212121
TA.PAL.z -73.9079 41.0056 0.258668943548 0.258529201613
TA.O02C.z -122.788 40.1767 0.268506084746 0.268575813559
TA.M33A.z -97.195 41.5726 0.261621696296 0.26117697037
TA.150A.z -86.022 32.6067 0.257741792793 0.257365693694
TA.P44A.z -88.6209 39.4676 0.259786107438 0.259779528926
TA.T59A.z -77.5541 36.9716 0.258137691057 0.257678300813
TA.L48A.z -84.4329 41.9438 0.259333619048 0.259328040816
TA.F39A.z -90.919 45.9153 0.255279968254 0.254666460317
TA.SMM.z -119.996 35.3142 0.263580869565 0.263647978261
TA.K19A.z -108.847 42.8247 0.268225508197 0.26827702459
TA.149A.z -86.7916 32.5983 0.262722917431 0.262406201835
TA.E33A.z -96.0054 46.5035 0.256376300699 0.255907412587
TA.L11A.z -115.754 42.1669 0.273723165289 0.27365407438
TA.H62A.z -71.1559 44.5743 0.258043008772 0.257449570175
TA.T32A.z -98.9247 37.1797 0.258554929078 0.258136368794
TA.C19A.z -109.049 47.7343 0.26440035 0.2641887
TA.N17A.z -110.834 40.9425 0.269781742268 0.268914020619
TA.455A.z -83.026 30.7422 0.257376322835 0.256796244094
TA.T55A.z -80.7843 37.117 0.260607333333 0.259391126667
TA.B07A.z -120.12 48.4607 0.265421222222 0.264533579365
TA.W29A.z -101.648 35.1212 0.2674274 0.266994373913
TA.L55A.z -78.4368 42.1831 0.259107736364 0.2584846
TA.D06A.z -120.844 47.1935 0.267546531532 0.267541567568
TA.V42A.z -91.39 35.806 0.259939443609 0.25930181203
TA.146A.z -89.0573 32.6368 0.261113228571 0.260989192857
TA.J03A.z -122.965 43.3717 0.26470662069 0.264104948276
TA.135A.z -97.4099 32.5573 0.261685389706 0.261267051471
TA.J59A.z -74.5041 43.4647 0.258819328244 0.258485503817
TA.N10A.z -116.508 40.7186 0.269738871795 0.269774205128
TA.G43A.z -87.6861 45.2572 0.256863991597 0.256309613445
TA.Z53A.z -83.5713 33.2801 0.256729354839 0.255773935484
TA.D59A.z -71.8358 47.0073 0.257510542373 0.257306144068
TA.148A.z -87.571 32.6469 0.257452481132 0.257129830189
TA.C12B.z -115.475 47.7092 0.264417377778 0.263918466667
TA.Z24A.z -105.365 33.3298 0.263666509434 0.263309716981
TA.W47A.z -87.5946 35.2511 0.261483438095 0.261527847619
TA.E61A.z -70.489 46.4312 0.259284816667 0.259133716667
TA.N32A.z -98.2955 40.7639 0.262791155405 0.262191344595
TA.I24A.z -104.626 43.8594 0.266414868421 0.266804035088
TA.C27A.z -101.503 47.7139 0.264727684211 0.264277548872
TA.D53A.z -77.7001 47.0795 0.256470574713 0.256086574713
TA.452A.z -85.183 30.8492 0.260196433962 0.259494471698
TA.G61A.z -71.5273 45.2827 0.26003675 0.2590636
TA.T49A.z -85.5334 37.105 0.262014659574 0.261450049645
TA.J06A.z -120.153 43.2515 0.272650951923 0.272938490385
TA.F34A.z -95.2581 45.7954 0.261280963768 0.261305166667
TA.L64A.z -70.8391 41.9359 0.25832562069 0.257893672414
TA.N34A.z -96.5005 40.8378 0.262859926174 0.262383651007
TA.D13A.z -114.459 47.0943 0.266186795812 0.266175685864
TA.248A.z -87.7393 32.094 0.259521977941 0.258720536765
TA.Q44A.z -89.017 38.9032 0.26057142446 0.259864546763
TA.J10A.z -116.767 43.4275 0.273413487395 0.273031588235
TA.H48A.z -83.3249 44.7006 0.257882277778 0.257684230159
TA.M12A.z -114.915 41.4157 0.27041996124 0.270091263566
TA.155A.z -82.4665 32.6219 0.256619072464 0.255980652174
TA.S51A.z -83.5935 37.6392 0.262641744526 0.262166583942
TA.S43A.z -90.0754 37.5716 0.260524695035 0.260062184397
TA.R30A.z -100.277 38.2844 0.258923825 0.2584118
TA.W59A.z -78.443 35.1673 0.254605717742 0.254392774194
TA.Z23A.z -106.232 33.2621 0.268664822222 0.268472355556
TA.C35A.z -93.9763 47.7007 0.254757165468 0.254006503597
TA.S55A.z -80.5013 37.7724 0.26034443949 0.25988866879
TA.M51A.z -82.1831 41.3321 0.260726106742 0.260861696629
TA.W42A.z -91.5224 35.2732 0.259905073394 0.258795614679
TA.A28A.z -100.267 48.9096 0.260276380282 0.25957178169
TA.657A.z -81.8665 29.5852 0.254883323529 0.255283294118
TA.G06A.z -120.635 45.2357 0.26952329771 0.268856580153
TA.F49A.z -82.0423 45.7627 0.257719748299 0.257777013605
TA.152A.z -84.7188 32.6686 0.258438022556 0.258547909774
TA.340A.z -93.8896 31.4167 0.257020637037 0.256821037037
TA.H27A.z -102.077 44.6329 0.264016862595 0.263238435115
TA.Z22A.z -106.964 33.2555 0.269437338462 0.269017553846
TA.B10A.z -117.225 48.2995 0.261701983871 0.261122782258
TA.A19A.z -108.743 48.9286 0.26536196124 0.265335782946
TA.RCT.z -119.244 36.3052 0.263371977778 0.262685511111
TA.V20A.z -108.466 35.7992 0.269757831776 0.269844757009
TA.G18A.z -109.563 45.3171 0.265969764706 0.265547151261
TA.V32A.z -99.0437 35.7202 0.261075065693 0.260375810219
TA.LGU.z -119.066 34.1082 0.26532 0.26438912
TA.U55A.z -81.0472 36.5023 0.258141368056 0.257666840278
TA.327A.z -103.492 31.3691 0.266104 0.267184801802
TA.O03C.z -122.032 39.9971 0.27133 0.271235884615
TA.J63A.z -71.0781 43.2792 0.255642442478 0.254865876106
TA.L41A.z -90.4977 42.0751 0.258605804054 0.258684358108
TA.MCWV.z -79.8456 39.6581 0.258997426357 0.25754272093
TA.319A.z -109.281 31.3757 0.265482983193 0.265224563025
TA.Q34A.z -96.9408 38.9214 0.256896861314 0.256549708029
TA.GOGA.z -83.4666 33.4112 0.257292835821 0.25701741791
TA.Q13A.z -114.02 38.9551 0.269341701613 0.268668822581
TA.O33A.z -97.5845 40.0755 0.260282852349 0.259704483221
TA.T24B.z -105.382 37.0624 0.269146155556 0.2683136
TA.Q56A.z -79.1871 39.041 0.260254061069 0.260164954198
TA.F29A.z -99.8273 45.8336 0.256985315068 0.256515486301
TA.539A.z -94.7236 30.1084 0.265238564356 0.264246871287
TA.T34A.z -97.1883 37.0222 0.259768492857 0.259226378571
TA.LONY.z -74.5829 44.6197 0.257876549618 0.257485519084
TA.Q53A.z -81.5251 38.8586 0.261917660131 0.261754313725
TA.H24A.z -104.552 44.7473 0.264278358974 0.263883854701
TA.N42A.z -90.0345 40.829 0.257964831858 0.257020265487
TA.I13A.z -114.117 43.9146 0.271501304054 0.271595560811
TA.P21A.z -107.449 39.524 0.270844485149 0.270296405941
TA.T27A.z -102.721 37.0614 0.262738311475 0.262854286885
TA.444A.z -90.7463 30.7153 0.261041240741 0.262101740741
TA.I02A.z -123.83 44.0035 0.267581661972 0.268226070423
TA.P20A.z -108.391 39.4998 0.27166640625 0.271116083333
TA.R04C.z -120.936 38.2571 0.264957632911 0.265449822785
TA.S14A.z -113.168 37.7601 0.276419505051 0.277103252525
TA.Y22A.z -106.965 33.937 0.268611489583 0.26795475
TA.O24A.z -105.073 40.1227 0.268927957627 0.268624847458
TA.D09A.z -118.309 47.0615 0.262379901515 0.261554954545
TA.Q47A.z -86.4261 38.9362 0.260888862069 0.260336275862
TA.734A.z -98.5576 28.8473 0.260195659091 0.259861121212
TA.W14A.z -113.083 35.2127 0.272242110169 0.273018711864
TA.O28A.z -101.773 40.1262 0.262039984733 0.261286854962
TA.CBKS.z -99.7374 38.814 0.260695175824 0.260409659341
TA.Y18A.z -110.034 33.7776 0.272209164948 0.272031804124
TA.C06A.z -120.894 47.923 0.266579457944 0.266326663551
TA.Y37A.z -95.621 33.9789 0.260564858268 0.259860110236
TA.X15A.z -112.237 34.4866 0.270156160305 0.27001429771
TA.P39A.z -92.7549 39.4877 0.259809869565 0.260444695652
TA.555A.z -82.9666 30.1212 0.25682004902 0.256185176471
TA.K12A.z -114.903 42.636 0.274613425 0.274485691667
TA.N44A.z -88.1333 40.7953 0.258260867769 0.258541826446
TA.957A.z -82.2357 27.6702 0.257187306122 0.257025734694
TA.U41A.z -91.9203 36.344 0.258957451613 0.258789830645
TA.J24A.z -104.661 43.3305 0.267204338462 0.266854176923
TA.R16A.z -111.483 38.2843 0.271679178947 0.271510694737
TA.P09A.z -117.14 39.5516 0.270099969388 0.269778040816
TA.Z36A.z -96.4344 33.2702 0.260801019048 0.259823866667
TA.I62A.z -71.3359 43.8743 0.257816598291 0.257394683761
TA.123A.z -106.262 32.6349 0.271887815534 0.271293941748
TA.BINY.z -75.9861 42.1993 0.259740259542 0.26061619084
TA.Z40A.z -93.3995 33.2584 0.261305761062 0.260646017699
TA.SSPA.z -77.8876 40.6358 0.261442056 0.260869944
TA.C17A.z -110.763 47.6327 0.262287283582 0.261718432836
TA.435B.z -97.585 30.7827 0.260304669231 0.260254107692
TA.F43A.z -87.1694 45.8313 0.25777820339 0.257249949153
TA.D20A.z -108.136 47.0911 0.266694774194 0.266311548387
TA.MDND.z -99.6029 47.8481 0.262151137405 0.262047961832
TA.T21A.z -107.534 36.9914 0.269912946667 0.269484706667
TA.SDCO.z -105.501 37.7456 0.265536807692 0.264958846154
TA.O19A.z -109.124 40.2982 0.269919365672 0.269547283582
TA.F63A.z -69.1029 45.703 0.256973640351 0.25654927193
TA.J43A.z -88.4185 43.3808 0.257196890756 0.256636084034
TA.H07A.z -119.565 44.5913 0.271165752294 0.270662926606
TA.K29A.z -100.318 42.7612 0.265547023437 0.265720078125
TA.RLMT.z -109.267 45.1221 0.26620695122 0.266736804878
TA.F51A.z -79.915 45.9284 0.258979808081 0.258848858586
TA.332A.z -99.7423 31.3829 0.257738615385 0.257637138462
TA.M21A.z -107.364 41.6067 0.270070445378 0.269681848739
TA.N60A.z -75.1 40.8704 0.257243828358 0.256656671642
TA.U29A.z -101.27 36.4519 0.26429040678 0.263128474576
TA.S04C.z -121.328 37.5049 0.264717225806 0.264157322581
TA.242A.z -92.1521 32.0617 0.259009405797 0.258705217391
TA.V36A.z -95.9425 35.7863 0.257307455285 0.256687739837
TA.223A.z -106.428 32.0062 0.270381513514 0.270151171171
TA.N46A.z -86.7352 40.8949 0.258673280992 0.258203
TA.H20A.z -107.999 44.4868 0.264747020408 0.263345285714
TA.U30A.z -100.651 36.5304 0.263695915966 0.263240798319
TA.G54A.z -78.0898 45.3979 0.256903219048 0.256499104762
TA.M14A.z -113.347 41.503 0.270543065041 0.270124292683
TA.Q42A.z -90.5331 38.912 0.261626158621 0.261239613793
TA.L21A.z -107.369 41.9641 0.269108336449 0.269632682243
TA.V35A.z -96.8378 35.7626 0.258887312057 0.258395914894
TA.F36A.z -93.5241 45.8618 0.259978764286 0.259430742857
TA.D63A.z -68.1066 47.037 0.25820289916 0.25791692437
TA.L17A.z -110.873 42.0995 0.267010611111 0.267473877778
TA.E32A.z -97.0701 46.5927 0.254371818182 0.254130076923
TA.060A.z -80.3618 27.0361 0.260125 0.259973902439
TA.F40A.z -90.1217 45.919 0.257307333333 0.256856436508
TA.C33A.z -95.7725 47.7586 0.253892271429 0.25302765
TA.G46A.z -84.8621 45.3176 0.256360685484 0.255831330645
TA.V22A.z -106.909 35.9138 0.271031567308 0.270408259615
TA.454A.z -83.6302 30.7145 0.258679976 0.258011112
TA.K30A.z -99.6131 42.6742 0.264683542857 0.264679342857
TA.K10A.z -116.87 42.7779 0.273758974138 0.273467637931
TA.440A.z -93.9587 30.7456 0.259237293578 0.258657440367
TA.I63A.z -70.5809 44.0505 0.25678520354 0.256597026549
TA.MONP2.z -116.422 32.892 0.2645412 0.26421458
TA.KSU1.z -96.6094 39.1009 0.261306263889 0.26104375
TA.L31A.z -98.8387 42.176 0.262674684211 0.262422171053
TA.449A.z -87.2151 30.7596 0.257914148515 0.258094237624
TA.X44A.z -90.1462 34.4998 0.257960759398 0.257218902256
TA.V52A.z -83.5959 35.8417 0.259037427419 0.258664709677
TA.W58A.z -79.2333 35.0208 0.255515121951 0.255060308943
TA.N15A.z -112.52 40.8903 0.270780369863 0.27092210274
TA.C28A.z -100.387 47.7157 0.261351478873 0.260727704225
TA.TZTN.z -83.549 36.5439 0.260113786765 0.260015948529
TA.H29A.z -100.213 44.6261 0.26333775969 0.263101248062
TA.H43A.z -87.7704 44.4697 0.258523818182 0.258216644628
TA.443A.z -91.7809 30.7642 0.264935649573 0.264685034188
TA.A17A.z -110.699 48.9448 0.262490783333 0.2623309
TA.E53A.z -77.6638 46.3784 0.256152022222 0.256202266667
TA.451A.z -85.7467 30.616 0.25997775 0.259456461538
TA.B25A.z -103.161 48.2716 0.261498102041 0.261140653061
TA.W36A.z -96.2264 35.1393 0.262093386364 0.261606325758
TA.H53A.z -78.5832 44.5736 0.257730867347 0.257233755102
TA.122A.z -107.001 32.6995 0.268447243902 0.268669203252
TA.H58A.z -74.1798 44.4176 0.258106304 0.257638312
TA.C04A.z -122.972 47.7172 0.268315987013 0.26871338961
TA.N36A.z -94.9604 40.8156 0.260649148148 0.259946622222
TA.P23A.z -105.839 39.3741 0.270357666667 0.270273648148
TA.V57A.z -79.7758 35.8875 0.25617103937 0.25541088189
TA.L08A.z -118.344 42.1901 0.274359913043 0.27455851087
TA.ARV.z -118.83 35.1269 0.26808355102 0.268113367347
TA.N19A.z -109.177 40.8936 0.271336582524 0.271760951456
TA.L50A.z -82.8095 42.043 0.262065338462 0.261398476923
TA.236A.z -96.531 31.9997 0.257037959677 0.257058709677
TA.U13A.z -113.965 36.4151 0.271928221311 0.272078090164
TA.J49A.z -83.1389 43.36 0.257461970149 0.257064089552
TA.B04A.z -123.504 48.0575 0.269291940476 0.26928847619
TA.538A.z -95.49 30.2219 0.265715529915 0.265560905983
TA.B11A.z -116.367 48.4366 0.264659651376 0.264268321101
TA.Y29A.z -101.671 33.8602 0.264022039216 0.263940617647
TA.K25A.z -103.87 42.612 0.267782243902 0.266820333333
TA.F33A.z -96.2929 45.8398 0.258925251799 0.258995244604
TA.HAST.z -121.551 36.3887 0.260142936508 0.260145857143
TA.253A.z -84.1294 32.0612 0.258515517986 0.257772352518
TA.234A.z -98.1368 32.004 0.260627635714 0.259411828571
TA.N29A.z -100.626 40.8189 0.262805352 0.26247212
TA.O58A.z -76.9228 40.1231 0.259930430769 0.259556715385
TA.M65A.z -70.6466 41.562 0.258287767241 0.257437810345
TA.F24A.z -104.445 45.8452 0.263117161017 0.262680872881
TA.X47A.z -87.8571 34.5178 0.259480920354 0.259512035398
TA.Y13A.z -113.829 33.8142 0.264631520661 0.264463206612
TA.V13A.z -113.984 35.8522 0.272489303279 0.272210622951
TA.S40A.z -92.5014 37.5988 0.260119643357 0.259608237762
TA.G36A.z -93.7509 45.2344 0.262398304688 0.261531992188
TA.Q21A.z -107.574 38.8347 0.27330444186 0.272975813953
TA.GSC.z -116.806 35.3018 0.266448880952 0.265778166667
TA.P22A.z -106.759 39.5952 0.270698656566 0.270607464646
TA.X31A.z -99.9793 34.6309 0.264096966942 0.26401314876
TA.554A.z -83.6836 30.0841 0.258908712871 0.258223782178
TA.224A.z -105.523 32.076 0.271525427273 0.271408727273
TA.L02A.z -123.602 42.156 0.270555776316 0.270752078947
TA.B26A.z -102.234 48.3762 0.263173087838 0.261718472973
TA.N09A.z -117.524 40.852 0.270440316327 0.270034469388
TA.E31A.z -97.8879 46.5583 0.254787454545 0.254272734266
TA.Y36A.z -96.2848 33.8996 0.259520533333 0.2586228
TA.J19A.z -109.053 43.2649 0.26658642069 0.266215406897
TA.141A.z -92.9049 32.6046 0.259833659259 0.25957
TA.R52A.z -82.6443 38.3366 0.262074208633 0.261677316547
TA.T18A.z -109.874 37.1364 0.269723479675 0.26966996748
TA.D60A.z -70.9237 46.9139 0.259646857143 0.258970336134
TA.F59A.z -72.7833 45.8513 0.255403589147 0.254476744186
TA.L28A.z -101.52 42.0073 0.266480455285 0.26574304065
TA.Y16A.z -111.478 33.8798 0.268492007463 0.268150395522
TA.A12A.z -115.653 48.9339 0.266432143646 0.267348033149
TA.A07A.z -120.384 49.048 0.267318964602 0.267388911504
TA.L16A.z -111.432 42.0149 0.267795992593 0.267688962963
TA.L56A.z -77.5591 42.1365 0.259335914062 0.258807953125
TA.U34A.z -97.5354 36.4365 0.261454283465 0.260900535433
TA.P14A.z -113.069 39.5906 0.274249478261 0.273197391304
TA.I33A.z -96.7989 44.0475 0.258308205674 0.257570460993
TA.D15A.z -112.52 47.0418 0.266182150538 0.265909392473
TA.X13A.z -113.83 34.5935 0.265194266667 0.264502681481
TA.A05A.z -122.085 48.9983 0.267365356436 0.267613752475
TA.P41A.z -91.0619 39.675 0.260170051852 0.259642059259
TA.R48A.z -85.8714 38.4001 0.259564198113 0.259103396226
TA.S53A.z -82.1264 37.6815 0.26046509589 0.260331623288
TA.K06A.z -120.251 42.7991 0.272785193548 0.272646387097
TA.L47A.z -85.2021 41.9756 0.258725612613 0.257945810811
TA.O56A.z -78.5663 40.2683 0.259277689922 0.259228620155
TA.I41A.z -89.8697 44.0592 0.257107294118 0.256961558824
TA.N07B.z -118.971 40.7797 0.272378021739 0.272040565217
TA.T16A.z -111.506 36.9839 0.270732062992 0.270599125984
TA.136A.z -96.5297 32.4746 0.259292042017 0.259268621849
TA.R32A.z -98.7111 38.4225 0.261527852941 0.261048029412
TA.JFWS.z -90.2481 42.9142 0.258716883929 0.258224678571
TA.RSSD.z -104.036 44.1212 0.2620630375 0.2614865
TA.E34A.z -95.1691 46.5136 0.258358081633 0.257859931973
TA.C03A.z -124.566 47.9475 0.265908941176 0.265697282353
TA.M03C.z -122.122 41.2742 0.269690142857 0.268657795918
TA.O21A.z -107.47 40.2149 0.271307818182 0.270677393939
TA.R56A.z -79.4031 38.4071 0.259672753968 0.259534095238
TA.W52A.z -83.9277 35.0935 0.259418146154 0.259079130769
TA.445A.z -90.338 30.7303 0.263626598361 0.264197745902
TA.A25A.z -103.113 48.9388 0.262611315436 0.261857456376
TA.H36A.z -93.9281 44.5775 0.263459281879 0.263392791946
TA.N56A.z -78.2953 40.9171 0.261303607692 0.260701753846
TA.G16A.z -111.805 45.2285 0.268427442478 0.267913141593
TA.X41A.z -92.5137 34.4949 0.259766431818 0.259266333333
TA.V62A.z -75.957 35.5612 0.25784284 0.257865016
TA.G23A.z -105.391 45.2012 0.262091464912 0.261346640351
TA.631A.z -100.576 29.4123 0.264351069231 0.263673015385
TA.Z42A.z -91.9474 33.2739 0.261197780488 0.260694829268
TA.P17A.z -110.74 39.473 0.273481991228 0.273572052632
TA.A32A.z -96.4935 48.9172 0.25560097479 0.25471510084
TA.B20A.z -108.021 48.4389 0.263906515625 0.263516375
TA.D26A.z -102.436 47.0301 0.263581138686 0.263152350365
TA.P05C.z -120.608 39.3028 0.267593338462 0.2674464
TA.P51A.z -83.0601 39.4818 0.260358484043 0.259697111702
TA.A10A.z -117.559 48.9813 0.266817028037 0.26642846729
TA.I15A.z -112.485 43.9997 0.271677754098 0.271127098361
TA.T51A.z -83.9454 36.9655 0.260409099291 0.259683049645
TA.O26A.z -103.313 40.2422 0.264803504065 0.264626796748
TA.K40A.z -91.1383 42.6999 0.256734565789 0.256638230263
TA.P11A.z -115.754 39.553 0.26761517037 0.267715281481
TA.214A.z -112.812 31.9559 0.264623492754 0.264506275362
TA.B12A.z -115.589 48.4694 0.26514692973 0.265164897297
TA.I53A.z -79.5912 43.8238 0.258357445652 0.257970630435
TA.X43A.z -90.8812 34.518 0.258525714286 0.25775502381
TA.124A.z -105.454 32.7001 0.271759390909 0.272188590909
TA.T54A.z -81.5762 37.0608 0.259944680272 0.259256795918
TA.732A.z -99.9707 28.7292 0.258036383929 0.257344991071
TA.T22A.z -106.903 37.0138 0.2691949625 0.26876065
TA.Q37A.z -94.4522 38.8763 0.261116610169 0.260405644068
TA.F19A.z -108.944 45.8538 0.261723746154 0.261228669231
TA.C26A.z -102.096 47.8259 0.263807075188 0.262972353383
TA.J15A.z -112.433 43.3998 0.272973128205 0.273150307692
TA.I23A.z -105.463 43.9605 0.267108272 0.266806688
TA.Q48A.z -85.7311 38.9295 0.261102564286 0.260863864286
TA.Z43A.z -91.2441 33.21 0.261404730435 0.260176217391
TA.Y41A.z -92.6113 33.8807 0.260284143939 0.259743121212
TA.N23A.z -105.944 40.8947 0.270226081081 0.269554612613
TA.133A.z -98.9162 32.6083 0.26126029927 0.260822547445
TA.I38A.z -92.3306 44.0405 0.258953478873 0.258571429577
TA.W19A.z -109.388 35.1118 0.264822786325 0.265047162393
TA.J05A.z -121.236 43.2843 0.2753560625 0.27576421875
TA.V05C.z -119.903 35.8667 0.263117226667 0.263121
TA.S17A.z -110.802 37.6354 0.270188962963 0.269740638889
TA.J42A.z -89.1234 43.3179 0.254607445455 0.253629963636
TA.Z29A.z -101.706 33.2595 0.264095888889 0.264128518519
TA.M08A.z -118.379 41.4483 0.273000815534 0.272583417476
TA.KMSC.z -81.3333 35.142 0.2582506375 0.25799225
TA.O60A.z -75.405 40.3177 0.258674363636 0.258439752066
TA.K11A.z -116.032 42.7713 0.272370513761 0.272365788991
TA.Y50A.z -85.7347 33.8911 0.259532882353 0.259863352941
TA.Z13A.z -113.657 33.1999 0.263035145833 0.2632089375
TA.228A.z -102.592 32.118 0.261590048 0.261098512
TA.060Z.z -80.556 26.4062 0.260405776786 0.259851080357
TA.134A.z -98.0795 32.5729 0.261540977273 0.261113431818
TA.N63A.z -72.5206 40.9878 0.257140773109 0.256715445378
TA.448A.z -87.8608 30.9309 0.260957161972 0.260568408451
TA.P13A.z -114.016 39.455 0.270663902439 0.270117926829
TA.S49A.z -85.2875 37.7849 0.262555795775 0.261854640845
TA.B17A.z -110.799 48.2921 0.261483298387 0.260932370968
TA.058A.z -81.8049 27.0569 0.257756618644 0.257302305085
TA.T39A.z -93.3774 37.0241 0.260592132867 0.260952832168
TA.N40A.z -91.5837 40.8841 0.256386470149 0.255846552239
TA.T52A.z -82.9852 37.1076 0.260453929078 0.259732815603
TA.R57A.z -78.5232 38.297 0.256653055556 0.257286412698
TA.N53A.z -80.8377 40.8065 0.260332435374 0.259757006803
TA.P25A.z -104.168 39.5125 0.26773437931 0.267035318966
TA.I29A.z -100.303 44.0215 0.26208 0.261886484127
TA.F42A.z -88.1347 45.7587 0.256454466667 0.255912822222
TA.K52A.z -80.7139 42.7805 0.258876132813 0.258633179687
TA.Q22A.z -106.91 38.8627 0.270396045872 0.270144899083
TA.HDIL.z -89.294 40.5559 0.258861097015 0.25830819403
TA.526A.z -104.09 30.0609 0.266463661157 0.266411157025
TA.857A.z -82.2291 28.267 0.256320566667 0.2563337
TA.V45A.z -88.9591 35.7403 0.258792955224 0.25863908209
TA.U37A.z -95.1161 36.406 0.25804821875 0.258144203125
TA.E41A.z -88.9636 46.4643 0.256533941667 0.256113891667
TA.C34A.z -94.9106 47.6501 0.256330021583 0.255076431655
