TA.324A.z -105.483 31.4425 0.245702401869 0.243474682243
TA.118A.z -109.97 32.6399 0.250716897959 0.250343918367
TA.O10A.z -116.5 40.2917 0.252277276786 0.252517196429
TA.Z17A.z -110.472 33.2969 0.252257837209 0.252837313953
TA.TIGA.z -83.5898 31.4389 0.246928989899 0.243962777778
TA.Y22C.z -106.921 34.0741 0.26679 0.256758
TA.M11A.z -115.791 41.4311 0.249999726496 0.249752444444
TA.H14A.z -113.367 44.6165 0.247806828571 0.248148038095
TA.F48A.z -82.6185 45.8278 0.240460238095 0.241589695238
TA.L05A.z -120.834 42.0472 0.250049794118 0.24989375
TA.Q50A.z -83.979 38.8436 0.243486 0.242600606061
TA.U15A.z -112.291 36.428 0.250615061224 0.249523316327
TA.B28A.z -100.362 48.4492 0.24365012381 0.244007066667
TA.B05A.z -122.096 48.2641 0.245502564706 0.243770870588
TA.M47A.z -85.6214 41.3594 0.244185804348 0.243510880435
TA.R50A.z -84.3274 38.2816 0.244492981132 0.244705707547
TA.W18A.z -109.736 35.1181 0.250964453608 0.250161907216
TA.M04C.z -121.839 41.7826 0.25095234 0.2505253
TA.635A.z -97.7736 29.3877 0.247350742857 0.246056733333
TA.A15A.z -112.733 48.9777 0.241805930693 0.24125790099
TA.EYMN.z -91.4953 47.9462 0.243027625 0.241800760417
TA.Q26A.z -103.52 38.9234 0.245115865385 0.24476425
TA.K04A.z -121.731 42.6133 0.254324508772 0.251541
TA.J28A.z -101.236 43.4239 0.246334858586 0.24549730303
TA.E04A.z -122.72 46.5934 0.246651310811 0.245341216216
TA.F07A.z -119.928 45.8951 0.248300256637 0.250178221239
TA.S48A.z -86.0569 37.6574 0.243981924051 0.242660911392
TA.D57A.z -73.8878 47.0172 0.243819565217 0.242792985507
TA.D62A.z -69.0501 47.0819 0.245818939759 0.246153289157
TA.X50B.z -85.6499 34.4611 0.24561295 0.244155716667
TA.R10A.z -116.302 38.2886 0.251513084034 0.251563512605
TA.F62A.z -69.9664 45.8968 0.246520117647 0.245755088235
TA.LAVA.z -120.74 38.7552 0.252895725806 0.252569580645
TA.U04C.z -120.783 36.3627 0.249084322581 0.247270822581
TA.N39A.z -92.5023 40.8776 0.245558055556 0.244336962963
TA.O15A.z -112.469 40.2807 0.250893 0.250840116071
TA.K07A.z -119.247 42.6912 0.249627978261 0.250239358696
TA.P52A.z -82.1325 39.6337 0.24463664 0.24522988
TA.R38A.z -93.9056 38.1868 0.241825474359 0.240352948718
TA.R53A.z -81.9522 38.3307 0.24405406422 0.245279761468
TA.Z31A.z -100.144 33.3183 0.244681967742 0.244761709677
TA.K42A.z -89.3457 42.7792 0.243368518519 0.242479604938
TA.H33A.z -96.7434 44.6812 0.243247090909 0.242591681818
TA.241A.z -92.9188 32.0227 0.247251046296 0.247701148148
TA.N55A.z -78.9862 40.7808 0.245669666667 0.245351564103
TA.B06A.z -121.484 48.5183 0.248058042105 0.245755336842
TA.Q25A.z -104.247 38.9145 0.245454883495 0.245389466019
TA.J36A.z -94.3395 43.3292 0.24150788764 0.238987348315
TA.D22A.z -106.18 47.1498 0.247790232323 0.247589333333
TA.L35A.z -95.5448 42.1123 0.24655138 0.24348245
TA.I37A.z -93.4003 44.0148 0.243873699029 0.242665194175
TA.K46A.z -85.7834 42.6864 0.241826264368 0.24038837931
TA.933A.z -99.2746 27.6133 0.247786459184 0.246260255102
TA.D17A.z -110.687 47.1523 0.24706402 0.24596243
TA.Y49A.z -86.4119 33.8577 0.244135634409 0.243494645161
TA.M13A.z -114.165 41.3602 0.25048284375 0.252890427083
TA.R36A.z -95.504 38.3237 0.248255811765 0.245478329412
TA.IRM.z -115.145 34.1574 0.2528841875 0.2486025
TA.JCT.z -99.8022 30.4794 0.247108197917 0.246237135417
TA.V27A.z -102.836 35.7569 0.247137011628 0.245477976744
TA.J20A.z -108.084 43.3531 0.247336025641 0.246737119658
TA.SNCC.z -119.524 33.2479 0.243937428571 0.239818285714
TA.Q11A.z -115.654 38.8455 0.251092059322 0.250855991525
TA.H57A.z -75.3905 44.4624 0.244656594595 0.244964081081
TA.233A.z -98.8998 32.0179 0.244057824742 0.242529247423
TA.Y42A.z -91.7871 33.8364 0.245765423529 0.247315482353
TA.O54A.z -80.3778 40.1821 0.245782075 0.2453664875
TA.226A.z -104.101 32.0618 0.245595673469 0.246311877551
TA.330A.z -101.175 31.4063 0.245007385321 0.242266440367
TA.W34A.z -97.7733 35.2352 0.245004688889 0.243884011111
TA.121A.z -107.785 32.5324 0.250821729508 0.25044197541
TA.733A.z -99.2939 28.7192 0.246980382979 0.246330712766
TA.K09A.z -117.725 42.6996 0.250271541667 0.251961333333
TA.V21A.z -107.638 35.8054 0.250687097087 0.250705504854
TA.TUL1.z -95.7919 35.9104 0.245061916667 0.2466394375
TA.M59A.z -75.4321 41.5413 0.243514083333 0.243980880952
TA.P16A.z -111.66 39.6092 0.248572394737 0.251799719298
TA.116A.z -111.704 32.5618 0.249673336842 0.252037947368
TA.G26A.z -102.599 45.2937 0.243881862745 0.243507382353
TA.545A.z -90.4894 30.0441 0.249023567568 0.248640310811
TA.I61A.z -72.2087 43.9323 0.247235696203 0.246698202532
TA.V54A.z -81.9478 35.7771 0.244665300885 0.243160035398
TA.F08A.z -118.777 45.7971 0.247526803922 0.246408539216
TA.K35A.z -95.2328 42.7218 0.242272897727 0.240680227273
TA.R31A.z -99.5271 38.2888 0.246790571429 0.246406582418
TA.W15A.z -112.267 35.1787 0.252052990654 0.252781373832
TA.428A.z -102.685 30.7263 0.247855980198 0.246618762376
TA.M54A.z -79.6647 41.5079 0.244993088889 0.242099777778
TA.BLA.z -80.4205 37.2113 0.246398096774 0.243113032258
TA.D05A.z -121.989 47.1881 0.249385125 0.248280875
TA.154A.z -83.1066 32.6131 0.243645146341 0.243335231707
TA.N25A.z -104.087 40.8132 0.246576436893 0.245969165049
TA.I28A.z -101.169 43.9996 0.24432243617 0.241989095745
TA.R18A.z -109.894 38.3862 0.24611627 0.24520846
TA.D14A.z -113.506 47.0816 0.246749245161 0.2449002
TA.E36A.z -93.2557 46.5177 0.240402275 0.238913675
TA.I59A.z -73.8744 43.7957 0.245435189873 0.245192443038
TA.345A.z -90.0309 31.308 0.248420666667 0.247608354839
TA.E47A.z -83.2777 46.4547 0.24042042 0.24195293
TA.G15A.z -112.489 45.166 0.248346258278 0.248946496689
TA.542A.z -92.5513 30.1247 0.250247105263 0.248712621053
TA.127A.z -103.357 32.6764 0.245327711538 0.243624788462
TA.F44A.z -86.4226 45.9737 0.240519688312 0.24004974026
TA.C31A.z -97.7336 47.7927 0.244328480519 0.243588688312
TA.Y40A.z -93.2798 34.0124 0.244996714286 0.245857612245
TA.IBP.z -116.093 32.6612 0.2516682 0.2485541
TA.X20A.z -108.498 34.5421 0.250972632075 0.250242981132
TA.M43A.z -88.9581 41.4365 0.242642975 0.242159925
TA.G32A.z -97.4994 45.2555 0.242938381443 0.242193103093
TA.E55A.z -76.0572 46.4538 0.243405888889 0.24277108642
TA.OXF.z -89.4092 34.5118 0.243198892857 0.242509321429
TA.456A.z -82.0223 30.7248 0.243477653061 0.243151122449
TA.V53A.z -82.8124 35.6694 0.246865193548 0.245388107527
TA.U49A.z -85.7796 36.5129 0.2445962 0.24495152
TA.H59A.z -73.6905 44.6455 0.244847531915 0.243761276596
TA.Y17A.z -110.844 33.6953 0.252544322581 0.248846698925
TA.D24A.z -104.327 47.1152 0.242261288889 0.242713155556
TA.MUR.z -117.195 33.6 0.247426214286 0.249587952381
TA.P33A.z -97.6946 39.4363 0.24627972449 0.245961377551
TA.N48A.z -85.0271 40.8591 0.243359142857 0.242339918367
TA.LBNH.z -71.9259 44.2401 0.243236358025 0.242571012346
TA.K37A.z -93.6388 42.7669 0.242218395833 0.240690333333
TA.G08A.z -118.96 45.2904 0.248500146789 0.248174779817
TA.M19A.z -109.157 41.5047 0.247986670213 0.24470187234
TA.F20A.z -108.149 45.8006 0.246093613208 0.245746792453
TA.D37A.z -92.4262 47.1581 0.240724761905 0.24115877381
TA.I58A.z -74.9733 43.6901 0.243113162791 0.245095093023
TA.ACSO.z -82.982 40.2319 0.244520177419 0.245663975806
TA.W24A.z -105.408 35.2106 0.24885406422 0.248667119266
TA.X46A.z -88.5844 34.5564 0.239546816901 0.239193915493
TA.F58A.z -73.8145 45.8663 0.245315380435 0.2444125
TA.CCM.z -91.2446 38.0557 0.241046285714 0.237541816327
TA.758A.z -81.1996 28.9621 0.247766042857 0.247190057143
TA.P50A.z -83.7988 39.6086 0.242655294118 0.243112676471
TA.U16A.z -111.13 36.1428 0.247721290598 0.248889504274
TA.I12A.z -115.133 43.7945 0.248326462963 0.247039342593
TA.SBC.z -119.715 34.4408 0.251494585366 0.249648195122
TA.A11A.z -116.363 48.958 0.247531097826 0.251205413043
TA.C25A.z -103.256 47.7124 0.24152825 0.241785011905
TA.Y30A.z -100.898 33.8766 0.245312163265 0.244804234694
TA.G33A.z -96.4383 45.1946 0.244205385417 0.242974583333
TA.P42A.z -90.3443 39.5853 0.240789765432 0.240974333333
TA.D61A.z -70.1868 47.2022 0.246425772727 0.246105897727
TA.M60A.z -74.625 41.3265 0.246111303797 0.244995987342
TA.D41A.z -88.5657 47.0605 0.24319544186 0.242204697674
TA.M07A.z -119.171 41.3884 0.250898040816 0.251544683673
TA.A27A.z -101.241 48.9533 0.24544862766 0.243947691489
TA.M10A.z -116.54 41.522 0.251719025862 0.253727068966
TA.AMTX.z -101.681 34.8837 0.245483021739 0.244898630435
TA.J14A.z -113.518 43.3234 0.249369366071 0.251607178571
TA.R25A.z -104.283 38.1474 0.249018704762 0.247574285714
TA.I04A.z -122.411 43.7941 0.248507466667 0.247208333333
TA.B27A.z -101.26 48.4044 0.244189768293 0.242025865854
TA.A22A.z -105.915 48.9926 0.246082645161 0.245902064516
TA.K20A.z -108.342 42.6579 0.246419845455 0.243860618182
TA.U43A.z -90.4057 36.3693 0.24369542029 0.244421202899
TA.SCI2.z -118.547 32.9799 0.248512512821 0.249659615385
TA.G60A.z -72.3337 45.0977 0.245898177778 0.245931344444
TA.D33A.z -95.8448 47.1404 0.245348064935 0.241913337662
TA.I25A.z -103.732 44.0196 0.243118823529 0.243977852941
TA.859A.z -80.8984 28.0592 0.246101811765 0.242611411765
TA.V44A.z -89.8954 35.8282 0.244709551282 0.242888692308
TA.X23A.z -106.188 34.581 0.249540563107 0.249612368932
TA.120A.z -108.633 32.5466 0.250541376068 0.250751940171
TA.J58A.z -75.2852 43.3603 0.243127896552 0.243616390805
TA.O31A.z -99.3261 40.1521 0.245812135135 0.24321945045
TA.J54A.z -78.6392 43.2728 0.242406323944 0.242146239437
TA.DWPF.z -81.4327 28.1103 0.248123456522 0.246102076087
TA.142A.z -91.9457 32.5488 0.248432480769 0.248215057692
TA.S45A.z -88.5804 37.6774 0.244108514019 0.242876934579
TA.Y25A.z -104.693 33.9229 0.2483578125 0.248886614583
TA.ABTX.z -99.6431 32.6238 0.244331131783 0.243283395349
TA.T15A.z -112.382 37.0183 0.249867262712 0.249399338983
TA.T48A.z -86.3943 37.1094 0.246360676056 0.243725028169
TA.F23A.z -105.406 45.7212 0.243494526882 0.242450376344
TA.P10A.z -116.464 39.6202 0.248095612613 0.248358936937
TA.E58A.z -73.2771 46.3721 0.24352722973 0.241383459459
TA.151A.z -85.3267 32.5269 0.245925253521 0.243047732394
TA.J23A.z -105.552 43.4036 0.244717198113 0.244138745283
TA.T60A.z -76.7349 37.1397 0.243513177778 0.243371022222
TA.D58A.z -72.8826 47.0954 0.242516010638 0.242274989362
TA.R27A.z -102.798 38.2859 0.246073794393 0.24589135514
TA.ERPA.z -79.9891 42.1175 0.243986888889 0.242795979798
TA.C16A.z -111.746 47.8012 0.247525657658 0.245870873874
TA.BGNE.z -98.1502 41.4083 0.244517977099 0.244305076336
TA.GLA.z -114.827 33.0515 0.252816594595 0.252603
TA.O32A.z -98.2764 40.261 0.243841345455 0.241228927273
TA.Z37A.z -95.6229 33.1981 0.249481092308 0.248397615385
TA.D25A.z -103.32 47.1508 0.242715364706 0.2420642
TA.L30A.z -99.7196 41.9492 0.244095333333 0.243522641975
TA.G10A.z -117.12 45.2925 0.24432121875 0.243467770833
TA.J33A.z -96.9667 43.3185 0.243856455556 0.242407355556
TA.W39A.z -93.784 35.196 0.244254901786 0.2443213125
TA.H56A.z -76.2594 44.593 0.24567361039 0.245969506494
TA.Y23A.z -106.055 33.9315 0.249467694737 0.248032810526
TA.V43A.z -90.5443 35.7857 0.246393518987 0.245089696203
TA.638A.z -95.4481 29.4193 0.249713068182 0.249226568182
TA.DVT.z -116.101 32.6591 0.235554 0.234569
TA.V56A.z -80.4963 35.8097 0.244614172131 0.243934040984
TA.N52A.z -81.6876 40.8125 0.24410743 0.24227053
TA.S61A.z -75.6727 37.6804 0.242410795181 0.241352481928
TA.D50A.z -79.8412 47.1668 0.241001606061 0.244141924242
TA.LAO.z -106.223 46.6885 0.249003035714 0.247824035714
TA.450A.z -86.5863 30.8038 0.24669692 0.246732986667
TA.F55A.z -76.351 45.8338 0.244955922078 0.243982948052
TA.N41A.z -90.8552 40.7077 0.242161714286 0.241587175824
TA.G11A.z -116.268 45.3997 0.246790777778 0.24508812963
TA.M53A.z -80.675 41.4393 0.243654631579 0.242817768421
TA.252A.z -84.7357 31.9962 0.244701666667 0.2433387
TA.I20A.z -108.128 43.9496 0.244459443478 0.243669982609
TA.X35A.z -96.9731 34.3995 0.246958340426 0.245350276596
TA.833A.z -99.3939 28.3236 0.245755078431 0.246048078431
TA.I49A.z -82.8246 43.94 0.242522834951 0.242322281553
TA.P36A.z -95.206 39.6204 0.243684617978 0.243963337079
TA.T14A.z -113.084 37.0615 0.250010954545 0.251463718182
TA.129A.z -101.866 32.6309 0.246940968085 0.245107297872
TA.O55A.z -79.3041 40.2076 0.244459409091 0.247005621212
TA.LRL.z -117.682 35.4795 0.246418057143 0.245537714286
TA.334A.z -98.2379 31.3325 0.244607586538 0.242415980769
TA.W21A.z -107.648 35.117 0.251660838384 0.250626515152
TA.Z50A.z -85.9226 33.254 0.246117880597 0.244749044776
TA.Z21A.z -107.671 33.3086 0.249209988095 0.24866872619
TA.V23A.z -106.183 35.7452 0.248337158416 0.248350851485
TA.D29A.z -99.5957 47.0605 0.244391360465 0.241867639535
TA.W38A.z -94.5184 35.0704 0.245284418367 0.243908132653
TA.F13A.z -114.332 45.7893 0.248542816901 0.247315295775
TA.Y47A.z -87.8494 33.9025 0.246680731183 0.246375462366
TA.V40A.z -92.8232 35.8044 0.244285098901 0.243754879121
TA.Q40A.z -92.0748 38.9946 0.247366612245 0.24538494898
TA.E05A.z -121.761 46.5605 0.251488529412 0.251139558824
TA.M50A.z -83.0428 41.4035 0.2419185 0.24217657
TA.W16A.z -111.532 35.0951 0.251598586957 0.251679967391
TA.F14A.z -113.37 45.8122 0.248013644295 0.247891765101
TA.D28A.z -100.569 47.1929 0.24272179798 0.240660969697
TA.Y27A.z -103.163 33.8839 0.247789892157 0.246158470588
TA.J27A.z -102.007 43.2526 0.243245736842 0.244048136842
TA.556A.z -82.4057 30.0015 0.246352144928 0.245470188406
TA.J37A.z -93.5527 43.3103 0.24301167 0.24160171
TA.231A.z -100.316 31.9353 0.245465061224 0.243120989796
TA.145A.z -89.9287 32.6035 0.246374628571 0.245004933333
TA.627A.z -103.389 29.4528 0.246712113402 0.246198340206
TA.C11A.z -116.256 47.8397 0.243956136842 0.243580326316
TA.W33A.z -98.4686 35.1518 0.246492788462 0.244499240385
TA.E60A.z -71.4469 46.3689 0.244522576471 0.243105858824
TA.G17A.z -110.74 45.3212 0.251229147059 0.249637235294
TA.439A.z -94.766 30.7937 0.245831075 0.2468727625
TA.K24A.z -104.815 42.7225 0.245698942308 0.245983807692
TA.CIA.z -118.415 33.4019 0.24811425 0.2487029
TA.Y45A.z -89.5431 33.8656 0.245886034091 0.244424193182
TA.H16A.z -111.248 44.7038 0.248725419643 0.249198571429
TA.C24A.z -104.425 47.5302 0.243934301075 0.245143892473
TA.Y39A.z -94.0936 33.938 0.247410311111 0.2467811
TA.S41A.z -91.7458 37.5877 0.241570690476 0.241014261905
TA.F52A.z -79.3227 45.7951 0.242637727273 0.241759030303
TA.MNTX.z -105.382 31.6985 0.2453938 0.2481
TA.Q39A.z -92.9759 39.0455 0.244096103093 0.243185371134
TA.GMR.z -115.66 34.7846 0.2555214 0.253326657143
TA.F06A.z -120.782 45.7664 0.253150057471 0.254679333333
TA.V48A.z -86.8219 35.74 0.242879861702 0.242622085106
TA.K23A.z -105.625 42.7546 0.246512747573 0.246556669903
TA.E20A.z -108.13 46.5038 0.245176652632 0.244680147368
TA.H32A.z -97.4363 44.5041 0.241699195652 0.241495641304
TA.K21A.z -107.251 42.6332 0.248195523256 0.245978069767
TA.M35A.z -95.6945 41.4665 0.243665107527 0.242882107527
TA.A18A.z -109.846 48.9198 0.246160884211 0.244482042105
TA.W49A.z -86.2645 35.1194 0.243912214286 0.242847892857
TA.329A.z -101.981 31.487 0.245746134831 0.244275191011
TA.J02A.z -123.575 43.3654 0.252807935484 0.251471048387
TA.N12A.z -115.039 40.8522 0.250513282828 0.249852525253
TA.K32A.z -97.9723 42.6597 0.243701735632 0.242848528736
TA.436A.z -96.796 30.7702 0.246475484211 0.247509494737
TA.636A.z -97.057 29.481 0.248778904255 0.248982904255
TA.O36A.z -94.9645 40.1315 0.242921543478 0.242340945652
TA.138A.z -95.0887 32.6604 0.24605602439 0.24454002439
TA.P31A.z -99.3783 39.5211 0.2440964 0.24373257
TA.X58A.z -79.3388 34.5548 0.241609893333 0.242668733333
TA.Y52A.z -84.0626 33.864 0.2449739875 0.24297055
TA.339A.z -94.556 31.3331 0.248754287234 0.249318287234
TA.X38A.z -94.8288 34.6692 0.246607158537 0.247495195122
TA.S25A.z -104.435 37.6606 0.249496590476 0.247139238095
TA.I30A.z -99.4262 43.9143 0.24691622619 0.246649357143
TA.R20A.z -108.379 38.1888 0.249994916667 0.249892944444
TA.W43A.z -90.7061 35.0877 0.246687956522 0.246092028986
TA.G20A.z -108.214 45.2202 0.245547801802 0.244459477477
TA.F04A.z -122.419 45.9325 0.2485699 0.247333225
TA.H08A.z -118.67 44.5191 0.24775240367 0.24899353211
TA.L42A.z -89.667 42.004 0.243346962963 0.242408925926
TA.115A.z -112.228 32.7006 0.247246677419 0.249089322581
TA.N51A.z -82.3748 40.9183 0.2421175 0.24026658871
TA.SWS.z -115.8 32.9451 0.25094145 0.2520491
TA.M15A.z -112.448 41.4632 0.248772796992 0.247150067669
TA.C14A.z -113.747 47.7687 0.246044566667 0.24517806
TA.B31A.z -97.6495 48.4236 0.246965651163 0.24672427907
TA.O47A.z -86.1742 40.2361 0.247373264706 0.245920029412
TA.L32A.z -98.008 42.0045 0.246062351648 0.24408256044
TA.L46A.z -86.2955 42.0127 0.242677430233 0.240611406977
TA.114A.z -112.883 32.7513 0.252547913043 0.2522845
TA.527A.z -103.612 30.1456 0.245692407767 0.246080252427
TA.D10A.z -117.276 47.0547 0.244807398148 0.244697703704
TA.U61A.z -76.4464 36.3319 0.243612516484 0.242294054945
TA.E12A.z -115.571 46.4151 0.245269 0.242762481928
TA.G34A.z -95.638 45.2419 0.241813425743 0.240530920792
TA.Y24A.z -105.436 33.9257 0.247601290323 0.248709645161
TA.C23A.z -105.184 47.8026 0.247100837209 0.246959755814
TA.M64A.z -71.2102 41.5509 0.245938819444 0.244757361111
TA.D27A.z -101.525 47.1081 0.244697052632 0.242996768421
TA.Z28A.z -102.387 33.2884 0.248632957746 0.244589084507
TA.E40A.z -89.8991 46.4446 0.241158955224 0.240818432836
TA.I40A.z -90.6177 43.8916 0.242230276316 0.240939736842
TA.I39A.z -91.5231 43.8543 0.241655569767 0.240567872093
TA.232A.z -99.6469 31.888 0.243785684211 0.242294694737
TA.M28A.z -101.371 41.3956 0.243882989247 0.244507569892
TA.S52A.z -83.0784 37.6791 0.246334361905 0.24467392381
TA.Z34A.z -97.9158 33.3712 0.245061461538 0.247511769231
TA.347A.z -88.5412 31.4017 0.244470778947 0.244917242105
TA.X54A.z -82.3743 34.5474 0.244029904762 0.242880828571
TA.W60A.z -77.7133 35.0528 0.244965988764 0.245425258427
TA.530A.z -101.338 30.1489 0.244516961165 0.245693281553
TA.M56A.z -78.1826 41.4837 0.243830146067 0.243248955056
TA.I64A.z -69.6347 43.9197 0.24496325 0.244021725
TA.O48A.z -85.1553 40.2571 0.24237927451 0.241113735294
TA.S34A.z -97.1111 37.7009 0.245073375 0.245076447917
TA.J30A.z -99.4922 43.3248 0.244025095238 0.242307085714
TA.O17A.z -110.738 40.1948 0.24822031068 0.245926466019
TA.I36A.z -94.0143 44.0191 0.243201903846 0.241529951923
TA.L58A.z -75.8502 42.0447 0.241825774194 0.241844505376
TA.I19A.z -108.994 44.0363 0.246665707965 0.245611353982
TA.K26A.z -103.178 42.7016 0.2433265 0.243625058824
TA.533A.z -99.0351 30.0718 0.245448381818 0.245523227273
TA.R06C.z -119.451 38.5226 0.250015020202 0.251423030303
TA.U48A.z -86.5402 36.5107 0.24573095 0.2452803625
TA.246A.z -89.1286 32.0143 0.246982104651 0.24510455814
TA.X18A.z -109.95 34.5293 0.252474919643 0.253683464286
TA.217A.z -110.816 31.7748 0.24935711828 0.249565258065
TA.K60A.z -73.8886 42.6168 0.246682626506 0.246447024096
TA.656A.z -82.5348 29.3689 0.246179209302 0.245655895349
TA.C10A.z -117.308 47.8192 0.246457666667 0.245711806452
TA.J41A.z -90.0137 43.3655 0.245561908163 0.243906581633
TA.E63A.z -68.422 46.422 0.244843686747 0.245636662651
TA.S33A.z -98.0016 37.5936 0.24565239604 0.245019871287
TA.F35A.z -94.5734 45.858 0.24278837931 0.241734264368
TA.V12A.z -114.851 35.7266 0.254893008929 0.253033267857
TA.O06A.z -119.827 40.165 0.248800520548 0.249888643836
TA.T47A.z -87.1055 36.9881 0.246016963855 0.245268807229
TA.F10A.z -117.228 45.9734 0.246760971963 0.243537607477
TA.M30A.z -99.8723 41.5371 0.242800151163 0.243537802326
TA.P27A.z -102.578 39.5559 0.244426795455 0.243372761364
TA.Q33A.z -97.8327 38.9982 0.245461977778 0.244759855556
TA.N33A.z -97.4506 40.7384 0.246243377551 0.245292969388
TA.K61A.z -73.2676 42.6695 0.244811574713 0.245050781609
TA.Q38A.z -93.6182 38.9609 0.245002075 0.2433678875
TA.M31A.z -98.9766 41.344 0.244382147059 0.244672186275
TA.P35A.z -96.0188 39.5286 0.243810372093 0.243103883721
TA.M44A.z -88.0432 41.3882 0.242485139241 0.242638620253
TA.156A.z -81.495 32.6542 0.244755814433 0.244882628866
TA.Z14A.z -112.946 33.3627 0.250815386364 0.249292602273
TA.SCIA.z -93.2153 41.9069 0.242562764706 0.241240558824
TA.D18A.z -109.802 47.1961 0.242706826531 0.242949367347
TA.125A.z -104.657 32.6588 0.247665128713 0.247796930693
TA.P57A.z -78.0126 39.4835 0.244301153846 0.243027538462
TA.X27A.z -103.097 34.6469 0.246585653061 0.246934479592
TA.X52A.z -83.8938 34.6032 0.244941572917 0.244650145833
TA.K34A.z -96.0957 42.6865 0.244834797872 0.243191
TA.I60A.z -73.2916 43.844 0.245882775281 0.24461888764
TA.L37A.z -93.7546 42.1246 0.242097096774 0.240505731183
TA.W37B.z -95.4316 35.139 0.245448491803 0.24508904918
TA.Q46A.z -87.3575 39.0231 0.242060390244 0.2411105
TA.433A.z -99.091 30.7544 0.247706186275 0.245518441176
TA.P58A.z -77.3005 39.4891 0.243177171717 0.242630717172
TA.E39A.z -90.5557 46.3777 0.240653066667 0.239132306667
TA.R22A.z -106.756 38.2289 0.248016862385 0.248334357798
TA.K33A.z -97.0012 42.6052 0.24464632 0.24246111
TA.Q15A.z -112.379 38.9995 0.249979695652 0.250233728261
TA.B22A.z -105.996 48.3008 0.247108428571 0.245675285714
TA.M46A.z -86.3524 41.4079 0.244509 0.244002513514
TA.Y43A.z -90.9285 33.9121 0.247125526316 0.248954644737
TA.V03C.z -121.236 36.0214 0.247881209677 0.247659483871
TA.A21A.z -106.925 48.9912 0.2467243 0.243572633333
TA.341A.z -93.1681 31.3334 0.24980994898 0.249455377551
TA.L09A.z -117.667 42.0192 0.248219366667 0.250091844444
TA.K17A.z -110.92 42.7507 0.247191954545 0.243663965909
TA.254A.z -83.2905 31.9457 0.247224285714 0.246051693878
TA.J47A.z -84.8214 43.2382 0.244552923077 0.242873423077
TA.O08A.z -118.155 40.2903 0.252916588235 0.2509414
TA.Q52A.z -82.2669 38.9622 0.2439716875 0.244681609375
TA.ISA.z -118.474 35.6628 0.25093372973 0.249890945946
TA.M52A.z -81.357 41.5405 0.242316156863 0.241772303922
TA.W41A.z -92.2478 35.1736 0.249257166667 0.246952416667
TA.WCI.z -86.2939 38.2289 0.243958504 0.24488444
TA.I09A.z -117.741 43.9733 0.249484910714 0.249004883929
TA.C36A.z -92.8378 47.758 0.246377022472 0.247464516854
TA.320A.z -108.528 31.3369 0.248737770642 0.247518614679
TA.128A.z -102.485 32.6213 0.247073494845 0.246020896907
TA.Q58A.z -77.682 38.9413 0.242960957895 0.2409996
TA.AAM.z -83.6567 42.3012 0.245258764706 0.244146588235
TA.BFS.z -117.659 34.2388 0.247184 0.248520470588
TA.M39A.z -92.1725 41.4786 0.242656815534 0.243248417476
TA.H02A.z -124 44.6764 0.249503594203 0.24796026087
TA.Q19A.z -109.263 38.9553 0.246279455446 0.24568480198
TA.M61A.z -73.7673 41.3104 0.245963044944 0.243104820225
TA.F60A.z -71.9514 45.9688 0.243454684211 0.241420657895
TA.T38A.z -94.293 37.0354 0.244472197674 0.244224093023
TA.T13A.z -113.907 37.0195 0.250953274336 0.254671017699
TA.216A.z -111.457 32.0022 0.249211469388 0.2484185
TA.T50A.z -84.8384 37.0204 0.24415656044 0.244589637363
TA.L24A.z -104.933 42.0432 0.244557132653 0.242549632653
TA.V50A.z -85.1 35.6713 0.2441290125 0.2429771
TA.NHSC.z -80.1778 33.1067 0.245619358491 0.244153764151
TA.ISCO.z -105.613 39.7997 0.246454416667 0.245084083333
TA.E43A.z -86.9954 46.3758 0.24206771134 0.241403020619
TA.E59A.z -72.5108 46.4803 0.243219868421 0.241999631579
TA.P08A.z -118.08 39.6946 0.251998914634 0.250939926829
TA.V51A.z -84.3511 35.8033 0.244605202381 0.243356083333
TA.U12A.z -114.539 36.4321 0.251166448276 0.252721353448
TA.218A.z -110.046 31.9737 0.252771382353 0.252351754902
TA.G21A.z -107.207 45.225 0.24677354717 0.245280301887
TA.T37A.z -94.9176 37.123 0.244097288889 0.244818311111
TA.K38A.z -92.7709 42.6472 0.24170025 0.241469583333
TA.X36A.z -96.352 34.5704 0.246420505376 0.245922311828
TA.Y21A.z -107.674 34.0087 0.251682734043 0.249841585106
TA.S12A.z -114.849 37.6083 0.250703411765 0.252044865546
TA.Q49A.z -84.8956 39.005 0.242798762376 0.243478970297
TA.I35A.z -94.9829 43.8565 0.242954643678 0.24125662069
TA.T40A.z -92.5193 37.1504 0.241496731707 0.24238145122
TA.U28A.z -102.224 36.3793 0.2453280625 0.2443305625
TA.D36A.z -93.1645 47.1765 0.24283957732 0.242857783505
TA.Y15A.z -112.333 33.9535 0.251886634409 0.252620763441
TA.V33A.z -98.2862 35.8209 0.245580039604 0.245562336634
TA.PDM.z -114.142 34.3034 0.246315571429 0.246188214286
TA.W50A.z -85.3119 35.2002 0.24479275 0.243595956522
TA.R14A.z -113.021 38.2987 0.248566419643 0.250564321429
TA.Q04C.z -121.377 38.839 0.250518306452 0.251932645161
TA.F38A.z -91.8775 45.9588 0.242621940476 0.240970416667
TA.E15A.z -112.641 46.4246 0.246033945578 0.245306340136
TA.S26A.z -103.471 37.6216 0.249168252525 0.247426575758
TA.Q36A.z -95.4609 38.9612 0.247152284091 0.245671170455
TA.S57A.z -78.9536 37.7605 0.245951886364 0.245977511364
TA.Y48A.z -87.1696 33.9131 0.241686514706 0.239041338235
TA.C21A.z -107.096 47.8264 0.245270989796 0.24509405102
TA.S38A.z -93.9078 37.6304 0.244842278351 0.243765010309
TA.Z58A.z -79.8129 33.3349 0.242626740741 0.241214703704
TA.R33A.z -97.9842 38.3081 0.246174282609 0.245304782609
TA.H09A.z -117.664 44.6653 0.248620114035 0.2491735
TA.E14A.z -113.493 46.4162 0.245929048951 0.247221160839
TA.T41A.z -91.7636 37.0436 0.242309108696 0.242346793478
TA.F17A.z -110.659 45.9054 0.247294327434 0.246325415929
TA.D08A.z -118.921 47.0573 0.249030359223 0.248264572816
TA.331A.z -100.427 31.3085 0.246288260417 0.243951520833
TA.Q20A.z -108.296 38.9541 0.247892716981 0.249459839623
TA.EDW2.z -117.994 34.8811 0.246613205128 0.245328717949
TA.G24A.z -104.416 45.328 0.244824895833 0.244160572917
TA.R09A.z -117.072 38.2397 0.252605578947 0.252533115789
TA.T33A.z -98.2444 37.0824 0.248367826531 0.247179326531
TA.Z38A.z -94.9851 33.2599 0.252224036364 0.250624054545
TA.N59A.z -75.7703 40.9168 0.243801904762 0.244072559524
TA.Q31A.z -99.395 39.0048 0.244805662791 0.245287186047
TA.H35A.z -94.8311 44.6985 0.244815221154 0.243109288462
TA.N31A.z -98.9544 40.8235 0.245060204082 0.242943918367
TA.Y46A.z -88.8577 33.8828 0.244707395062 0.244558246914
TA.F57A.z -74.6928 45.8122 0.242513938272 0.24140482716
TA.K13A.z -114.084 42.6493 0.24918027027 0.251506216216
TA.U18A.z -109.87 36.4199 0.247819157407 0.246883212963
TA.I51A.z -81.0231 43.8036 0.242981170213 0.241399287234
TA.F12A.z -115.255 45.7565 0.248392078014 0.246046177305
TA.255A.z -82.4758 31.9263 0.246350770115 0.244142034483
TA.W45A.z -89.186 35.1568 0.244982166667 0.245176559524
TA.D55A.z -75.4732 47.019 0.245612561798 0.242894
TA.U17A.z -110.662 36.5996 0.247460184466 0.247951466019
TA.Z49A.z -86.5311 33.1942 0.243777628571 0.244360614286
TA.K05A.z -120.893 42.7258 0.250936174603 0.250913968254
TA.H05A.z -121.227 44.6473 0.252696090909 0.250651350649
TA.E52A.z -78.6569 46.2851 0.239299318182 0.240048515152
TA.MSTX.z -102.772 33.9696 0.249047542636 0.246633403101
TA.N20A.z -108.263 40.8338 0.248107219298 0.246890938596
TA.G14A.z -113.46 45.2432 0.247008178808 0.247750768212
TA.L27A.z -102.315 42.0837 0.245403698113 0.244988735849
TA.F61A.z -70.9921 45.9743 0.243164391304 0.241994293478
TA.I48A.z -83.7022 44.1873 0.244427466667 0.244074166667
TA.243A.z -91.4827 31.8803 0.247762561224 0.249492397959
TA.626A.z -104.133 29.554 0.245257721154 0.245410451923
TA.M09A.z -117.45 41.423 0.249380697917 0.250984427083
TA.E08A.z -119.06 46.4911 0.251021205357 0.250306669643
TA.Q55A.z -80.0812 38.9952 0.245621530612 0.252131938776
TA.V28A.z -102.224 35.7505 0.247310905263 0.248133968421
TA.U21A.z -107.658 36.4277 0.247739678161 0.247826045977
TA.O38A.z -93.4731 40.1215 0.244347745098 0.244267666667
TA.K18A.z -110.042 42.6372 0.247016224719 0.243906348315
TA.438A.z -95.4741 30.75 0.24753709375 0.247484177083
TA.U36A.z -95.7325 36.3927 0.247705674699 0.244935951807
TA.Y38A.z -94.7311 33.9278 0.24875273494 0.248071445783
TA.G07A.z -119.669 45.2664 0.2466519 0.24809612
TA.U57A.z -79.3364 36.4319 0.244614209302 0.244175872093
TA.V58A.z -79.115 35.794 0.246538211765 0.246197729412
TA.F11A.z -116.155 45.8883 0.246241813725 0.244410882353
TA.O45A.z -87.7244 40.2489 0.243472505747 0.242599252874
TA.C32A.z -96.5281 47.8255 0.243221320513 0.242430102564
TA.U19A.z -109.208 36.2925 0.250505366667 0.24878975
TA.H31A.z -98.4772 44.4795 0.242571452381 0.243288964286
TA.238A.z -95.1203 32.0034 0.247225622222 0.249544877778
TA.337A.z -95.8854 31.3159 0.246767934066 0.247795032967
TA.E23A.z -105.306 46.4978 0.245123817204 0.244671258065
TA.J60A.z -73.4212 43.2438 0.246668368421 0.247301505263
TA.541A.z -93.1875 30.0596 0.2508444 0.248235244444
TA.H64A.z -69.2203 44.6412 0.245799910112 0.244813719101
TA.S15A.z -112.363 37.6761 0.250978171717 0.249181454545
TA.H60A.z -72.6986 44.5606 0.247464506494 0.247468207792
TA.Q14A.z -113.277 38.9882 0.248954820225 0.249099314607
TA.M48A.z -84.7171 41.4846 0.243934648649 0.24345027027
TA.S21A.z -107.792 37.662 0.249349460784 0.248990078431
TA.F16A.z -111.626 45.7843 0.247287960784 0.247417029412
TA.W57A.z -79.9928 35.1529 0.244387168539 0.242646842697
TA.I55A.z -77.6817 44.2161 0.24172976 0.240802
TA.Y57A.z -80.3915 34.017 0.246033444444 0.2452761
TA.W44A.z -89.8161 35.1395 0.241624367089 0.241856012658
TA.R37A.z -94.8294 38.3133 0.245448802083 0.24412390625
TA.L25A.z -103.966 42.1548 0.243492453608 0.243491804124
TA.V30A.z -100.689 35.7623 0.247134043478 0.247399423913
TA.R41A.z -91.3795 38.2976 0.24483225 0.2436674
TA.R34A.z -97.247 38.3008 0.2406135125 0.240683325
TA.G35A.z -94.4855 45.2199 0.241777849462 0.240875354839
TA.G22A.z -106.292 45.2189 0.244602666667 0.242879430108
TA.F28A.z -100.8 45.8485 0.239495068182 0.240379488636
TA.X33A.z -98.5006 34.541 0.246984938776 0.245169193878
TA.P60A.z -75.6358 39.8113 0.246403024096 0.246301493976
TA.M29A.z -100.689 41.4441 0.243976857143 0.242075802198
TA.ELFS.z -120.728 40.6183 0.250493769231 0.250267192308
TA.U22A.z -106.855 36.3773 0.250758213592 0.251452834951
TA.Q51A.z -83.3456 39.026 0.244583083333 0.243047018519
TA.K59A.z -74.8525 42.775 0.245992188235 0.246464364706
TA.W22A.z -106.867 35.0719 0.24922963 0.24962871
TA.U39A.z -93.4805 36.3823 0.242809229167 0.242577427083
TA.S39A.z -93.3226 37.691 0.243567137931 0.243412758621
TA.529A.z -102.22 30.1246 0.246791663265 0.247600040816
TA.G53A.z -78.6237 45.1222 0.240597193548 0.240450564516
TA.BC3.z -115.454 33.6552 0.252338 0.252345189189
TA.M37A.z -94.0575 41.4028 0.243211164948 0.243088587629
TA.S18A.z -109.995 37.6903 0.250308284314 0.247805882353
TA.S60A.z -76.6535 37.7055 0.244780237113 0.244957092784
TA.S35A.z -96.319 37.6821 0.243324905882 0.242809294118
TA.J35A.z -95.2078 43.3655 0.243664183673 0.240413795918
TA.E56A.z -75.0341 46.5436 0.243838073171 0.241334512195
TA.Q43A.z -89.6991 38.941 0.241446329787 0.240170212766
TA.432A.z -99.7937 30.8755 0.244886989362 0.24419237234
TA.E28A.z -100.693 46.5748 0.244232325843 0.242391258427
TA.A31A.z -97.1888 48.932 0.247544593023 0.247601930233
TA.A04A.z -122.707 48.7197 0.247227222222 0.245772955556
TA.O27A.z -102.479 40.19 0.24423540566 0.243831113208
TA.N13A.z -114.204 40.8556 0.24954395614 0.249193447368
TA.O22A.z -106.547 40.1618 0.24869935 0.24752094
TA.E54A.z -77.1869 46.4339 0.241151214286 0.240957285714
TA.L59A.z -75.0426 42.1902 0.24528549 0.24579051
TA.U05C.z -120.12 36.3356 0.251340903846 0.248834288462
TA.V19A.z -109.046 35.7147 0.251222252174 0.249930791304
TA.J32A.z -97.8476 43.3719 0.241464505263 0.240695873684
TA.Y28A.z -102.248 33.9086 0.246809274725 0.244903307692
TA.X19A.z -109.29 34.4275 0.250401675926 0.251488111111
TA.X16A.z -111.441 34.4178 0.252127287129 0.254389316832
TA.M18A.z -110.067 41.4272 0.24966595122 0.244607146341
TA.S22A.z -106.829 37.7461 0.24902543617 0.248025723404
TA.A13A.z -114.413 48.933 0.243921933824 0.242125330882
TA.Q03C.z -122.015 38.6333 0.248834846154 0.249217030769
TA.257A.z -81.0261 31.9746 0.247112947368 0.246175263158
TA.E35A.z -94.4043 46.5572 0.243988589474 0.242440957895
TA.F37A.z -92.6264 45.7243 0.243706181818 0.243252909091
TA.Q45A.z -88.1565 38.8948 0.246221194805 0.244184480519
TA.P49A.z -84.7164 39.5342 0.244519381818 0.243541063636
TA.W26A.z -103.766 35.0891 0.248171707965 0.248023530973
TA.Y35A.z -97.0374 33.9059 0.248271395349 0.245386488372
TA.E09A.z -118.146 46.5139 0.246678882883 0.246037657658
TA.HELL.z -119.023 36.6801 0.25073880303 0.250281166667
TA.F05A.z -121.459 45.8839 0.251053223881 0.250615477612
TA.N50A.z -83.1486 40.7711 0.242507038095 0.241786028571
TA.Y20A.z -108.377 33.9085 0.248849028037 0.250803934579
TA.L23A.z -105.701 42.1143 0.246050598039 0.245526931373
TA.V25A.z -104.616 35.8383 0.248247463636 0.246753536364
TA.137A.z -95.7559 32.5973 0.246333692308 0.245849923077
TA.J16A.z -111.612 43.2741 0.247965708333 0.24943696875
TA.G30A.z -99.1446 45.1293 0.244880464646 0.244711272727
TA.P01C.z -123.338 39.469 0.245516931034 0.245978068966
TA.A09A.z -118.585 48.9752 0.2487996 0.248663233333
TA.E44A.z -85.9214 46.6199 0.242181632479 0.241669846154
TA.346A.z -89.4649 31.3876 0.24639695098 0.246689264706
TA.H28A.z -101.021 44.6751 0.242392894118 0.241403764706
TA.P38A.z -93.5321 39.6248 0.245468122222 0.243622722222
TA.N06A.z -119.835 40.7484 0.25335647619 0.253354619048
TA.X37A.z -95.3713 34.5892 0.246439932039 0.246549834951
TA.T24A.z -105.052 37.0738 0.247560636364 0.248019454545
TA.RRX.z -116.997 34.8753 0.24940927907 0.25119344186
TA.632A.z -99.7863 29.5071 0.247158912621 0.247219825243
TA.G47A.z -83.8551 45.173 0.243431924731 0.242349268817
TA.446A.z -89.3645 30.7912 0.247954368421 0.248428105263
TA.K49A.z -83.4556 42.7835 0.242527534091 0.241305886364
TA.E37A.z -92.4 46.5658 0.246526715909 0.244454954545
TA.L15A.z -112.386 42.0041 0.246318111111 0.244433925926
TA.834A.z -98.5519 28.1251 0.248806933333 0.2501077
TA.427A.z -103.402 30.8498 0.246266679245 0.2441955
TA.240A.z -93.7626 32.0387 0.249911061856 0.248875835052
TA.W53A.z -83.163 35.1696 0.244861267327 0.243068772277
TA.W23A.z -106.15 35.1605 0.248281242424 0.247599707071
TA.J22A.z -106.479 43.4126 0.24580712037 0.244130185185
TA.R15A.z -112.277 38.2108 0.249608441441 0.249591963964
TA.R28A.z -101.811 38.3423 0.245109252632 0.243636126316
TA.V34A.z -97.5176 35.8345 0.249243730337 0.246631370787
TA.112A.z -114.58 32.5356 0.248852130435 0.248066869565
TA.U11A.z -115.383 36.423 0.252095218182 0.248593409091
TA.P48A.z -85.4258 39.4605 0.244159782178 0.243250752475
TA.F22A.z -106.257 45.7794 0.244057980392 0.243798813725
TA.D54A.z -76.657 47.152 0.243015328571 0.242528971429
TA.R54A.z -80.9904 38.1909 0.24522159322 0.247179271186
TA.L29A.z -100.478 42.0641 0.245367677778 0.243708377778
TA.U51A.z -84.0165 36.3786 0.246451115942 0.246320942029
TA.S29A.z -101.118 37.6199 0.245069295918 0.244959183673
TA.R11A.z -115.585 38.3489 0.249761477064 0.251002155963
TA.I27A.z -102.052 44.069 0.244077319588 0.243238113402
TA.N43A.z -89.1735 40.9394 0.244328753846 0.244223507692
TA.D16A.z -111.549 47.0308 0.24389745 0.24373366
TA.Q54A.z -80.8338 38.9836 0.245722981132 0.251636632075
TA.144A.z -90.4226 32.6304 0.247656158537 0.248398060976
TA.V14A.z -113.105 35.6339 0.251241842105 0.252313114035
TA.X48A.z -87.0452 34.4517 0.2449595 0.243542833333
TA.F30A.z -99.025 45.8356 0.246810417582 0.245236
TA.H15A.z -112.644 44.6173 0.251413342593 0.252340787037
TA.N58A.z -76.7158 40.8396 0.243510895349 0.242444313953
TA.P07A.z -118.889 39.5399 0.251596430108 0.250937569892
TA.SUSD.z -98.9556 44.4429 0.243858872093 0.242905488372
TA.R35A.z -96.1988 38.3231 0.244312544304 0.243275075949
TA.R12A.z -114.608 38.3281 0.249616764228 0.251677666667
TA.K22A.z -106.524 42.6507 0.247383336066 0.246039663934
TA.O12A.z -114.745 40.2679 0.247283371901 0.247849371901
TA.Z48A.z -87.5556 33.3764 0.245827122807 0.241031701754
TA.D35A.z -94.0529 47.081 0.242148831683 0.239311524752
TA.W28A.z -102.206 35.2574 0.245716602041 0.245243530612
TA.P18A.z -110.246 39.6279 0.247540535354 0.244565969697
TA.534A.z -98.4753 30.0284 0.247860477477 0.246991414414
TA.C20A.z -108.004 47.7133 0.245612981132 0.243756962264
TA.BBR.z -116.921 34.2623 0.245941774194 0.246534129032
TA.Q60A.z -75.8429 39.0016 0.244027482759 0.244356632184
TA.Z15A.z -112.158 33.2893 0.249892346154 0.24932174359
TA.X49A.z -86.326 34.5126 0.243271219178 0.241617479452
TA.R07C.z -119.047 38.089 0.249165358209 0.250275238806
TA.U53A.z -82.5765 36.3644 0.246014151163 0.244656337209
TA.L10A.z -116.471 42.0773 0.25156287069 0.253067387931
TA.I45A.z -86.2348 44.0361 0.245019566667 0.243750133333
TA.V60A.z -77.2629 35.765 0.243122320988 0.242948567901
TA.U45A.z -88.7635 36.3481 0.246839050633 0.245045379747
TA.I14A.z -113.452 43.9286 0.250911147826 0.254083234783
TA.Z27A.z -103.215 33.315 0.247797954545 0.245299477273
TA.K36A.z -94.4507 42.6381 0.24488352 0.24284298
TA.CNNC.z -77.8901 35.2393 0.2477374 0.2481519
TA.B29A.z -99.3535 48.4649 0.242125425743 0.241711742574
TA.M41A.z -90.5422 41.375 0.242464158416 0.240334851485
TA.G63A.z -69.6186 45.1147 0.245652106667 0.245874226667
TA.Q59A.z -76.6548 38.8644 0.243018909091 0.241748858586
TA.H22A.z -106.352 44.5943 0.243014981308 0.242303074766
TA.TIN.z -118.23 37.0542 0.250779324324 0.251202081081
TA.L53A.z -80.2598 41.9539 0.243054198198 0.240989387387
TA.S20A.z -108.36 37.83 0.2502186875 0.25147340625
TA.Z32A.z -99.4783 33.3066 0.246662023256 0.247227906977
TA.357A.z -81.4855 31.4239 0.246191078652 0.244822494382
TA.J39A.z -91.7062 43.3354 0.24184634 0.241404
TA.M42A.z -89.7581 41.4546 0.247405107527 0.247560935484
TA.Q10A.z -116.4 38.8247 0.247258779817 0.248586568807
TA.T42A.z -91.0927 37.0301 0.24211215942 0.240385884058
TA.E38A.z -91.5542 46.6058 0.247138619565 0.245152315217
TA.P45A.z -87.7439 39.5277 0.243755730769 0.242736166667
TA.351A.z -85.6036 31.2753 0.245314983607 0.242024885246
TA.U31A.z -99.8508 36.3695 0.248559388889 0.247033566667
TA.K48A.z -84.1197 42.8032 0.244195734694 0.243040142857
TA.735A.z -97.8081 28.8553 0.247446933333 0.247147819048
TA.A33A.z -95.3904 48.9371 0.247256025974 0.247776246753
TA.W56A.z -80.5828 35.135 0.245166209524 0.244462466667
TA.F18A.z -109.716 45.9046 0.2463675 0.245380196429
TA.C40A.z -89.1514 47.9154 0.246397026316 0.245694368421
TA.W37A.z -95.4269 35.138 0.246405607143 0.243820928571
TA.158A.z -80.1935 32.7364 0.245190282609 0.246986728261
TA.R47A.z -86.527 38.2957 0.243358561644 0.242038821918
TA.A26A.z -102.038 48.8973 0.247651855556 0.2469427
TA.Z16A.z -111.427 33.341 0.25105925 0.253370440476
TA.G45A.z -85.6571 45.0404 0.242312266667 0.241305988889
TA.Q28A.z -101.831 39.0623 0.245906337079 0.244202359551
TA.O23A.z -105.918 40.2109 0.247490363636 0.246739963636
TA.O41A.z -90.882 40.1156 0.242415629213 0.240742707865
TA.W40A.z -93.0693 35.1923 0.246459089109 0.246399287129
TA.646A.z -89.8245 29.5832 0.24894892 0.24702904
TA.K02A.z -123.49 42.7667 0.254367607843 0.253571901961
TA.EGMT.z -109.755 48.024 0.245138394737 0.244504842105
TA.Q35A.z -96.0368 38.8586 0.246293240964 0.246794228916
TA.BRSD.z -98.9563 44.443 0.247318869565 0.246446021739
TA.C13A.z -114.574 47.6795 0.245304389262 0.246331436242
TA.E42A.z -87.914 46.4301 0.243572349398 0.242275084337
TA.256A.z -81.8878 31.9799 0.245421851064 0.244386255319
TA.Z20A.z -108.592 33.1132 0.249489694737 0.248541263158
TA.W46A.z -88.3783 35.1333 0.246315206349 0.245877365079
TA.P46A.z -87.2067 39.6178 0.242263321429 0.24102202381
TA.U24A.z -105.278 36.4093 0.247604490909 0.247171863636
TA.E18A.z -109.914 46.5663 0.245591369369 0.245219261261
TA.I16A.z -111.487 43.8756 0.247542145299 0.24858625641
TA.J34A.z -95.9579 43.2844 0.244598319149 0.242981819149
TA.M49A.z -83.9752 41.4745 0.243725625 0.243688991071
TA.H06A.z -120.335 44.7344 0.250850525253 0.25196179798
TA.P54A.z -80.4796 39.602 0.244016944444 0.243107666667
TA.NEE2.z -114.619 34.7676 0.242046577778 0.242830711111
TA.N45A.z -87.5118 40.8479 0.242631022222 0.241962355556
TA.E27A.z -101.564 46.4293 0.244798320388 0.243617825243
TA.T36A.z -95.8789 37.0605 0.246085453333 0.246491746667
TA.P34A.z -96.8268 39.5471 0.244083381443 0.244795701031
TA.N54A.z -79.9892 40.9617 0.245688054348 0.243294869565
TA.L62A.z -72.6617 42.0328 0.244172333333 0.242841892857
TA.BEL.z -115.998 34.0006 0.2505244 0.251052685714
TA.M36A.z -94.8021 41.4537 0.243443968421 0.244789452632
TA.V38A.z -94.4077 35.8626 0.2472872125 0.2468082375
TA.U47A.z -87.2892 36.4413 0.242504542857 0.241397571429
TA.L61A.z -73.5543 42.1934 0.247644651685 0.248561348315
TA.Q07A.z -118.808 38.9383 0.251820043011 0.252761204301
TA.226B.z -104.165 32.0778 0.246521 0.246449886792
TA.M57A.z -77.128 41.3372 0.243276445783 0.244873891566
TA.U52A.z -83.3671 36.3929 0.246797505882 0.246876517647
TA.R19A.z -109.261 38.2916 0.247790093023 0.246701848837
TA.N11A.z -115.736 40.8167 0.254459474576 0.253295813559
TA.P29A.z -100.932 39.6021 0.244382842105 0.243686715789
TA.G62A.z -70.5319 45.2186 0.245211744186 0.244140348837
TA.230A.z -101.112 31.8878 0.246073222222 0.243250322222
TA.X55A.z -81.6336 34.4701 0.245090505747 0.244778551724
TA.U56A.z -80.3829 36.3472 0.245223137615 0.244152917431
TA.M25A.z -104.055 41.4347 0.242634787879 0.242897484848
TA.T45A.z -88.6447 37.0196 0.244900759494 0.24371264557
TA.E57A.z -74.1471 46.4117 0.244996676056 0.243576647887
TA.DEC.z -118.334 34.2535 0.249006235294 0.250735147059
TA.W31A.z -99.9435 35.1864 0.245468265957 0.246368234043
TA.N22A.z -106.454 40.8023 0.24677280137 0.246775821918
TA.130A.z -100.965 32.5961 0.248485846939 0.24557827551
TA.L40A.z -91.2218 42.0628 0.244578132075 0.24427659434
TA.R49A.z -85.1714 38.2916 0.243261828571 0.243266495238
TA.J17A.z -110.712 43.3629 0.249300355932 0.244794271186
TA.L43A.z -88.7423 42.1833 0.24418056962 0.24314921519
TA.N16A.z -111.437 40.8869 0.247688673913 0.244830271739
TA.245A.z -89.8958 32.0322 0.248329765957 0.246161925532
TA.B08A.z -119.333 48.3584 0.243781858586 0.243803575758
TA.I46A.z -85.4472 43.9411 0.242864161905 0.242664638095
TA.V18A.z -109.933 35.7113 0.25216693913 0.250517495652
TA.T26A.z -103.593 37.1747 0.246210012346 0.24487782716
TA.544A.z -91.1612 30.11 0.246872108696 0.245486065217
TA.L04A.z -121.891 42.175 0.252982784314 0.250182529412
TA.H65A.z -68.2469 44.6961 0.247161636364 0.245045477273
TA.X39A.z -94.1138 34.5105 0.245205833333 0.245971192308
TA.S36A.z -95.5923 37.724 0.245434368421 0.245227326316
TA.R24A.z -105.107 38.2315 0.248347981132 0.24748840566
TA.S46A.z -87.7153 37.6849 0.243874586667 0.24381968
TA.325A.z -104.971 31.3711 0.245771550459 0.245788697248
TA.429A.z -101.894 30.6248 0.241633612245 0.241493020408
TA.X51A.z -84.8574 34.5658 0.245383864583 0.242690166667
TA.A24A.z -104.002 48.9239 0.249385804348 0.248143673913
TA.U33A.z -98.1135 36.4327 0.246136295455 0.242679579545
TA.T23A.z -106.037 37.0361 0.249112794118 0.249805362745
TA.K08A.z -118.486 42.7308 0.249705322917 0.252420260417
TA.N24A.z -104.882 40.8271 0.246054010204 0.245479040816
TA.PFO.z -116.459 33.6117 0.251781829268 0.250496365854
TA.E45A.z -85.1774 46.3563 0.244440839506 0.243372888889
TA.S56A.z -79.5662 37.6771 0.245118011494 0.243722068966
TA.W41B.z -92.2479 35.1736 0.245537423913 0.24487425
TA.T44A.z -89.5896 37.086 0.246779907895 0.245733907895
TA.Q57A.z -78.4107 39.0353 0.243381520833 0.24290525
TA.E16A.z -111.676 46.5336 0.244743735849 0.243876283019
TA.V61A.z -76.5776 35.7912 0.24393 0.242840837209
TA.119A.z -109.303 32.7663 0.252747494949 0.252292393939
TA.P30A.z -100.247 39.5442 0.245040857143 0.244110928571
TA.153A.z -83.8316 32.6499 0.244845044944 0.246192561798
TA.N26A.z -103.222 40.8289 0.244352845361 0.24318856701
TA.225A.z -104.823 32.1101 0.24471243299 0.244162412371
TA.P15A.z -112.279 39.5708 0.249121732673 0.251873831683
TA.Y14A.z -113.005 33.9383 0.253884423077 0.254599884615
TA.G39A.z -91.1698 45.2867 0.2414495 0.241516869565
TA.034A.z -98.6833 27.0647 0.24976371875 0.249301677083
TA.E51A.z -79.4924 46.5333 0.2408538125 0.238358609375
TA.H39A.z -91.2833 44.6797 0.241333336842 0.2415342
TA.336A.z -96.8443 31.387 0.24654571134 0.247042298969
TA.B30A.z -98.3286 48.4505 0.244654835165 0.24413710989
TA.W61A.z -76.9909 35.1773 0.245988547368 0.245591242105
TA.W27A.z -103.063 35.0637 0.24961627 0.25035404
TA.J31A.z -98.7396 43.2915 0.244484044944 0.244604550562
TA.P40A.z -92.0483 39.5299 0.243255416667 0.241808095238
TA.I17A.z -110.576 43.92 0.249094398438 0.248351796875
TA.N61A.z -74.2969 40.7519 0.2448646375 0.242747175
TA.W48A.z -86.9333 35.1386 0.244927090909 0.242695969697
TA.O40A.z -91.874 40.1212 0.245473705263 0.242245442105
TA.Q30A.z -100.221 38.9772 0.243786206186 0.243943381443
TA.E62A.z -69.5227 46.6201 0.242712153846 0.243065064103
TA.249A.z -87.1225 31.9752 0.246262261538 0.244829569231
TA.Z52A.z -84.4176 33.1893 0.245398636364 0.244199618182
TA.GRA.z -117.366 36.9961 0.252704133333 0.251381566667
TA.V39A.z -93.645 35.8389 0.242043980392 0.240801166667
TA.Q41A.z -91.2317 38.9539 0.244053376623 0.243633935065
TA.SHO.z -116.275 35.8996 0.250093581395 0.251021511628
TA.543A.z -91.8557 30.0856 0.248927442105 0.247171989474
TA.L38A.z -92.9597 42.141 0.242209172043 0.240936182796
TA.J07A.z -119.311 43.3736 0.252169968421 0.251986389474
TA.X28A.z -102.197 34.5185 0.245281264368 0.245419793103
TA.035Z.z -98.0683 26.463 0.248113510204 0.247328897959
TA.E11A.z -116.209 46.3559 0.244959010638 0.244681148936
TA.F27A.z -102.02 45.8727 0.242152021505 0.242271688172
TA.D03A.z -123.771 47.1161 0.247275782609 0.247756753623
TA.H63A.z -70.0353 44.6616 0.245901094118 0.244242258824
TA.E48A.z -82.1653 46.4809 0.242082273684 0.242425021053
TA.Y26A.z -103.825 33.9232 0.248480395604 0.247039
TA.G09A.z -117.78 45.2781 0.247294029703 0.244858673267
TA.V31A.z -99.8425 35.7739 0.246934180723 0.24501946988
TA.W35A.z -96.8745 35.1527 0.244910011364 0.244380306818
TA.Z25A.z -104.717 33.2797 0.246545785714 0.245153328571
TA.333A.z -98.9841 31.3249 0.246528833333 0.243531537037
TA.U58A.z -78.5493 36.3944 0.243632255814 0.243236697674
TA.X30A.z -100.874 34.4461 0.246573042553 0.24700687234
TA.Y44A.z -90.2112 33.9618 0.245061951807 0.244940843373
TA.349A.z -87.1924 31.3504 0.245962016667 0.244236466667
TA.X22A.z -107.01 34.5058 0.250524214286 0.249687897959
TA.V46A.z -88.1177 35.8007 0.243765483871 0.24376983871
TA.J38A.z -92.4755 43.319 0.243924907216 0.242100051546
TA.M66A.z -70.1353 41.259 0.245812232143 0.246216553571
TA.537A.z -96.3155 30.0799 0.249050659091 0.249507011364
TA.U25A.z -104.408 36.3998 0.248202192308 0.246142423077
TA.457A.z -81.5563 30.6199 0.2459297 0.24585051
TA.342A.z -92.3249 31.3747 0.2469881 0.24549222
TA.Q09A.z -117.182 38.834 0.24952677907 0.25065822093
TA.H26A.z -102.774 44.6168 0.24180009 0.24187656
TA.SPMN.z -92.8037 45.2246 0.243426 0.243332614286
TA.D30A.z -98.7576 47.1082 0.246388464286 0.245558821429
TA.D48A.z -81.8072 47.1743 0.24425976699 0.244148174757
TA.Z46A.z -88.9414 33.1933 0.242068186667 0.240473493333
TA.447A.z -88.6542 30.7952 0.2453091875 0.245383895833
TA.M45A.z -87.2504 41.3881 0.244894708861 0.244947759494
TA.WVT.z -87.83 36.1297 0.245965358974 0.247378782051
TA.Z54A.z -82.8417 33.2362 0.246930632653 0.247098755102
TA.G41A.z -89.1816 45.2118 0.242616857143 0.241729307692
TA.T57A.z -79.2538 36.9983 0.244173227273 0.243902340909
TA.Y31A.z -100.261 33.9629 0.247132901961 0.247146019608
TA.J09A.z -117.754 43.3471 0.250666876106 0.251818663717
TA.M40A.z -91.5121 41.406 0.241876390244 0.241204329268
TA.U44A.z -89.6863 36.5047 0.246278638554 0.245264975904
TA.D21A.z -106.994 47.0658 0.24751052 0.24690586
TA.K41A.z -90.3046 42.6071 0.241380806452 0.240195473118
TA.R43A.z -89.9308 38.276 0.241086324675 0.242208012987
TA.Q08A.z -117.932 38.8606 0.250145223529 0.252447541176
TA.N27A.z -102.537 40.8063 0.2439499 0.24370617
TA.Y12C.z -114.524 33.7503 0.249983817308 0.249075528846
TA.P12A.z -114.908 39.4731 0.249890105769 0.249797519231
TA.D07A.z -119.973 47.1936 0.244912811111 0.244046955556
TA.O20A.z -108.242 40.1348 0.24930745614 0.248346114035
TA.L57A.z -76.8492 42.0005 0.243790307692 0.243431362637
TA.H45A.z -86.044 44.6232 0.243572184783 0.242524076087
TA.H40A.z -90.3905 44.622 0.241621345238 0.241912464286
TA.R42A.z -90.7944 38.2804 0.244346322222 0.243168466667
TA.V47A.z -87.5205 35.8278 0.245116445946 0.24463077027
TA.K16A.z -111.588 42.8321 0.24917822549 0.246003352941
TA.O13A.z -113.981 40.1314 0.254629247619 0.254134390476
TA.AGMN.z -95.8619 48.2977 0.245961757143 0.2466835
TA.I18A.z -109.817 43.7013 0.248104299065 0.247877485981
TA.H37A.z -92.9181 44.5812 0.244221969697 0.242778525253
TA.Y34A.z -97.7573 33.9574 0.248473771084 0.245258578313
TA.X56A.z -81.0319 34.4923 0.243427701031 0.242979082474
TA.D04A.z -122.803 47.1109 0.248625098765 0.246888481481
TA.Z18A.z -110.036 33.0851 0.251116347826 0.252843271739
TA.S30A.z -100.464 37.6402 0.246368263736 0.245490571429
TA.O25A.z -104.12 40.1129 0.248140151515 0.247011777778
TA.E25A.z -103.401 46.5009 0.244458084211 0.244093263158
TA.736A.z -97.0673 28.955 0.246561186047 0.246487627907
TA.CWC.z -118.08 36.4399 0.248871555556 0.243891333333
TA.N49A.z -84.1825 40.922 0.24361921978 0.243425835165
TA.E30A.z -98.9098 46.5021 0.246232627907 0.246099918605
TA.I42A.z -88.9134 43.8908 0.243989038462 0.245130448718
TA.O57A.z -77.6354 40.2104 0.243348597826 0.241862163043
TA.Z39A.z -94.1822 33.2418 0.249135452381 0.2504065
TA.528A.z -102.788 30.1615 0.247141831776 0.245926383178
TA.Z51A.z -85.1747 33.3167 0.246882085714 0.246514114286
TA.MLAC.z -118.836 37.6302 0.251752482759 0.25216437931
TA.244A.z -90.6856 32.0422 0.248419647727 0.248353727273
TA.L18A.z -110.036 41.9243 0.245972107843 0.242473970588
TA.M55A.z -78.7649 41.4686 0.246703849315 0.244749328767
TA.U50A.z -84.8431 36.4156 0.246478809524 0.244804845238
TA.T46A.z -87.8941 37.0417 0.246497063291 0.244284860759
TA.P19A.z -108.981 39.6333 0.246135917355 0.245524479339
TA.P39B.z -92.7541 39.4876 0.243612909091 0.244315530303
TA.Y33A.z -98.6256 34.0081 0.247549698925 0.246569193548
TA.D12A.z -115.353 47.0528 0.244954578125 0.244922796875
TA.SFIN.z -87.0967 40.379 0.242026616279 0.24236344186
TA.O53A.z -81.2129 40.2493 0.24394217284 0.244387679012
TA.K57A.z -76.5163 42.7313 0.244304284091 0.242910806818
TA.U20A.z -108.52 36.3758 0.249833659794 0.248318597938
TA.S58A.z -78.0511 37.6126 0.245146142857 0.245100978022
TA.S44A.z -89.2551 37.6936 0.242844278351 0.244591010309
TA.C07A.z -120.061 47.6902 0.246504741176 0.243718929412
TA.251A.z -85.409 32.0929 0.244506971429 0.244023128571
TA.J13A.z -114.174 43.3979 0.248261333333 0.249488981818
TA.T58A.z -78.5338 36.9454 0.2457545 0.245386956522
TA.A20A.z -107.926 48.8799 0.247013677419 0.245438989247
TA.Z47A.z -88.0696 33.199 0.245795948052 0.24400961039
TA.M34A.z -96.583 41.5025 0.243473235294 0.242536607843
TA.N21A.z -107.52 40.76 0.24630947619 0.24720892381
TA.K39A.z -91.8878 42.705 0.242820343137 0.241626911765
TA.426A.z -104.029 30.6689 0.24922193 0.2480995
TA.W51A.z -84.7599 35.1606 0.243977197674 0.242682267442
TA.O59A.z -76.1859 40.3114 0.243695352941 0.242679870588
TA.G55A.z -76.7187 45.2532 0.241985519481 0.241585896104
TA.P06A.z -119.898 39.6785 0.251516892857 0.251406333333
TA.X34A.z -97.8326 34.601 0.24737132967 0.245706802198
TA.G27A.z -101.931 45.3791 0.241932831461 0.241730382022
TA.R45A.z -88.2812 38.2926 0.242091223684 0.241216789474
TA.F31A.z -98.2525 45.8598 0.244618920455 0.242621693182
TA.C38A.z -91.2732 47.7171 0.246807333333 0.245366206897
TA.H52A.z -79.8888 44.6422 0.24165568254 0.240560492063
TA.U14A.z -113.18 36.4182 0.250718915966 0.252126058824
TA.H41A.z -89.6534 44.6164 0.24291965 0.2420101625
TA.P43A.z -89.5213 39.6409 0.240280833333 0.239758025641
TA.958A.z -81.7543 27.5855 0.243686596774 0.243392241935
TA.X29A.z -101.701 34.4452 0.246272315217 0.245976521739
TA.140A.z -93.574 32.6408 0.246212865385 0.246772692308
TA.R59A.z -77.1164 38.2005 0.245902956989 0.246439731183
TA.V29A.z -101.521 35.8734 0.247720166667 0.247564083333
TA.S11A.z -115.747 37.6444 0.251598753968 0.251197396825
TA.V59A.z -78.2394 35.7649 0.241302824176 0.242398626374
TA.F21A.z -107.123 45.8231 0.246143561905 0.2462066
TA.A16A.z -111.597 48.9482 0.245786367925 0.245032122642
TA.O39A.z -92.5438 40.2544 0.242061447917 0.24070940625
TA.131A.z -100.389 32.6737 0.246089958333 0.24362678125
TA.A23A.z -104.879 48.9592 0.244274645161 0.244559075269
TA.M05C.z -121.146 41.3593 0.250160807018 0.251726333333
TA.O34A.z -96.6936 40.1831 0.241826010753 0.242184602151
TA.832A.z -99.9743 28.2844 0.246765211538 0.246422336538
TA.E06A.z -120.979 46.5433 0.248406831461 0.24995141573
TA.738A.z -95.6481 28.8404 0.249034932692 0.249190423077
TA.328A.z -102.81 31.3818 0.246267112245 0.24322855102
TA.W20A.z -108.5 35.1259 0.251315457143 0.25082332381
TA.N47A.z -85.6942 40.8801 0.242047802198 0.239917054945
TA.C05A.z -121.689 47.6947 0.249719375 0.247060694444
TA.HRV.z -71.5583 42.5064 0.24781232 0.246711586667
TA.F09A.z -117.909 45.7087 0.245908127451 0.241618362745
TA.S09A.z -117.225 37.7243 0.25103703 0.25082549
TA.W25A.z -104.461 35.2177 0.24748035514 0.247298242991
TA.318A.z -109.991 31.439 0.248944932692 0.24892025
TA.V11A.z -115.43 35.8384 0.250296273585 0.249556216981
TA.H10A.z -116.747 44.589 0.246316044643 0.247183419643
TA.637A.z -96.3324 29.439 0.246563658537 0.245258390244
TA.J55A.z -77.8167 43.2657 0.246499702703 0.246322418919
TA.I31A.z -98.5352 44.0297 0.243418461538 0.243894538462
TA.J57A.z -75.9968 43.4099 0.244679211765 0.243633047059
TA.SCZ2.z -119.635 33.9954 0.251702971429 0.252806571429
TA.247A.z -88.6102 32.053 0.246096261364 0.244860670455
TA.U27A.z -102.825 36.4213 0.24347338961 0.243980324675
TA.425A.z -104.986 30.7862 0.246684752294 0.246438366972
TA.S06C.z -119.849 37.8817 0.248419373134 0.249618328358
TA.I22A.z -106.484 43.8924 0.245812377193 0.243931684211
TA.H17A.z -110.576 44.3951 0.25125894958 0.256081470588
TA.Z56A.z -81.3687 33.3253 0.245256779412 0.243679220588
TA.Z35A.z -97.253 33.3308 0.243744310345 0.242822672414
TA.227A.z -103.292 32.012 0.246051141414 0.245791959596
TA.V37A.z -95.141 35.883 0.247359195402 0.245254689655
TA.G12A.z -115.326 45.1285 0.248611557895 0.247575357895
TA.O11A.z -115.657 40.1313 0.250844678261 0.251436391304
TA.H04A.z -122.186 44.6837 0.249964663043 0.247815358696
TA.VES.z -119.085 35.8409 0.250441972222 0.247675138889
TA.S05C.z -120.33 37.346 0.249554555556 0.25355252381
TA.N35A.z -95.6425 40.8612 0.246125981818 0.244131963636
TA.T19A.z -109.025 36.8299 0.24743005 0.25112507
TA.U42A.z -91.2383 36.3514 0.244537494253 0.245003195402
TA.L39A.z -92.0007 42.1234 0.242028571429 0.241121030612
TA.S27A.z -102.898 37.6837 0.246626819048 0.245762314286
TA.J25A.z -103.803 43.3901 0.244678858407 0.24520539823
TA.658A.z -81.2578 29.422 0.248084076087 0.245402543478
TA.V41A.z -92.1554 35.7851 0.243510855556 0.242265911111
TA.S59A.z -77.2942 37.762 0.246254378947 0.244883652632
TA.Z26A.z -103.98 33.2716 0.246424140351 0.245861438596
TA.M58A.z -76.4603 41.3721 0.243259413043 0.243451130435
TA.J52A.z -80.4764 43.2407 0.241601107143 0.24078422619
TA.557A.z -81.7291 30.016 0.249666743902 0.248618121951
TA.V26A.z -103.786 35.7964 0.248870364486 0.248772448598
TA.G25A.z -103.417 45.1935 0.244481333333 0.244203484848
TA.F32A.z -97.1264 45.8705 0.243163975904 0.241438240964
TA.L34A.z -96.3762 41.9666 0.242000896907 0.24265043299
TA.W17A.z -110.713 35.0789 0.251105164948 0.250038917526
TA.338A.z -95.3106 31.3567 0.248094772727 0.248027920455
TA.K31A.z -98.7546 42.6229 0.243822226667 0.242441586667
TA.U35A.z -96.7318 36.3709 0.243897915493 0.242048028169
TA.I06A.z -120.211 43.9437 0.253157640449 0.250658730337
TA.GLMI.z -84.6175 44.8245 0.242955988095 0.242213190476
TA.OGNE.z -102.033 40.9451 0.24577831746 0.244799666667
TA.I43A.z -88.146 43.8844 0.243494242857 0.241922714286
TA.431A.z -100.608 30.6824 0.24695113 0.24532252
TA.326A.z -103.979 31.3165 0.246334361905 0.24620647619
TA.Q12A.z -114.83 39.04 0.252439267857 0.252278428571
TA.S24A.z -105.213 37.6407 0.250383095238 0.249716666667
TA.D31A.z -97.7226 47.0481 0.245717271605 0.245931617284
TA.O50A.z -83.6199 40.1468 0.247293087379 0.247036786408
TA.O61A.z -74.553 40.0934 0.244451738636 0.241646181818
TA.H61A.z -71.9271 44.5339 0.248586546512 0.248353360465
TA.J21A.z -107.446 43.3459 0.245319982759 0.243987413793
TA.Q24A.z -105.149 38.9641 0.249173857143 0.248137040816
TA.P59A.z -76.4327 39.6101 0.242045321429 0.241444083333
TA.G38A.z -91.8549 45.1693 0.244347011765 0.243126329412
TA.344A.z -90.7318 31.4527 0.251724918605 0.251017325581
TA.F15A.z -112.493 45.8409 0.245991926667 0.2464158
TA.BW06.z -109.558 42.7667 0.249500264706 0.249723176471
TA.J18A.z -110.02 43.2112 0.246372214286 0.244091392857
TA.M06C.z -120.477 41.2047 0.250690385965 0.251786421053
TA.E13A.z -114.188 46.4423 0.246016760563 0.244595373239
TA.U46A.z -88.1773 36.359 0.243292298701 0.242176792208
TA.O37A.z -94.1461 40.1664 0.243890938144 0.243288917526
TA.E64A.z -67.8285 46.4184 0.247586538462 0.246947428571
TA.F45A.z -85.5156 45.6837 0.242715055172 0.242148931034
TA.L54A.z -79.3162 42.2345 0.244860961538 0.243825166667
TA.532A.z -99.9049 30.1278 0.245813733333 0.243864533333
TA.N38A.z -93.235 40.7931 0.24143975 0.2417915
TA.Y55A.z -81.8581 33.9375 0.246077355556 0.246247777778
TA.MVCO.z -108.499 37.2103 0.242394666667 0.241161
TA.H11A.z -116.013 44.7035 0.246940504673 0.245495654206
TA.G40A.z -90.2006 45.2684 0.243516865169 0.243108932584
TA.H55A.z -77.183 44.5505 0.244135621951 0.24258802439
TA.E21A.z -107.076 46.5408 0.246617828571 0.246282685714
TA.I11A.z -115.958 43.9121 0.247972352941 0.246729168067
TA.G31A.z -98.2083 45.2254 0.242595864583 0.241864895833
TA.348A.z -87.9023 31.4129 0.247047876289 0.248875896907
TA.552A.z -85.2938 30.1327 0.243866561644 0.244953726027
TA.K54A.z -78.6908 42.6097 0.242442633803 0.241440859155
TA.757A.z -82.0685 28.9413 0.245841671875 0.24462803125
TA.Z44A.z -90.4322 33.2773 0.244649108434 0.243065674699
TA.C09A.z -118.274 47.8006 0.246145806122 0.24568577551
TA.K51A.z -81.5082 42.7223 0.241832941176 0.240195082353
TA.P37A.z -94.3491 39.5882 0.245386306931 0.24309470297
TA.I32A.z -97.4643 44.0271 0.24340348913 0.243400076087
TA.X17A.z -110.806 34.3371 0.251451898876 0.253376629213
TA.634A.z -98.3515 29.3815 0.247657010753 0.24679944086
TA.Z30A.z -101.128 33.2861 0.2476425625 0.246295140625
TA.143A.z -91.4036 32.7032 0.247855681034 0.248016508621
TA.M24A.z -104.825 41.4676 0.245802793478 0.24541723913
TA.936A.z -97.3091 27.4208 0.246479228571 0.245368685714
TA.J12A.z -115.098 43.25 0.250394410714 0.250185955357
TA.K55A.z -78.0696 42.7278 0.247461777778 0.246656493827
TA.Q32A.z -98.5596 38.9908 0.244129980392 0.243852872549
TA.G58A.z -74.054 45.1492 0.246342554348 0.244828413043
TA.G57A.z -74.9855 45.1036 0.245074581395 0.245261197674
TA.O30A.z -100.057 40.1791 0.24471 0.242971615385
TA.N28A.z -101.541 40.6873 0.242362988506 0.242285126437
TA.R51A.z -83.5834 38.3001 0.245160436893 0.245151223301
TA.OSI.z -118.724 34.6145 0.250015756098 0.247765317073
TA.535A.z -97.5711 30.029 0.24752796875 0.24582378125
TA.Y22D.z -106.921 34.0739 0.248444598131 0.247363299065
TA.L14A.z -113.24 42.0343 0.247670377358 0.246269858491
TA.I47A.z -84.5096 44.0193 0.244281655556 0.2445036
TA.350A.z -86.3353 31.4207 0.245315169014 0.243882859155
TA.T17A.z -110.804 36.9969 0.24731380198 0.248793178218
TA.B09A.z -118.149 48.4226 0.24674854 0.24593316
TA.R23A.z -105.826 38.1907 0.246197707865 0.244196494382
TA.I52A.z -80.177 44.068 0.243631728261 0.241926065217
TA.NATX.z -94.661 31.7598 0.245530355769 0.244950432692
TA.Y53A.z -83.5836 33.8554 0.247066384615 0.245518252747
TA.U32A.z -99.0014 36.3795 0.246751738095 0.244075535714
TA.Q29A.z -100.979 38.8905 0.245942517241 0.245054494253
TA.E07A.z -119.855 46.5585 0.249577678571 0.249845660714
TA.O04C.z -121.086 40.32 0.2526658 0.2495141
TA.O18A.z -110.008 40.2655 0.247690769231 0.245576519231
TA.V24A.z -105.272 35.7259 0.247980122449 0.247991346939
TA.G28A.z -100.916 45.0749 0.242458077778 0.241513633333
TA.113A.z -113.767 32.7683 0.250391915254 0.251186677966
TA.434A.z -98.269 30.8142 0.246360135593 0.245104457627
TA.H03A.z -123.292 44.6765 0.24840615942 0.247683724638
TA.V49A.z -85.903 35.7663 0.241846333333 0.241478716049
TA.L20A.z -108.34 42.0073 0.246638798077 0.243901067308
TA.X53A.z -83.3013 34.5031 0.2449444375 0.243550196429
TA.U44B.z -89.3507 36.3391 0.247940366197 0.246746380282
TA.J45A.z -86.3889 43.4354 0.243704707865 0.24334105618
TA.S23A.z -106.002 37.7059 0.248334447619 0.248651342857
TA.S19A.z -109.137 37.7459 0.251094981818 0.249719163636
TA.P32A.z -98.6011 39.6223 0.245099028302 0.245495188679
TA.Z33A.z -98.7648 33.2865 0.245452605263 0.246635131579
TA.239A.z -94.4707 32.0179 0.249059581081 0.248122891892
TA.E29A.z -99.642 46.5682 0.24570994382 0.244356438202
TA.M38A.z -93.1965 41.4175 0.242372231579 0.242017221053
TA.I34A.z -95.86 44.0392 0.244957606383 0.241928585106
TA.X21A.z -107.786 34.4457 0.250933578431 0.250117990196
TA.K62A.z -72.2345 42.6651 0.241619025 0.242879125
TA.Y58A.z -79.6665 33.9057 0.242371342857 0.243295828571
TA.W54A.z -82.1859 35.0857 0.244175285714 0.243200455357
TA.P61A.z -74.7919 39.6734 0.24711622619 0.247295416667
TA.P55A.z -79.8265 39.5078 0.246553 0.245850519481
TA.M17A.z -110.666 41.4729 0.246655658824 0.243626329412
TA.O01C.z -123.82 40.1398 0.248807271429 0.248262885714
TA.A29A.z -99.2321 48.9228 0.2455824 0.244611368421
TA.X14A.z -112.891 34.4692 0.251712391753 0.252042329897
TA.C37A.z -92.1853 47.7283 0.244100582418 0.243807758242
TA.F26A.z -102.67 45.8512 0.244718760417 0.2433146875
TA.Y54A.z -82.688 33.8621 0.244627886076 0.244461202532
TA.M01C.z -124.122 41.8473 0.249766676056 0.248892507042
TA.M02C.z -122.854 41.392 0.247135883333 0.244299716667
TA.X40A.z -92.8342 34.4873 0.246400626506 0.247877686747
TA.K47A.z -84.9993 42.6704 0.242750727273 0.242091919192
TA.355A.z -82.8518 31.3438 0.245090045977 0.245447022989
TA.E03A.z -123.563 46.5459 0.250085294118 0.248234776471
TA.H25A.z -103.598 44.6215 0.245916144144 0.245504441441
TA.A14A.z -113.422 48.9725 0.24282142 0.24148956
TA.V04C.z -120.87 35.636 0.249814913043 0.247894782609
TA.M23A.z -105.722 41.468 0.247181763441 0.245083376344
TA.O09A.z -117.19 40.1697 0.249705105882 0.248019964706
TA.P28A.z -101.755 39.5732 0.244998278351 0.246859659794
TA.139A.z -94.3927 32.6795 0.245724922078 0.248658779221
TA.353A.z -84.2172 31.3474 0.244686849462 0.243327451613
TA.R40A.z -92.2684 38.2909 0.24560148913 0.24329325
TA.V15A.z -112.173 35.8191 0.249831019048 0.251312380952
TA.Z41A.z -92.803 33.2577 0.24470202381 0.244501380952
TA.C12B.z -115.475 47.7092 0.244808908163 0.245143091837
TA.L61B.z -72.6802 42.4498 0.244520025316 0.244200202532
TA.343A.z -91.6169 31.2839 0.248656933333 0.248971333333
TA.E10A.z -117.11 46.485 0.245177054945 0.244633703297
TA.E24A.z -104.307 46.5608 0.244878861702 0.243194691489
TA.E19A.z -108.786 46.4611 0.2433825 0.24286221875
TA.U59A.z -77.7925 36.3526 0.244474011905 0.24242477381
TA.D51A.z -79.3733 47.0904 0.2424248125 0.241774
TA.X25A.z -104.662 34.5271 0.246466578431 0.245272333333
TA.G65A.z -67.5632 45.2002 0.2457805 0.244289214286
TA.O43A.z -89.313 40.2856 0.24050928169 0.239524183099
TA.MPP.z -119.814 34.8885 0.251060461538 0.250428038462
TA.250A.z -86.2677 31.9778 0.243376472222 0.242651375
TA.536A.z -97.0652 30.0756 0.247053520408 0.248282234694
TA.437A.z -96.1386 30.8292 0.248462879121 0.250057450549
TA.P24A.z -104.908 39.5144 0.248907084211 0.248236094737
TA.T28A.z -102.114 37.1204 0.245622096774 0.245144806452
TA.237A.z -95.8084 32.0015 0.244871010309 0.245198195876
TA.R39A.z -93.0383 38.3138 0.244852670455 0.243862590909
TA.531A.z -100.546 30.1645 0.246874019802 0.245315524752
TA.633A.z -99.1766 29.4591 0.245806785714 0.245948846939
TA.O29A.z -100.798 40.1253 0.24485948 0.24508771
TA.N30A.z -100.1 40.7957 0.244486305263 0.243037010526
TA.U38A.z -94.3857 36.4394 0.244011358696 0.244081086957
TA.H18A.z -109.664 44.6769 0.248413267442 0.247112069767
TA.430A.z -101.236 30.7866 0.245048697674 0.244868639535
TA.835A.z -97.8297 28.287 0.247896254717 0.24697654717
TA.X32A.z -99.2854 34.4214 0.245407942308 0.244391278846
TA.S47A.z -86.8779 37.5946 0.243684764706 0.241873509804
TA.G04A.z -122.478 45.2059 0.246788511111 0.244941711111
TA.K14A.z -113.176 42.5452 0.248486986486 0.248566243243
TA.U60A.z -77.1596 36.4718 0.242940942529 0.244339827586
TA.K01A.z -124.469 42.8088 0.248717707692 0.248987307692
TA.109C.z -117.105 32.8889 0.250840941176 0.249175029412
TA.D49A.z -81.3562 47.2726 0.246257161765 0.243262867647
TA.T29A.z -101.294 37.1565 0.246767105263 0.244634894737
TA.O52A.z -81.8361 40.1158 0.245292481818 0.244751109091
TA.R17A.z -110.711 38.4187 0.246370821782 0.245534138614
TA.H46A.z -85.2034 44.5397 0.243935 0.242189962025
TA.L07A.z -119.34 42.0187 0.250483762376 0.249377792079
TA.KSCO.z -102.627 39.0112 0.245549126984 0.243966293651
TA.U54A.z -81.8204 36.5209 0.24409704717 0.242592896226
TA.O42A.z -90.0812 40.1956 0.241152902778 0.240053569444
TA.G03A.z -123.281 45.3153 0.245866453125 0.244995046875
TA.H47A.z -84.2062 44.5994 0.241966978495 0.242183053763
TA.SUTB.z -121.786 39.2291 0.248389611111 0.248292277778
TA.126A.z -104.02 32.6462 0.246507577778 0.244233022222
TA.C39A.z -90.1289 47.8171 0.246801262136 0.245689951456
TA.R46A.z -87.5114 38.2124 0.241630108108 0.241445783784
TA.S10A.z -116.595 37.923 0.251583434426 0.250388368852
TA.858A.z -81.3616 28.2126 0.248846684211 0.247729684211
TA.TPNV.z -116.249 36.9488 0.251858928571 0.250795928571
TA.N57A.z -77.5509 40.7556 0.246189202247 0.244681202247
TA.R44A.z -89.0809 38.2475 0.242282588889 0.242574744444
TA.D34A.z -95.1952 47.0851 0.243468388889 0.241605133333
TA.X42A.z -91.6262 34.5532 0.2454908 0.244759057143
TA.S31A.z -99.4845 37.6193 0.244229952941 0.243369435294
TA.HATC.z -121.461 40.8161 0.249291769231 0.248395673077
TA.MPM.z -117.489 36.058 0.250064909091 0.247197515152
TA.Q18A.z -110.133 39.1025 0.245943747368 0.244481305263
TA.L13A.z -113.944 42.0886 0.25204940566 0.253973745283
TA.N08A.z -118.134 40.7811 0.249263325 0.2502486875
TA.G59A.z -73.1809 45.0807 0.246922964286 0.247670547619
TA.G64A.z -68.7558 45.2527 0.2453693 0.2458787125
TA.ECSD.z -96.6141 43.7337 0.243400263158 0.242839017544
TA.Y59A.z -78.8737 33.9897 0.245979084507 0.247087788732
TA.T56A.z -80.0311 37.0288 0.244407778846 0.243245509615
TA.335A.z -97.4271 31.2819 0.247941009524 0.246959828571
TA.C08A.z -119.045 47.7849 0.242814950495 0.241618772277
TA.T12A.z -114.715 36.7256 0.250986850877 0.252122368421
TA.Y60A.z -78.2163 34.0046 0.243494271429 0.244021471429
TA.I10A.z -116.803 44.086 0.246410833333 0.24605562037
TA.L49A.z -83.7672 42.1088 0.244997188119 0.243797643564
TA.L26A.z -103.079 42.0367 0.243285747253 0.242765054945
TA.M16A.z -111.63 41.3146 0.247262728155 0.244502368932
TA.M20A.z -108.187 41.4906 0.246784897196 0.244365018692
TA.D19A.z -108.88 47.1646 0.245249347826 0.245264956522
TA.K15A.z -112.531 42.6852 0.247526247619 0.246844619048
TA.B34A.z -94.6501 48.486 0.244570905882 0.245935882353
TA.M63A.z -72.0464 41.4038 0.243043434783 0.242794072464
TA.B35A.z -93.7261 48.3603 0.243589955556 0.2436011
TA.R21A.z -107.55 38.3685 0.248986091743 0.249600981651
TA.J61A.z -72.5535 43.3462 0.245773068966 0.247980942529
TA.219A.z -109.259 31.9989 0.251389093458 0.249520093458
TA.P26A.z -103.346 39.5602 0.244347846939 0.243416938776
TA.R08A.z -118.106 38.3489 0.252088368421 0.250712189474
TA.Z57A.z -80.7039 33.297 0.244651761905 0.245623904762
TA.T05C.z -120.674 36.8953 0.250531622642 0.249891830189
TA.H23A.z -105.401 44.562 0.242628414414 0.243177306306
TA.T30A.z -100.527 37.0526 0.246563367816 0.245877517241
TA.U10A.z -116.33 36.4193 0.251119849057 0.249608584906
TA.G05A.z -121.317 45.2422 0.250204122222 0.248387277778
TA.HEC.z -116.335 34.8294 0.2543496 0.251669225
TA.Y51A.z -85.064 33.8993 0.245368032967 0.24460743956
TA.J29A.z -100.325 43.4061 0.244784227848 0.244681607595
TA.540A.z -93.9796 30.2093 0.249903785714 0.247416757143
TA.X59A.z -78.6023 34.572 0.245580578947 0.244207828947
TA.S32A.z -98.9363 37.7001 0.248053686869 0.247128707071
TA.T25A.z -104.411 37.1388 0.249760904 0.250872256
TA.737A.z -96.4402 28.7639 0.2461900875 0.244706275
TA.R61A.z -75.339 38.3303 0.243623954023 0.242697816092
TA.Q16A.z -111.172 38.9176 0.249875688073 0.249429577982
TA.D23A.z -105.207 47.173 0.243652695122 0.244469304878
TA.X57A.z -80.094 34.4643 0.243920691489 0.242256457447
TA.H66A.z -67.3115 44.7859 0.247540776316 0.246824407895
TA.N14A.z -113.187 40.8513 0.251262330189 0.250670132075
TA.L22A.z -106.434 42.031 0.248821318841 0.248582811594
TA.J46A.z -85.6466 43.3478 0.248277329787 0.246693425532
TA.934A.z -98.5192 27.6018 0.248792734694 0.247364183673
TA.P53A.z -81.3896 39.4868 0.24600012 0.24306556
TA.D11A.z -116.335 47.0477 0.245726541176 0.244718552941
TA.B19A.z -108.944 48.4551 0.245255701031 0.243942041237
TA.B14A.z -113.273 48.3609 0.245005421569 0.243794264706
TA.P56A.z -78.8386 39.5044 0.2443395 0.244848630435
TA.035A.z -98.1023 26.9379 0.248276767442 0.249710081395
TA.655A.z -83.2552 29.5107 0.245292271429 0.243821714286
TA.061Z.z -80.907 25.8657 0.2458509125 0.2455958875
TA.S08C.z -118.171 37.4993 0.2514764375 0.251851390625
TA.ANMO.z -106.457 34.9459 0.248216714286 0.249453
TA.H21A.z -107.042 44.6277 0.24518340678 0.243498186441
TA.R58A.z -78.0034 38.2989 0.245737432099 0.244083160494
TA.K50A.z -82.6231 42.7749 0.242010378049 0.240871365854
TA.K27A.z -102.236 42.7036 0.242998920792 0.243117
TA.X24A.z -105.435 34.5646 0.248712836735 0.246587561224
TA.352A.z -84.9274 31.4793 0.245608315217 0.244435315217
TA.R58B.z -77.8787 37.9636 0.244004054945 0.244446285714
TA.M27A.z -102.387 41.5281 0.245805445545 0.245262415842
TA.U26A.z -103.744 36.3945 0.24973345283 0.248387367925
TA.546A.z -89.7191 30.233 0.246829778947 0.2454864
TA.H12A.z -114.855 44.5494 0.245180521739 0.245199925466
TA.147A.z -88.2708 32.6738 0.246212429752 0.243733198347
TA.W12A.z -114.87 35.301 0.252417533981 0.25282838835
TA.U23A.z -106.192 36.3289 0.247986571429 0.248737959184
TA.E46A.z -84.3062 46.3665 0.24189914 0.24107436
TA.M62A.z -72.8939 41.4423 0.244400879518 0.242400337349
TA.O05C.z -120.918 39.962 0.252512985294 0.251255794118
TA.J56A.z -76.8579 43.276 0.246111420455 0.244758920455
TA.WHTX.z -97.4561 31.9913 0.246661955752 0.244157849558
TA.D32A.z -97.0164 47.1354 0.241433934211 0.241125039474
TA.M22A.z -106.596 41.4033 0.24603005 0.245059871429
TA.BRAL.z -87.0506 31.1687 0.245193914286 0.245396785714
TA.628A.z -102.888 29.4862 0.247374330357 0.247289839286
TA.117A.z -110.739 32.5716 0.252703 0.252491494949
TA.E50A.z -80.7378 46.4232 0.243737233766 0.240949415584
TA.645A.z -90.5966 29.4573 0.248015769231 0.247072012821
TA.059A.z -81.144 26.9671 0.245630686047 0.244899848837
TA.F41A.z -89.1046 45.7387 0.245373747368 0.244130284211
TA.PKME.z -69.2917 45.2644 0.24616378481 0.244551683544
TA.J08A.z -118.474 43.358 0.250404163462 0.253329644231
TA.T06C.z -119.709 37.0069 0.251349515152 0.252119015152
TA.R29A.z -101.138 38.4243 0.24403079798 0.243462010101
TA.S50A.z -84.4003 37.679 0.243497412371 0.242969123711
TA.S28A.z -101.898 37.5899 0.246431468085 0.245571776596
TA.R13A.z -113.969 38.1802 0.246905054945 0.248707615385
TA.T53A.z -82.535 36.9823 0.245385317308 0.244816471154
TA.J04A.z -122.109 43.2406 0.249183704918 0.247508409836
TA.WMOK.z -98.7807 34.7379 0.23929508 0.2422636
TA.G13A.z -114.233 45.0931 0.248175512987 0.247594227273
TA.B15A.z -112.562 48.3129 0.244776509804 0.241481901961
TA.L12A.z -115.016 42.146 0.248710101852 0.249742166667
TA.T31A.z -99.6771 37.0977 0.246785021739 0.246258413043
TA.059Z.z -81.4432 26.3373 0.24377126 0.24260777
TA.W13A.z -113.885 35.099 0.251183990991 0.251877918919
TA.B16A.z -111.707 48.4128 0.24617913 0.24384853
TA.S42A.z -90.7939 37.77 0.242931445946 0.241971243243
TA.C15A.z -112.607 47.775 0.24866104717 0.245561943396
TA.W32A.z -99.2458 35.1238 0.243367483146 0.242436157303
TA.N62A.z -73.4677 40.9313 0.244550786667 0.243678373333
TA.B33A.z -95.588 48.2722 0.241739962963 0.245200055556
TA.J62A.z -71.8127 43.2262 0.241980674699 0.244362722892
TA.X45A.z -89.3931 34.4241 0.24478424359 0.243185717949
TA.J40A.z -90.7406 43.3965 0.242514136842 0.241641589474
TA.Z19A.z -109.266 33.2921 0.250321959184 0.250840887755
TA.U40A.z -92.8535 36.3563 0.242680232323 0.243518535354
TA.H13A.z -114.255 44.5642 0.248119216216 0.248042885135
TA.X60A.z -77.9768 34.5773 0.2431797875 0.2431422
TA.Y32A.z -99.442 34.0036 0.246601946809 0.246829425532
TA.S54A.z -81.3114 37.7997 0.243296283019 0.243854443396
TA.N02C.z -123.306 40.822 0.25230655 0.248917725
TA.Y19A.z -109.254 33.9571 0.250410618182 0.249312390909
TA.J26A.z -103.075 43.3126 0.244915846154 0.244751076923
TA.DGMT.z -104.196 48.4702 0.246143362319 0.245587710145
TA.453A.z -84.3197 30.8541 0.245970375 0.244544329545
TA.Y56A.z -81.3047 33.7922 0.244935435294 0.243957682353
TA.L36A.z -94.6676 42.1009 0.241608153846 0.241141615385
TA.A06A.z -121.48 49.0983 0.248567714286 0.247364054945
TA.R05C.z -120.076 38.7028 0.248752160714 0.247340285714
TA.B23A.z -104.991 48.4643 0.247717348315 0.247450775281
TA.R55A.z -80.1195 38.2825 0.245051540541 0.245713333333
TA.L33A.z -97.2724 42.1659 0.24356912 0.24378145
TA.356A.z -82.1275 31.3247 0.244387030612 0.243134204082
TA.D46A.z -84.0357 46.891 0.243493633663 0.243596564356
TA.T11A.z -115.22 37.2408 0.252369846154 0.254363940171
TA.R60A.z -76.5807 38.2684 0.245843302326 0.244942476744
TA.S37A.z -94.8279 37.7597 0.245252853333 0.244355733333
TA.F64A.z -68.3496 45.8633 0.244444891566 0.244720313253
TA.N18A.z -109.673 40.9763 0.249579352941 0.245498058824
TA.O35A.z -95.9097 40.2665 0.243296718447 0.242899572816
TA.MIAR.z -93.5765 34.5454 0.247440977273 0.246076704545
TA.O07A.z -118.877 40.1614 0.253346095238 0.252599428571
TA.E22A.z -105.949 46.4386 0.245829071429 0.245378836735
TA.K43A.z -88.332 42.7044 0.242789263158 0.242147276316
TA.Q23A.z -105.834 38.9045 0.248272669811 0.246680490566
TA.N37A.z -94.2095 40.7582 0.243501928571 0.242334163265
TA.T43A.z -90.2878 37.0833 0.245205611111 0.242617055556
TA.B13A.z -114.468 48.3739 0.244847181818 0.245465531469
TA.V55A.z -81.2149 35.8518 0.243605366071 0.243109232143
TA.O49A.z -84.3353 40.188 0.24358154 0.2449268
TA.TUQ.z -115.924 35.4358 0.246082428571 0.245846428571
TA.G42A.z -88.4277 45.2418 0.24493344 0.244269493333
TA.I21A.z -107.292 43.8122 0.245223234783 0.24274826087
TA.K28A.z -101.367 42.7136 0.24386325 0.243924945652
TA.FMP.z -118.294 33.7126 0.252069333333 0.24913869697
TA.I05A.z -121.268 44.1626 0.251352963415 0.250941695122
TA.062Z.z -81.0523 24.7266 0.247730878505 0.246892149533
TA.222A.z -107.101 32.1046 0.250520913462 0.250896269231
TA.J11A.z -115.828 43.4151 0.250684984 0.249306872
TA.441A.z -93.1898 30.7498 0.247478786408 0.245704747573
TA.F46A.z -84.7586 45.7737 0.243831277778 0.243696444444
TA.V17A.z -110.794 35.6218 0.24881579661 0.249010135593
TA.FUR.z -116.863 36.4672 0.248491263158 0.245987105263
TA.VBMS.z -90.5177 32.2185 0.24467182243 0.245346794393
TA.E17A.z -110.858 46.462 0.245079309091 0.244061590909
TA.I03A.z -123.278 43.9726 0.249494111111 0.249632984127
TA.M26A.z -103.143 41.4661 0.245391391753 0.246050319588
TA.D56A.z -74.7568 47.0485 0.245437564706 0.243914952941
TA.B32A.z -96.5363 48.3951 0.24605878125 0.246044375
TA.442A.z -92.4314 30.7119 0.245837300971 0.245032601942
TA.BNLO.z -122.173 37.1311 0.250348903846 0.252470826923
TA.220A.z -108.527 31.9041 0.249265038095 0.250440219048
TA.I57A.z -75.6599 43.9377 0.244882458824 0.245484717647
TA.R26A.z -103.447 38.3009 0.247205916667 0.245245138889
TA.B18A.z -109.777 48.3943 0.246083306122 0.244958153061
TA.K63A.z -71.5283 42.6888 0.242498880435 0.242089945652
TA.C22A.z -105.884 47.7456 0.248338870588 0.249644329412
TA.L19A.z -109.357 42.1012 0.246565201923 0.244069942308
TA.L65A.z -70.0528 42.0295 0.2474716875 0.2468065875
TA.X50A.z -85.6486 34.4596 0.245077789474 0.242559736842
TA.F25A.z -103.458 45.9256 0.24270595283 0.242505603774
TA.LRAL.z -86.9978 33.0348 0.246400772152 0.244582
TA.O44A.z -88.4671 40.1526 0.2410228625 0.2411402125
TA.I08A.z -118.569 43.9104 0.251235747253 0.25046867033
TA.J48A.z -83.7849 43.2986 0.244481551724 0.243684103448
TA.Z55A.z -82.1359 33.2211 0.245025333333 0.244025074074
TA.T35A.z -96.5121 36.9161 0.244358125 0.244229045455
TA.L44A.z -87.9119 42.1782 0.242241010638 0.241682914894
TA.Z45A.z -89.6913 33.3705 0.242775871795 0.242604269231
TA.CBN.z -77.3732 38.2046 0.247823025974 0.245745532468
TA.H34A.z -95.777 44.6673 0.242786803738 0.242091158879
TA.L63A.z -71.6095 41.8631 0.243695333333 0.243391638889
TA.A08A.z -119.272 48.9534 0.247753692308 0.249583197802
TA.157A.z -80.9972 32.678 0.245841445455 0.245307109091
TA.G29A.z -99.9234 45.1926 0.24481934375 0.243162885417
TA.S16A.z -111.596 37.7222 0.247961690722 0.246550515464
TA.C30A.z -98.4783 47.7026 0.245986712871 0.243616772277
TA.S13A.z -113.86 37.5808 0.253547150442 0.253527823009
TA.Q61A.z -75.3256 38.8799 0.243648967742 0.243074451613
TA.221A.z -107.778 32.0094 0.249414198198 0.250026918919
TA.I26A.z -102.86 44.0309 0.243507571429 0.243707265306
TA.O51A.z -82.6056 40.147 0.244540462963 0.242756888889
TA.P47A.z -86.2699 39.4869 0.246077182927 0.245174146341
TA.H19A.z -108.986 44.6704 0.245262588785 0.244089785047
TA.D47A.z -83.1038 47.0558 0.2413448 0.240848904762
TA.E26A.z -102.462 46.4712 0.243409240741 0.243166685185
TA.X26A.z -103.81 34.5508 0.247351942308 0.246790634615
TA.I07A.z -119.504 44.082 0.250751473684 0.250414789474
TA.229A.z -101.811 31.9671 0.246284154639 0.245896340206
TA.K58A.z -75.6473 42.7633 0.24400190625 0.245105291667
TA.W30A.z -100.577 35.1818 0.24602548913 0.246202391304
TA.D52A.z -78.4117 46.9764 0.241392926829 0.239318902439
TA.H42A.z -88.5311 44.5091 0.244179108108 0.242767283784
TA.553A.z -84.4317 30.189 0.2445758875 0.244738
TA.A30A.z -98.3009 48.9402 0.24843237 0.24659796
TA.L60A.z -74.2226 41.989 0.247643393258 0.247841157303
TA.959A.z -80.8791 27.524 0.245266211111 0.245514411111
TA.H38A.z -92.282 44.6753 0.24224867 0.2413161
TA.B21A.z -107.017 48.4278 0.243991928571 0.241754845238
TA.F03A.z -123.559 45.9306 0.247689297619 0.248775440476
TA.K56A.z -77.3244 42.6981 0.247435261364 0.247439943182
TA.PAL.z -73.9079 41.0056 0.245447101124 0.245635089888
TA.O02C.z -122.788 40.1767 0.2498878 0.248616061538
TA.M33A.z -97.195 41.5726 0.243041089888 0.24349894382
TA.150A.z -86.022 32.6067 0.244030878788 0.241891939394
TA.P44A.z -88.6209 39.4676 0.241361944444 0.241463402778
TA.T59A.z -77.5541 36.9716 0.243783714286 0.24315552381
TA.L48A.z -84.4329 41.9438 0.245062754717 0.24554854717
TA.F39A.z -90.919 45.9153 0.243477679487 0.242184820513
TA.SMM.z -119.996 35.3142 0.246346358974 0.247004384615
TA.K19A.z -108.847 42.8247 0.245988394231 0.245305480769
TA.149A.z -86.7916 32.5983 0.245968410959 0.243331835616
TA.E33A.z -96.0054 46.5035 0.243169654762 0.240744333333
TA.L11A.z -115.754 42.1669 0.251902291667 0.252722883333
TA.H62A.z -71.1559 44.5743 0.245412931034 0.244255022989
TA.T32A.z -98.9247 37.1797 0.246538763441 0.243334258065
TA.C19A.z -109.049 47.7343 0.244605686275 0.242905078431
TA.N17A.z -110.834 40.9425 0.248077299065 0.244472588785
TA.455A.z -83.026 30.7422 0.243455735632 0.243156678161
TA.T55A.z -80.7843 37.117 0.246814009524 0.245345952381
TA.B07A.z -120.12 48.4607 0.245911831579 0.244107863158
TA.W29A.z -101.648 35.1212 0.24364878022 0.243612593407
TA.L55A.z -78.4368 42.1831 0.2455948625 0.2432899
TA.D06A.z -120.844 47.1935 0.251772368421 0.251143442105
TA.V42A.z -91.39 35.806 0.243054766667 0.242016077778
TA.146A.z -89.0573 32.6368 0.245739172043 0.245788688172
TA.J03A.z -122.965 43.3717 0.252467568627 0.249256470588
TA.135A.z -97.4099 32.5573 0.246788020619 0.24755243299
TA.J59A.z -74.5041 43.4647 0.244671045455 0.244940693182
TA.N10A.z -116.508 40.7186 0.252922871287 0.254496613861
TA.G43A.z -87.6861 45.2572 0.243312815789 0.243587026316
TA.Z53A.z -83.5713 33.2801 0.247168890909 0.244377127273
TA.D59A.z -71.8358 47.0073 0.244656227273 0.243331681818
TA.148A.z -87.571 32.6469 0.2467945 0.243695421875
TA.O16A.z -111.502 40.2067 0.25141964486 0.250703242991
TA.Z24A.z -105.365 33.3298 0.248827907692 0.247806553846
TA.W47A.z -87.5946 35.2511 0.244416507937 0.244144285714
TA.E61A.z -70.489 46.4312 0.243340829545 0.243275840909
TA.N32A.z -98.2955 40.7639 0.245749584906 0.244425216981
TA.I24A.z -104.626 43.8594 0.245778020202 0.246243939394
TA.C27A.z -101.503 47.7139 0.244292965517 0.243681701149
TA.D53A.z -77.7001 47.0795 0.241712166667 0.241252361111
TA.452A.z -85.183 30.8492 0.243968925373 0.243552164179
TA.G61A.z -71.5273 45.2827 0.2470946 0.248147433333
TA.T49A.z -85.5334 37.105 0.244070571429 0.243493942857
TA.J06A.z -120.153 43.2515 0.247715892473 0.249477623656
TA.F34A.z -95.2581 45.7954 0.24405044086 0.242949290323
TA.L64A.z -70.8391 41.9359 0.243821216216 0.244394932432
TA.N34A.z -96.5005 40.8378 0.245008553398 0.243218825243
TA.D13A.z -114.459 47.0943 0.243981873239 0.243717978873
TA.248A.z -87.7393 32.094 0.247235792079 0.244327485149
TA.Q44A.z -89.017 38.9032 0.243046262626 0.242294111111
TA.J10A.z -116.767 43.4275 0.249073556522 0.247149452174
TA.H48A.z -83.3249 44.7006 0.241988870588 0.241505435294
TA.M12A.z -114.915 41.4157 0.250182435644 0.252273237624
TA.155A.z -82.4665 32.6219 0.246357891304 0.24642626087
TA.S51A.z -83.5935 37.6392 0.24266072 0.24391854
TA.S43A.z -90.0754 37.5716 0.242237387755 0.244414642857
TA.R30A.z -100.277 38.2844 0.244496037383 0.243664719626
TA.W59A.z -78.443 35.1673 0.246469077922 0.246661090909
TA.Z23A.z -106.232 33.2621 0.245775104478 0.245478119403
TA.C35A.z -93.9763 47.7007 0.244911382979 0.244132308511
TA.S55A.z -80.5013 37.7724 0.245343715596 0.244094009174
TA.M51A.z -82.1831 41.3321 0.243338753846 0.241792438462
TA.W42A.z -91.5224 35.2732 0.242535146667 0.243629933333
TA.A28A.z -100.267 48.9096 0.2426841 0.24284741
TA.657A.z -81.8665 29.5852 0.246266104478 0.245954955224
TA.G06A.z -120.635 45.2357 0.249426418182 0.248385636364
TA.F49A.z -82.0423 45.7627 0.24004540367 0.240846990826
TA.152A.z -84.7188 32.6686 0.247674652632 0.246652157895
TA.340A.z -93.8896 31.4167 0.24756742268 0.248909371134
TA.H27A.z -102.077 44.6329 0.243335639535 0.242152197674
TA.Z22A.z -106.964 33.2555 0.248153337079 0.247546426966
TA.B10A.z -117.225 48.2995 0.24715056701 0.245459608247
TA.A19A.z -108.743 48.9286 0.244725623762 0.243906158416
TA.RCT.z -119.244 36.3052 0.248107333333 0.247836545455
TA.V20A.z -108.466 35.7992 0.250162087379 0.247728961165
TA.G18A.z -109.563 45.3171 0.242467932692 0.242490903846
TA.V32A.z -99.0437 35.7202 0.246435257732 0.244808216495
TA.LGU.z -119.066 34.1082 0.254379130435 0.250116956522
TA.U55A.z -81.0472 36.5023 0.246175320755 0.246621141509
TA.327A.z -103.492 31.3691 0.248723295455 0.246868818182
TA.O03C.z -122.032 39.9971 0.24853175 0.24702905
TA.J63A.z -71.0781 43.2792 0.242253418605 0.240793313953
TA.L41A.z -90.4977 42.0751 0.242083086538 0.242341028846
TA.MCWV.z -79.8456 39.6581 0.245107117647 0.243605764706
TA.319A.z -109.281 31.3757 0.249112097826 0.248592521739
TA.Q34A.z -96.9408 38.9214 0.245294505747 0.246374241379
TA.GOGA.z -83.4666 33.4112 0.242948873563 0.242064563218
TA.Q13A.z -114.02 38.9551 0.251272910891 0.251773336634
TA.O33A.z -97.5845 40.0755 0.245074959184 0.244515969388
TA.T24B.z -105.382 37.0624 0.2459028 0.246910533333
TA.Q56A.z -79.1871 39.041 0.245978989362 0.246533031915
TA.F29A.z -99.8273 45.8336 0.24468835 0.24357434
TA.539A.z -94.7236 30.1084 0.25032968 0.247483386667
TA.T34A.z -97.1883 37.0222 0.245626829787 0.245805095745
TA.LONY.z -74.5829 44.6197 0.244761678571 0.243219440476
TA.Q53A.z -81.5251 38.8586 0.244256901786 0.2493930625
TA.H24A.z -104.552 44.7473 0.246146037736 0.246300745283
TA.N42A.z -90.0345 40.829 0.241876307692 0.2434198
TA.I13A.z -114.117 43.9146 0.248484975309 0.249505592593
TA.P21A.z -107.449 39.524 0.248503224299 0.248069971963
TA.T27A.z -102.721 37.0614 0.246133505618 0.244418235955
TA.444A.z -90.7463 30.7153 0.246841703297 0.246726362637
TA.I02A.z -123.83 44.0035 0.251592387097 0.250929258065
TA.P20A.z -108.391 39.4998 0.248097827273 0.248147018182
TA.R04C.z -120.936 38.2571 0.250669770492 0.252022229508
TA.S14A.z -113.168 37.7601 0.248611873874 0.248451792793
TA.Y22A.z -106.965 33.937 0.249958908046 0.250343091954
TA.O24A.z -105.073 40.1227 0.248240126214 0.247287640777
TA.D09A.z -118.309 47.0615 0.246204329787 0.24560387234
TA.Q47A.z -86.4261 38.9362 0.243756863014 0.24230409589
TA.734A.z -98.5576 28.8473 0.247764061224 0.248326102041
TA.W14A.z -113.083 35.2127 0.248410396396 0.252890630631
TA.O28A.z -101.773 40.1262 0.24525149 0.24455245
TA.CBKS.z -99.7374 38.814 0.247913885714 0.246809185714
TA.Y18A.z -110.034 33.7776 0.250348853333 0.248472
TA.C06A.z -120.894 47.923 0.2492415375 0.2469121875
TA.Y37A.z -95.621 33.9789 0.246901333333 0.243896333333
TA.X15A.z -112.237 34.4866 0.2520718 0.25284881
TA.P39A.z -92.7549 39.4877 0.243714857143 0.242209357143
TA.555A.z -82.9666 30.1212 0.245638506329 0.243996974684
TA.K12A.z -114.903 42.636 0.249628365217 0.251474173913
TA.N44A.z -88.1333 40.7953 0.243764128571 0.243077357143
TA.957A.z -82.2357 27.6702 0.244148673913 0.2434325
TA.U41A.z -91.9203 36.344 0.242732627907 0.242441627907
TA.J24A.z -104.661 43.3305 0.2429475 0.243706381356
TA.R16A.z -111.483 38.2843 0.249383 0.248554178947
TA.P09A.z -117.14 39.5516 0.249774674157 0.248636719101
TA.Z36A.z -96.4344 33.2702 0.248887338235 0.245170367647
TA.I62A.z -71.3359 43.8743 0.246590977273 0.245339625
TA.123A.z -106.262 32.6349 0.247216085106 0.248603553191
TA.BINY.z -75.9861 42.1993 0.243409895349 0.244581104651
TA.Z40A.z -93.3995 33.2584 0.248194979167 0.247990333333
TA.SSPA.z -77.8876 40.6358 0.24420226506 0.243746518072
TA.C17A.z -110.763 47.6327 0.245852262626 0.245830949495
TA.435B.z -97.585 30.7827 0.247792925532 0.247619553191
TA.F43A.z -87.1694 45.8313 0.239223855422 0.239032493976
TA.D20A.z -108.136 47.0911 0.245911368421 0.245678094737
TA.MDND.z -99.6029 47.8481 0.24669275 0.24496584375
TA.T21A.z -107.534 36.9914 0.247671763158 0.247273039474
TA.SDCO.z -105.501 37.7456 0.252085 0.250201608696
TA.O19A.z -109.124 40.2982 0.247168157025 0.245770355372
TA.F63A.z -69.1029 45.703 0.245111641975 0.245719493827
TA.J43A.z -88.4185 43.3808 0.242435065789 0.240433223684
TA.H07A.z -119.565 44.5913 0.24914656044 0.250012461538
TA.K29A.z -100.318 42.7612 0.244364694737 0.243943315789
TA.RLMT.z -109.267 45.1221 0.245961878049 0.247466804878
TA.F51A.z -79.915 45.9284 0.239891088608 0.241346658228
TA.332A.z -99.7423 31.3829 0.246427287129 0.245135524752
TA.M21A.z -107.364 41.6067 0.249109166667 0.249073823529
TA.N60A.z -75.1 40.8704 0.245808282353 0.244718482353
TA.U29A.z -101.27 36.4519 0.248414012346 0.247125123457
TA.S04C.z -121.328 37.5049 0.250178685185 0.250809111111
TA.242A.z -92.1521 32.0617 0.246936682243 0.247685635514
TA.V36A.z -95.9425 35.7863 0.247401 0.246121467532
TA.223A.z -106.428 32.0062 0.250239578431 0.249531666667
TA.N46A.z -86.7352 40.8949 0.24229037037 0.243259444444
TA.H20A.z -107.999 44.4868 0.244801201835 0.242762091743
TA.U30A.z -100.651 36.5304 0.248037043011 0.247827516129
TA.G54A.z -78.0898 45.3979 0.242659057971 0.241415710145
TA.M14A.z -113.347 41.503 0.25135844898 0.251162642857
TA.Q42A.z -90.5331 38.912 0.242932747475 0.243665373737
TA.L21A.z -107.369 41.9641 0.247787009901 0.24720280198
TA.V35A.z -96.8378 35.7626 0.247736430233 0.247876011628
TA.F36A.z -93.5241 45.8618 0.24253656383 0.241253
TA.D63A.z -68.1066 47.037 0.243114903226 0.242707053763
TA.L17A.z -110.873 42.0995 0.245413666667 0.248485814815
TA.E32A.z -97.0701 46.5927 0.243769628205 0.243049551282
TA.060A.z -80.3618 27.0361 0.247455313131 0.246973010101
TA.F40A.z -90.1217 45.919 0.244348308511 0.243682829787
TA.C33A.z -95.7725 47.7586 0.243836426829 0.242137743902
TA.G46A.z -84.8621 45.3176 0.244706454545 0.244122204545
TA.V22A.z -106.909 35.9138 0.24941817 0.25014435
TA.454A.z -83.6302 30.7145 0.244117483146 0.24502405618
TA.K30A.z -99.6131 42.6742 0.245501395833 0.244365125
TA.K10A.z -116.87 42.7779 0.250282043103 0.251115448276
TA.440A.z -93.9587 30.7456 0.248055890411 0.245966452055
TA.I63A.z -70.5809 44.0505 0.243731555556 0.243932234568
TA.MONP2.z -116.422 32.892 0.25057427027 0.248936297297
TA.KSU1.z -96.6094 39.1009 0.242281488889 0.242515822222
TA.L31A.z -98.8387 42.176 0.243814 0.241569367925
TA.449A.z -87.2151 30.7596 0.246063972603 0.244880383562
TA.X44A.z -90.1462 34.4998 0.245901786667 0.244041893333
TA.V52A.z -83.5959 35.8417 0.245789936842 0.245633736842
TA.W58A.z -79.2333 35.0208 0.246802276316 0.247673315789
TA.N15A.z -112.52 40.8903 0.249095910448 0.248030201493
TA.C28A.z -100.387 47.7157 0.243692700935 0.241666841121
TA.TZTN.z -83.549 36.5439 0.243667319149 0.242786170213
TA.H29A.z -100.213 44.6261 0.2463473 0.245981311111
TA.H43A.z -87.7704 44.4697 0.244211435897 0.243512692308
TA.443A.z -91.7809 30.7642 0.246838682692 0.246726144231
TA.A17A.z -110.699 48.9448 0.248234178947 0.246223284211
TA.E53A.z -77.6638 46.3784 0.240119492754 0.240092086957
TA.451A.z -85.7467 30.616 0.244835421053 0.245273052632
TA.B25A.z -103.161 48.2716 0.245420979592 0.246042928571
TA.W36A.z -96.2264 35.1393 0.245249226804 0.244442195876
TA.H53A.z -78.5832 44.5736 0.241399708333 0.241551305556
TA.122A.z -107.001 32.6995 0.251931736842 0.251394842105
TA.H58A.z -74.1798 44.4176 0.245332370787 0.244890955056
TA.C04A.z -122.972 47.7172 0.2474716375 0.2462487875
TA.N36A.z -94.9604 40.8156 0.241799619565 0.242542717391
TA.P23A.z -105.839 39.3741 0.248654057692 0.245947798077
TA.V57A.z -79.7758 35.8875 0.246412816092 0.246245402299
TA.L08A.z -118.344 42.1901 0.247813411765 0.249349068627
TA.ARV.z -118.83 35.1269 0.249196033333 0.251125933333
TA.N19A.z -109.177 40.8936 0.246279736264 0.244986450549
TA.L50A.z -82.8095 42.043 0.242449044944 0.240498067416
TA.236A.z -96.531 31.9997 0.245038036585 0.246246682927
TA.U13A.z -113.965 36.4151 0.253181744186 0.254711
TA.J49A.z -83.1389 43.36 0.243654611111 0.242394644444
TA.B04A.z -123.504 48.0575 0.246863177215 0.246592417722
TA.538A.z -95.49 30.2219 0.247813623529 0.248773364706
TA.B11A.z -116.367 48.4366 0.24760446988 0.246153180723
TA.Y29A.z -101.671 33.8602 0.248808848837 0.245802023256
TA.K25A.z -103.87 42.612 0.244217019417 0.245015407767
TA.F33A.z -96.2929 45.8398 0.243252729167 0.241752416667
TA.HAST.z -121.551 36.3887 0.24787890566 0.249058113208
TA.253A.z -84.1294 32.0612 0.24702932967 0.245539725275
TA.234A.z -98.1368 32.004 0.244723685714 0.243580609524
TA.N29A.z -100.626 40.8189 0.244223546512 0.24398194186
TA.O58A.z -76.9228 40.1231 0.247646655556 0.246634433333
TA.M65A.z -70.6466 41.562 0.245014 0.244297246575
TA.F24A.z -104.445 45.8452 0.242618587629 0.242044298969
TA.X47A.z -87.8571 34.5178 0.245448308824 0.241359308824
TA.Y13A.z -113.829 33.8142 0.252215848837 0.249963081395
TA.V13A.z -113.984 35.8522 0.251000226087 0.250412365217
TA.S40A.z -92.5014 37.5988 0.2438142 0.242362541176
TA.G36A.z -93.7509 45.2344 0.243936784091 0.243574045455
TA.Q21A.z -107.574 38.8347 0.248632594059 0.250107633663
TA.GSC.z -116.806 35.3018 0.252551472222 0.253379527778
TA.P22A.z -106.759 39.5952 0.248678626263 0.245334424242
TA.X31A.z -99.9793 34.6309 0.245750144231 0.245828653846
TA.554A.z -83.6836 30.0841 0.243583650794 0.242168206349
TA.224A.z -105.523 32.076 0.247619280374 0.24730346729
TA.L02A.z -123.602 42.156 0.250214907692 0.251095215385
TA.B26A.z -102.234 48.3762 0.245256176471 0.243903211765
TA.N09A.z -117.524 40.852 0.251578313253 0.251296084337
TA.E31A.z -97.8879 46.5583 0.241997505495 0.240273593407
TA.Y36A.z -96.2848 33.8996 0.248008010989 0.245754824176
TA.J19A.z -109.053 43.2649 0.247904272727 0.246365636364
TA.141A.z -92.9049 32.6046 0.246624181818 0.246456606061
TA.R52A.z -82.6443 38.3366 0.243508505263 0.242544715789
TA.T18A.z -109.874 37.1364 0.248950622642 0.246949575472
TA.D60A.z -70.9237 46.9139 0.246998461538 0.245369384615
TA.F59A.z -72.7833 45.8513 0.243557658537 0.242920219512
TA.L28A.z -101.52 42.0073 0.24664585567 0.245283814433
TA.Y16A.z -111.478 33.8798 0.250475284211 0.252986873684
TA.A12A.z -115.653 48.9339 0.245460503546 0.248010964539
TA.A07A.z -120.384 49.048 0.248808264706 0.248617941176
TA.L16A.z -111.432 42.0149 0.246696089286 0.245889607143
TA.L56A.z -77.5591 42.1365 0.24246883908 0.24272537931
TA.U34A.z -97.5354 36.4365 0.247596066667 0.2463962
TA.P14A.z -113.069 39.5906 0.252190802469 0.252138728395
TA.I33A.z -96.7989 44.0475 0.242700788889 0.242255744444
TA.D15A.z -112.52 47.0418 0.24789030719 0.246742875817
TA.X13A.z -113.83 34.5935 0.251127568182 0.250744988636
TA.A05A.z -122.085 48.9983 0.247939683673 0.247063581633
TA.P41A.z -91.0619 39.675 0.242076087912 0.241991351648
TA.R48A.z -85.8714 38.4001 0.242455067568 0.241750959459
TA.S53A.z -82.1264 37.6815 0.243999183486 0.243130844037
TA.K06A.z -120.251 42.7991 0.250746622951 0.252345262295
TA.L47A.z -85.2021 41.9756 0.241858735294 0.242256294118
TA.O56A.z -78.5663 40.2683 0.244457557895 0.243992642105
TA.I41A.z -89.8697 44.0592 0.242742977011 0.241718781609
TA.N07B.z -118.971 40.7797 0.250717553191 0.24998906383
TA.T16A.z -111.506 36.9839 0.24911225 0.249271701923
TA.136A.z -96.5297 32.4746 0.245977791667 0.24546425
TA.R32A.z -98.7111 38.4225 0.243487729167 0.24256828125
TA.JFWS.z -90.2481 42.9142 0.241524771429 0.240005571429
TA.RSSD.z -104.036 44.1212 0.246782935897 0.247111179487
TA.E34A.z -95.1691 46.5136 0.244054488889 0.242100366667
TA.C03A.z -124.566 47.9475 0.249373225806 0.249122225806
TA.M03C.z -122.122 41.2742 0.248386280702 0.245919631579
TA.O21A.z -107.47 40.2149 0.249275495413 0.249217651376
TA.R56A.z -79.4031 38.4071 0.246386102273 0.245169909091
TA.W52A.z -83.9277 35.0935 0.244709585859 0.244123040404
TA.445A.z -90.338 30.7303 0.249198393617 0.249170648936
TA.A25A.z -103.113 48.9388 0.24981572549 0.248001313725
TA.H36A.z -93.9281 44.5775 0.245338445545 0.24272119802
TA.N56A.z -78.2953 40.9171 0.247839988372 0.246121802326
TA.G16A.z -111.805 45.2285 0.247538785714 0.247267367347
TA.X41A.z -92.5137 34.4949 0.247200833333 0.247340114583
TA.V62A.z -75.957 35.5612 0.246044980198 0.245215257426
TA.G23A.z -105.391 45.2012 0.243064475248 0.243377405941
TA.631A.z -100.576 29.4123 0.246740686869 0.246682525253
TA.Z42A.z -91.9474 33.2739 0.246269788889 0.245786677778
TA.P17A.z -110.74 39.473 0.247982733333 0.246972171429
TA.A32A.z -96.4935 48.9172 0.24687397561 0.245190231707
TA.B20A.z -108.021 48.4389 0.242813195876 0.240750948454
TA.D26A.z -102.436 47.0301 0.246391787879 0.245014686869
TA.P05C.z -120.608 39.3028 0.251906576271 0.249676288136
TA.P51A.z -83.0601 39.4818 0.244158445378 0.24276507563
TA.A10A.z -117.559 48.9813 0.249283170213 0.248560489362
TA.I15A.z -112.485 43.9997 0.250721791667 0.253357416667
TA.T51A.z -83.9454 36.9655 0.244153527473 0.242833769231
TA.O26A.z -103.313 40.2422 0.244676380952 0.243454666667
TA.K40A.z -91.1383 42.6999 0.242782445545 0.24098060396
TA.P11A.z -115.754 39.553 0.249307575 0.249794408333
TA.214A.z -112.812 31.9559 0.252302381818 0.251346945455
TA.B12A.z -115.589 48.4694 0.245343882353 0.24516375
TA.I53A.z -79.5912 43.8238 0.243045783784 0.24149972973
TA.X43A.z -90.8812 34.518 0.247387935065 0.247111701299
TA.124A.z -105.454 32.7001 0.24669269 0.24707501
TA.T54A.z -81.5762 37.0608 0.246619792793 0.244770063063
TA.732A.z -99.9707 28.7292 0.245429391304 0.24707276087
TA.T22A.z -106.903 37.0138 0.248595506173 0.249207444444
TA.Q37A.z -94.4522 38.8763 0.245863854545 0.244233936364
TA.F19A.z -108.944 45.8538 0.244614639175 0.243640061856
TA.C26A.z -102.096 47.8259 0.242779093023 0.241380825581
TA.J15A.z -112.433 43.3998 0.248798150538 0.251396408602
TA.I23A.z -105.463 43.9605 0.246183150943 0.245114245283
TA.Q48A.z -85.7311 38.9295 0.242911346939 0.242164561224
TA.Z43A.z -91.2441 33.21 0.245430681319 0.24435878022
TA.Y41A.z -92.6113 33.8807 0.245611388889 0.247005722222
TA.N23A.z -105.944 40.8947 0.244087686275 0.244017284314
TA.133A.z -98.9162 32.6083 0.243193095745 0.242467457447
TA.I38A.z -92.3306 44.0405 0.242598262626 0.241703686869
TA.W19A.z -109.388 35.1118 0.250229309278 0.249683226804
TA.J05A.z -121.236 43.2843 0.249273796875 0.2489254375
TA.V05C.z -119.903 35.8667 0.253478301887 0.252408
TA.S17A.z -110.802 37.6354 0.249412089109 0.248021217822
TA.J42A.z -89.1234 43.3179 0.244310828947 0.244483723684
TA.Z29A.z -101.706 33.2595 0.244957575342 0.241886808219
TA.M08A.z -118.379 41.4483 0.250736528736 0.25291737931
TA.KMSC.z -81.3333 35.142 0.2435700625 0.243115803571
TA.O60A.z -75.405 40.3177 0.245220554217 0.243800060241
TA.K11A.z -116.032 42.7713 0.253506420561 0.253473635514
TA.Y50A.z -85.7347 33.8911 0.243405576923 0.24349275641
TA.Z13A.z -113.657 33.1999 0.248484826087 0.249013869565
TA.228A.z -102.592 32.118 0.245356690722 0.243965030928
TA.060Z.z -80.556 26.4062 0.245160283784 0.244040094595
TA.134A.z -98.0795 32.5729 0.244414191011 0.243897932584
TA.N63A.z -72.5206 40.9878 0.24485577027 0.245862094595
TA.448A.z -87.8608 30.9309 0.24662412844 0.247079036697
TA.P13A.z -114.016 39.455 0.25291959375 0.253229385417
TA.S49A.z -85.2875 37.7849 0.243975079208 0.244644128713
TA.B17A.z -110.799 48.2921 0.246554520833 0.244626145833
TA.058A.z -81.8049 27.0569 0.246926925 0.2450620875
TA.T39A.z -93.3774 37.0241 0.240127934211 0.239741631579
TA.N40A.z -91.5837 40.8841 0.241924585106 0.240117893617
TA.T52A.z -82.9852 37.1076 0.245775574468 0.244116702128
TA.R57A.z -78.5232 38.297 0.244419853659 0.242256731707
TA.N53A.z -80.8377 40.8065 0.246759739583 0.243503927083
TA.P25A.z -104.168 39.5125 0.245904346939 0.244913030612
TA.I29A.z -100.303 44.0215 0.245215095745 0.245112638298
TA.F42A.z -88.1347 45.7587 0.239438384615 0.238534637363
TA.K52A.z -80.7139 42.7805 0.242625288889 0.242620577778
TA.Q22A.z -106.91 38.8627 0.249875271186 0.247700008475
TA.HDIL.z -89.294 40.5559 0.242776641304 0.242746413043
TA.526A.z -104.09 30.0609 0.247062208333 0.24791575
TA.857A.z -82.2291 28.267 0.246669083333 0.247235083333
TA.V45A.z -88.9591 35.7403 0.244266681818 0.244388511364
TA.U37A.z -95.1161 36.406 0.24536813253 0.244452096386
TA.E41A.z -88.9636 46.4643 0.242019554217 0.241357951807
TA.C34A.z -94.9106 47.6501 0.244139011628 0.243966360465
