TA.324A.z -105.483 31.4425 0.24792876699 0.246461213592
TA.118A.z -109.97 32.6399 0.253651103093 0.252943597938
TA.O10A.z -116.5 40.2917 0.252146953704 0.252751935185
TA.Z17A.z -110.472 33.2969 0.252935956044 0.253683307692
TA.TIGA.z -83.5898 31.4389 0.246519232323 0.245459656566
TA.M11A.z -115.791 41.4311 0.253817241667 0.2538861
TA.H14A.z -113.367 44.6165 0.250743351351 0.250569810811
TA.F48A.z -82.6185 45.8278 0.243281238938 0.24342200885
TA.L05A.z -120.834 42.0472 0.252428811594 0.251226869565
TA.Q50A.z -83.979 38.8436 0.244607434343 0.244316525253
TA.U15A.z -112.291 36.428 0.251224032258 0.251060827957
TA.B28A.z -100.362 48.4492 0.243260093458 0.242452074766
TA.B05A.z -122.096 48.2641 0.244645108108 0.243392689189
TA.M47A.z -85.6214 41.3594 0.242476857143 0.241598214286
TA.R50A.z -84.3274 38.2816 0.243900929293 0.244325363636
TA.W18A.z -109.736 35.1181 0.252341815217 0.252474315217
TA.M04C.z -121.839 41.7826 0.252907564516 0.253429241935
TA.635A.z -97.7736 29.3877 0.248658991379 0.248922155172
TA.A15A.z -112.733 48.9777 0.243504619048 0.242550180952
TA.EYMN.z -91.4953 47.9462 0.243815494624 0.243121193548
TA.Q26A.z -103.52 38.9234 0.24493775 0.244292175926
TA.K04A.z -121.731 42.6133 0.255112388889 0.253291740741
TA.J28A.z -101.236 43.4239 0.244236779817 0.243374889908
TA.E04A.z -122.72 46.5934 0.24747443662 0.246255985915
TA.F07A.z -119.928 45.8951 0.249927302752 0.251443568807
TA.S48A.z -86.0569 37.6574 0.242655346667 0.241821186667
TA.D57A.z -73.8878 47.0172 0.243643029412 0.243110985294
TA.D62A.z -69.0501 47.0819 0.244675219512 0.244942914634
TA.X50B.z -85.6499 34.4611 0.244699742424 0.245517151515
TA.R10A.z -116.302 38.2886 0.250666637097 0.250638419355
TA.F62A.z -69.9664 45.8968 0.242240072464 0.242224666667
TA.LAVA.z -120.74 38.7552 0.249609769231 0.249501246154
TA.U04C.z -120.783 36.3627 0.251926338983 0.250150711864
TA.N39A.z -92.5023 40.8776 0.242628798246 0.242370096491
TA.O15A.z -112.469 40.2807 0.251011681034 0.251386775862
TA.K07A.z -119.247 42.6912 0.251208051546 0.251570958763
TA.P52A.z -82.1325 39.6337 0.24556675969 0.244599596899
TA.R38A.z -93.9056 38.1868 0.243891662651 0.242235337349
TA.R53A.z -81.9522 38.3307 0.244155412281 0.245620991228
TA.Z31A.z -100.144 33.3183 0.246640913043 0.245277507246
TA.K42A.z -89.3457 42.7792 0.243014 0.242494826667
TA.H33A.z -96.7434 44.6812 0.243803584906 0.243475509434
TA.241A.z -92.9188 32.0227 0.2487947 0.248718645455
TA.N55A.z -78.9862 40.7808 0.244699929412 0.244099082353
TA.B06A.z -121.484 48.5183 0.248033969388 0.245877826531
TA.Q25A.z -104.247 38.9145 0.246099247619 0.245999533333
TA.J36A.z -94.3395 43.3292 0.240976757009 0.240048102804
TA.D22A.z -106.18 47.1498 0.245901425743 0.245395019802
TA.L35A.z -95.5448 42.1123 0.241617649485 0.240393762887
TA.I37A.z -93.4003 44.0148 0.242686891892 0.241767675676
TA.K46A.z -85.7834 42.6864 0.2411478125 0.24066284375
TA.933A.z -99.2746 27.6133 0.246926634783 0.246660504348
TA.D17A.z -110.687 47.1523 0.248337823529 0.247495578431
TA.Y49A.z -86.4119 33.8577 0.243977033333 0.243368422222
TA.M13A.z -114.165 41.3602 0.254155794643 0.254601776786
TA.R36A.z -95.504 38.3237 0.245189425743 0.242697089109
TA.IRM.z -115.145 34.1574 0.254700264706 0.251892441176
TA.JCT.z -99.8022 30.4794 0.245392568627 0.245054647059
TA.V27A.z -102.836 35.7569 0.248147222222 0.247667419753
TA.J20A.z -108.084 43.3531 0.248784671875 0.246898960938
TA.SNCC.z -119.524 33.2479 0.25423 0.251628714286
TA.Q11A.z -115.654 38.8455 0.250441358974 0.251024794872
TA.H57A.z -75.3905 44.4624 0.246549195122 0.244197439024
TA.233A.z -98.8998 32.0179 0.242035268041 0.241341329897
TA.Y42A.z -91.7871 33.8364 0.24421106 0.24626631
TA.O54A.z -80.3778 40.1821 0.245199034884 0.244851918605
TA.226A.z -104.101 32.0618 0.245456395833 0.245369895833
TA.330A.z -101.175 31.4063 0.246896583333 0.244514666667
TA.W34A.z -97.7733 35.2352 0.247282068627 0.246599647059
TA.121A.z -107.785 32.5324 0.251589130435 0.2521614
TA.733A.z -99.2939 28.7192 0.249786093458 0.250526859813
TA.K09A.z -117.725 42.6996 0.250359510417 0.251325895833
TA.V21A.z -107.638 35.8054 0.250471343137 0.250301803922
TA.TUL1.z -95.7919 35.9104 0.245780537634 0.245822731183
TA.M59A.z -75.4321 41.5413 0.245038247423 0.245865175258
TA.P16A.z -111.66 39.6092 0.249965026549 0.251852017699
TA.116A.z -111.704 32.5618 0.252114704762 0.252211533333
TA.G26A.z -102.599 45.2937 0.244658622642 0.243594396226
TA.545A.z -90.4894 30.0441 0.247407897959 0.247005173469
TA.I61A.z -72.2087 43.9323 0.244897241758 0.244219505495
TA.V54A.z -81.9478 35.7771 0.243778991736 0.243874735537
TA.F08A.z -118.777 45.7971 0.251187836538 0.250033163462
TA.K35A.z -95.2328 42.7218 0.24356452381 0.24274372619
TA.R31A.z -99.5271 38.2888 0.245954057143 0.245727552381
TA.W15A.z -112.267 35.1787 0.252579839286 0.253472053571
TA.428A.z -102.685 30.7263 0.24791398 0.24740501
TA.M54A.z -79.6647 41.5079 0.246098802198 0.242982626374
TA.BLA.z -80.4205 37.2113 0.2476608 0.24549804
TA.D05A.z -121.989 47.1881 0.247265305882 0.246821835294
TA.154A.z -83.1066 32.6131 0.24387105814 0.243858930233
TA.N25A.z -104.087 40.8132 0.248479693694 0.247716306306
TA.I28A.z -101.169 43.9996 0.245395193548 0.24352688172
TA.R18A.z -109.894 38.3862 0.250601106796 0.247745621359
TA.D14A.z -113.506 47.0816 0.246927171053 0.24590675
TA.E36A.z -93.2557 46.5177 0.243004112245 0.241718438776
TA.I59A.z -73.8744 43.7957 0.247241438202 0.244587325843
TA.345A.z -90.0309 31.308 0.247438406593 0.248083285714
TA.E47A.z -83.2777 46.4547 0.24310186 0.24363989
TA.G15A.z -112.489 45.166 0.250807377483 0.251069695364
TA.542A.z -92.5513 30.1247 0.24985083908 0.249676091954
TA.127A.z -103.357 32.6764 0.245894009009 0.244358945946
TA.F44A.z -86.4226 45.9737 0.241154443038 0.240086316456
TA.C31A.z -97.7336 47.7927 0.245760188889 0.243627144444
TA.Y40A.z -93.2798 34.0124 0.245114303922 0.245712098039
TA.IBP.z -116.093 32.6611 0.250042 0.246193
TA.IBP.z -116.093 32.6612 0.259247809524 0.257201904762
TA.X20A.z -108.498 34.5421 0.250663345794 0.25201135514
TA.M43A.z -88.9581 41.4365 0.2417546 0.243076225
TA.G32A.z -97.4994 45.2555 0.2439696875 0.24313071875
TA.E55A.z -76.0572 46.4538 0.242018638554 0.241337518072
TA.OXF.z -89.4092 34.5118 0.245227163636 0.243434018182
TA.456A.z -82.0223 30.7248 0.247154744898 0.245956653061
TA.V53A.z -82.8124 35.6694 0.246841285714 0.245423071429
TA.U49A.z -85.7796 36.5129 0.245668190476 0.245289761905
TA.H59A.z -73.6905 44.6455 0.24666152809 0.245454044944
TA.Y17A.z -110.844 33.6953 0.256266222222 0.253748181818
TA.D24A.z -104.327 47.1152 0.24325208 0.24286709
TA.MUR.z -117.195 33.6 0.248663446809 0.247858446809
TA.P33A.z -97.6946 39.4363 0.246183885714 0.246438066667
TA.N48A.z -85.0271 40.8591 0.24128156 0.24078119
TA.LBNH.z -71.9259 44.2401 0.243494402299 0.242875942529
TA.K37A.z -93.6388 42.7669 0.243102349057 0.241716028302
TA.G08A.z -118.96 45.2904 0.250880965517 0.250215189655
TA.M19A.z -109.157 41.5047 0.246709214953 0.243996897196
TA.F20A.z -108.149 45.8006 0.245737826087 0.244633773913
TA.D37A.z -92.4262 47.1581 0.242204031579 0.241213557895
TA.I58A.z -74.9733 43.6901 0.2497054 0.247637566667
TA.ACSO.z -82.982 40.2319 0.246733277778 0.246966138889
TA.W24A.z -105.408 35.2106 0.250327773585 0.24999309434
TA.X46A.z -88.5844 34.5564 0.244412708333 0.243765638889
TA.F58A.z -73.8145 45.8663 0.246158593407 0.244739120879
TA.CCM.z -91.2446 38.0557 0.24442 0.241157396552
TA.758A.z -81.1996 28.9621 0.247427333333 0.24689426087
TA.P50A.z -83.7988 39.6086 0.243451315315 0.242201981982
TA.U16A.z -111.13 36.1428 0.250811134454 0.251266579832
TA.I12A.z -115.133 43.7945 0.2500029375 0.2497244375
TA.SBC.z -119.715 34.4408 0.25285302439 0.253198268293
TA.A11A.z -116.363 48.958 0.24710550495 0.249546742574
TA.C25A.z -103.256 47.7124 0.241384573034 0.242294269663
TA.Y30A.z -100.898 33.8766 0.245590766667 0.245598766667
TA.G33A.z -96.4383 45.1946 0.24268981 0.24100442
TA.P42A.z -90.3443 39.5853 0.242189552083 0.243522729167
TA.D61A.z -70.1868 47.2022 0.243190413043 0.243178673913
TA.M60A.z -74.625 41.3265 0.244765825581 0.242953139535
TA.D41A.z -88.5657 47.0605 0.242182565217 0.241924347826
TA.M07A.z -119.171 41.3884 0.257156366667 0.257565944444
TA.A27A.z -101.241 48.9533 0.244791443299 0.244242896907
TA.M10A.z -116.54 41.522 0.252284416667 0.252875883333
TA.AMTX.z -101.681 34.8837 0.24944738 0.24815414
TA.J14A.z -113.518 43.3234 0.249911722222 0.252980009259
TA.R25A.z -104.283 38.1474 0.248245247706 0.247289293578
TA.I04A.z -122.411 43.7941 0.250461072727 0.248218909091
TA.B27A.z -101.26 48.4044 0.243118505376 0.242513129032
TA.A22A.z -105.915 48.9926 0.246663435644 0.245872158416
TA.K20A.z -108.342 42.6579 0.248770648148 0.247244796296
TA.U43A.z -90.4057 36.3693 0.242500857143 0.244293545455
TA.SCI2.z -118.547 32.9799 0.253632552632 0.253667368421
TA.G60A.z -72.3337 45.0977 0.245465252747 0.245683692308
TA.D33A.z -95.8448 47.1404 0.244860059524 0.244806714286
TA.I25A.z -103.732 44.0196 0.245623236842 0.244812754386
TA.859A.z -80.8984 28.0592 0.246253550562 0.245335438202
TA.V44A.z -89.8954 35.8282 0.241621142857 0.24159
TA.X23A.z -106.188 34.581 0.249784186275 0.249309558824
TA.120A.z -108.633 32.5466 0.251239198276 0.251531543103
TA.J58A.z -75.2852 43.3603 0.245132602041 0.243548744898
TA.O31A.z -99.3261 40.1521 0.245510709091 0.243472109091
TA.J54A.z -78.6392 43.2728 0.244433243902 0.243235719512
TA.DWPF.z -81.4327 28.1103 0.246334933333 0.245935388889
TA.142A.z -91.9457 32.5488 0.246921654545 0.246756209091
TA.S45A.z -88.5804 37.6774 0.245410522124 0.245582867257
TA.Y25A.z -104.693 33.9229 0.249879696078 0.248468362745
TA.ABTX.z -99.6431 32.6238 0.245677044776 0.244120574627
TA.T15A.z -112.382 37.0183 0.251530336 0.250841408
TA.T48A.z -86.3943 37.1094 0.243590106061 0.242925212121
TA.F23A.z -105.406 45.7212 0.243631222222 0.243396455556
TA.P10A.z -116.464 39.6202 0.2498865 0.25030237037
TA.E58A.z -73.2771 46.3721 0.245789953488 0.242380046512
TA.151A.z -85.3267 32.5269 0.244801333333 0.244906259259
TA.J23A.z -105.552 43.4036 0.245544929825 0.244396614035
TA.T60A.z -76.7349 37.1397 0.242443 0.243006882353
TA.D58A.z -72.8826 47.0954 0.246733033333 0.246568088889
TA.R27A.z -102.798 38.2859 0.247382778846 0.246579259615
TA.ERPA.z -79.9891 42.1175 0.243327464646 0.242277979798
TA.C16A.z -111.746 47.8012 0.246088524272 0.245654660194
TA.BGNE.z -98.1502 41.4083 0.244494013605 0.244333482993
TA.GLA.z -114.827 33.0515 0.252191948718 0.253293153846
TA.O32A.z -98.2764 40.261 0.245955 0.245038364407
TA.Z37A.z -95.6229 33.1981 0.24811512 0.24783156
TA.D25A.z -103.32 47.1508 0.241094516854 0.241721988764
TA.L30A.z -99.7196 41.9492 0.245714586207 0.244673126437
TA.G10A.z -117.12 45.2925 0.245564050505 0.245553727273
TA.J33A.z -96.9667 43.3185 0.242997914894 0.24153543617
TA.W39A.z -93.784 35.196 0.244583481481 0.243610972222
TA.H56A.z -76.2594 44.593 0.243552455696 0.243000886076
TA.Y23A.z -106.055 33.9315 0.247951 0.247030317308
TA.V43A.z -90.5443 35.7857 0.242721271739 0.243350673913
TA.638A.z -95.4481 29.4193 0.24817202439 0.247486268293
TA.DVT.z -116.101 32.6591 0.247485 0.243141
TA.V56A.z -80.4963 35.8097 0.244644070175 0.243282973684
TA.N52A.z -81.6876 40.8125 0.242364245098 0.240812039216
TA.S61A.z -75.6727 37.6804 0.241292831325 0.241517192771
TA.D50A.z -79.8412 47.1668 0.242106333333 0.244609969697
TA.LAO.z -106.223 46.6885 0.257448206897 0.254412586207
TA.450A.z -86.5863 30.8038 0.247698789474 0.248344473684
TA.F55A.z -76.351 45.8338 0.243098384615 0.242273858974
TA.N41A.z -90.8552 40.7077 0.240740804878 0.239495
TA.G11A.z -116.268 45.3997 0.248143834862 0.246878321101
TA.M53A.z -80.675 41.4393 0.242683340206 0.241946979381
TA.252A.z -84.7357 31.9962 0.24630934375 0.243792125
TA.I20A.z -108.128 43.9496 0.245699008621 0.244742060345
TA.X35A.z -96.9731 34.3995 0.24753283871 0.244347483871
TA.833A.z -99.3939 28.3236 0.24729409434 0.248263
TA.I49A.z -82.8246 43.94 0.243279833333 0.242731019608
TA.P36A.z -95.206 39.6204 0.246521074468 0.246842404255
TA.T14A.z -113.084 37.0615 0.253115904348 0.252995556522
TA.129A.z -101.866 32.6309 0.245867865169 0.244357426966
TA.O55A.z -79.3041 40.2076 0.243615492958 0.245353957746
TA.LRL.z -117.682 35.4795 0.24455697619 0.243642357143
TA.334A.z -98.2379 31.3325 0.245617252174 0.243798069565
TA.W21A.z -107.648 35.117 0.251160169811 0.251374584906
TA.Z50A.z -85.9226 33.254 0.244827702703 0.244658635135
TA.Z21A.z -107.671 33.3086 0.251344844444 0.251361866667
TA.V23A.z -106.183 35.7452 0.250474009524 0.250626695238
TA.D29A.z -99.5957 47.0605 0.242665438202 0.242235696629
TA.W38A.z -94.5184 35.0704 0.246973708738 0.247244368932
TA.F13A.z -114.332 45.7893 0.249371548387 0.248543574194
TA.Y47A.z -87.8494 33.9025 0.243284789474 0.242425147368
TA.V40A.z -92.8232 35.8044 0.243570927835 0.244109762887
TA.Q40A.z -92.0748 38.9946 0.242255843137 0.242102607843
TA.E05A.z -121.761 46.5605 0.251663177419 0.250915580645
TA.M50A.z -83.0428 41.4035 0.24345256 0.24342376
TA.W16A.z -111.532 35.0951 0.252317990291 0.252286009709
TA.F14A.z -113.37 45.8122 0.247510935897 0.247776314103
TA.D28A.z -100.569 47.1929 0.24475977 0.24239154
TA.Y27A.z -103.163 33.8839 0.250288715686 0.248294794118
TA.J27A.z -102.007 43.2526 0.244248009804 0.245272705882
TA.556A.z -82.4057 30.0015 0.246581363636 0.244995136364
TA.J37A.z -93.5527 43.3103 0.241212433962 0.239983150943
TA.231A.z -100.316 31.9353 0.246194019802 0.244273564356
TA.145A.z -89.9287 32.6035 0.246773803738 0.246140439252
TA.627A.z -103.389 29.4528 0.248124915094 0.248399443396
TA.C11A.z -116.256 47.8397 0.246834410526 0.246393526316
TA.W33A.z -98.4686 35.1518 0.243291919192 0.243279676768
TA.E60A.z -71.4469 46.3689 0.243303677778 0.241587455556
TA.G17A.z -110.74 45.3212 0.249991871287 0.250259970297
TA.439A.z -94.766 30.7937 0.249338388889 0.248380611111
TA.K24A.z -104.815 42.7225 0.247557721739 0.248008947826
TA.CIA.z -118.415 33.4019 0.248874923077 0.24956425641
TA.Y45A.z -89.5431 33.8656 0.244201263736 0.24446667033
TA.H16A.z -111.248 44.7038 0.250231947826 0.251914356522
TA.C24A.z -104.425 47.5302 0.242450020833 0.243699072917
TA.Y39A.z -94.0936 33.938 0.247932882979 0.247110021277
TA.S41A.z -91.7458 37.5877 0.243257913978 0.241338709677
TA.F52A.z -79.3227 45.7951 0.240834485294 0.241000382353
TA.MNTX.z -105.382 31.6985 0.247333333333 0.246022
TA.Q39A.z -92.9759 39.0455 0.24293046875 0.242162239583
TA.GMR.z -115.66 34.7846 0.2578319 0.258506666667
TA.F06A.z -120.782 45.7664 0.253632101124 0.255174370787
TA.V48A.z -86.8219 35.74 0.243976019802 0.242724792079
TA.K23A.z -105.625 42.7546 0.248259431373 0.247858284314
TA.E20A.z -108.13 46.5038 0.244249913462 0.243735788462
TA.H32A.z -97.4363 44.5041 0.241897159574 0.240826957447
TA.K21A.z -107.251 42.6332 0.245912814433 0.244345268041
TA.M35A.z -95.6945 41.4665 0.245084520408 0.243042306122
TA.A18A.z -109.846 48.9198 0.248198978947 0.246778915789
TA.W49A.z -86.2645 35.1194 0.245647054348 0.245329163043
TA.329A.z -101.981 31.487 0.247855293478 0.245853391304
TA.J02A.z -123.575 43.3654 0.252997919355 0.251639790323
TA.N12A.z -115.039 40.8522 0.249501991228 0.250464236842
TA.K32A.z -97.9723 42.6597 0.24329556 0.24305937
TA.436A.z -96.796 30.7702 0.245934980769 0.248144201923
TA.636A.z -97.057 29.481 0.245986292453 0.246556207547
TA.O36A.z -94.9645 40.1315 0.246013916667 0.243245395833
TA.138A.z -95.0887 32.6604 0.248298186813 0.24662432967
TA.P31A.z -99.3783 39.5211 0.246039209524 0.245222066667
TA.X58A.z -79.3388 34.5548 0.244072493333 0.243621533333
TA.Y52A.z -84.0626 33.864 0.244848209302 0.244021453488
TA.339A.z -94.556 31.3331 0.245276430233 0.246790883721
TA.X38A.z -94.8288 34.6692 0.247315303371 0.248026078652
TA.S25A.z -104.435 37.6606 0.249929588235 0.248523509804
TA.I30A.z -99.4262 43.9143 0.247046691489 0.2458
TA.R20A.z -108.379 38.1888 0.249920814815 0.249310481481
TA.W43A.z -90.7061 35.0877 0.249233271429 0.247142428571
TA.G20A.z -108.214 45.2202 0.244675117647 0.243742
TA.F04A.z -122.419 45.9325 0.247460025316 0.247005189873
TA.H08A.z -118.67 44.5191 0.249895859649 0.250001359649
TA.L42A.z -89.667 42.004 0.245253593023 0.244585872093
TA.115A.z -112.228 32.7006 0.249721767677 0.251251585859
TA.N51A.z -82.3748 40.9183 0.243579429688 0.242082132812
TA.SWS.z -115.8 32.9451 0.24650675 0.249134659091
TA.M15A.z -112.448 41.4632 0.249155739437 0.247515591549
TA.C14A.z -113.747 47.7687 0.246414793333 0.245702106667
TA.B31A.z -97.6495 48.4236 0.245224290698 0.24542544186
TA.O47A.z -86.1742 40.2361 0.244785901408 0.243556521127
TA.L32A.z -98.008 42.0045 0.243555849462 0.242693956989
TA.L46A.z -86.2955 42.0127 0.242284277778 0.241355433333
TA.114A.z -112.883 32.7513 0.256212895833 0.254604125
TA.527A.z -103.612 30.1456 0.2489201 0.24922176
TA.D10A.z -117.276 47.0547 0.247422435185 0.246006592593
TA.U61A.z -76.4464 36.3319 0.24247579 0.24212758
TA.E12A.z -115.571 46.4151 0.245206640449 0.244195067416
TA.G34A.z -95.638 45.2419 0.240812272727 0.239889171717
TA.Y24A.z -105.436 33.9257 0.249330268041 0.248905793814
TA.C23A.z -105.184 47.8026 0.249049590909 0.248404215909
TA.M64A.z -71.2102 41.5509 0.247084641791 0.24570280597
TA.D27A.z -101.525 47.1081 0.245208989796 0.243470367347
TA.Z28A.z -102.387 33.2884 0.244317381579 0.242254105263
TA.E40A.z -89.8991 46.4446 0.242613956522 0.242471797101
TA.I40A.z -90.6177 43.8916 0.241993788889 0.241195611111
TA.I39A.z -91.5231 43.8543 0.241435858586 0.240664555556
TA.232A.z -99.6469 31.888 0.245617591837 0.243531520408
TA.M28A.z -101.371 41.3956 0.244243237113 0.244340051546
TA.S52A.z -83.0784 37.6791 0.243244648649 0.243240306306
TA.Z34A.z -97.9158 33.3712 0.2466752125 0.24689345
TA.347A.z -88.5412 31.4017 0.24633384466 0.24687823301
TA.X54A.z -82.3743 34.5474 0.243357443478 0.24426526087
TA.W60A.z -77.7133 35.0528 0.244673183673 0.244517030612
TA.530A.z -101.338 30.1489 0.243999333333 0.24435910101
TA.M56A.z -78.1826 41.4837 0.243297271739 0.242481902174
TA.I64A.z -69.6347 43.9197 0.246557989247 0.246018924731
TA.O48A.z -85.1553 40.2571 0.24288143956 0.24287443956
TA.S34A.z -97.1111 37.7009 0.243558777778 0.243523717172
TA.J30A.z -99.4922 43.3248 0.247255155963 0.245231669725
TA.O17A.z -110.738 40.1948 0.249818895238 0.2483564
TA.I36A.z -94.0143 44.0191 0.242757823009 0.242214734513
TA.L58A.z -75.8502 42.0447 0.244519093023 0.24452827907
TA.I19A.z -108.994 44.0363 0.245877 0.245663733333
TA.K26A.z -103.178 42.7016 0.247633174312 0.247052834862
TA.533A.z -99.0351 30.0718 0.246196276786 0.245861669643
TA.R06C.z -119.451 38.5226 0.252637350515 0.253623257732
TA.U48A.z -86.5402 36.5107 0.244607666667 0.245284654321
TA.246A.z -89.1286 32.0143 0.247955181818 0.246866454545
TA.X18A.z -109.95 34.5293 0.252984519231 0.253676798077
TA.217A.z -110.816 31.7748 0.250745072917 0.250722270833
TA.K60A.z -73.8886 42.6168 0.246495918605 0.246826976744
TA.656A.z -82.5348 29.3689 0.247309 0.245549806818
TA.C10A.z -117.308 47.8192 0.24963975 0.248286509615
TA.J41A.z -90.0137 43.3655 0.24443284 0.24368298
TA.E63A.z -68.422 46.422 0.243993463415 0.244309536585
TA.S33A.z -98.0016 37.5936 0.245198529412 0.24456677451
TA.F35A.z -94.5734 45.858 0.24083362 0.23939066
TA.V12A.z -114.851 35.7266 0.256493533981 0.256126621359
TA.O06A.z -119.827 40.165 0.2505495 0.252446567568
TA.T47A.z -87.1055 36.9881 0.244189174419 0.243631767442
TA.F10A.z -117.228 45.9734 0.247013963636 0.244534390909
TA.M30A.z -99.8723 41.5371 0.243354533333 0.243853422222
TA.P27A.z -102.578 39.5559 0.243386855556 0.243600355556
TA.Q33A.z -97.8327 38.9982 0.242446 0.244499707071
TA.N33A.z -97.4506 40.7384 0.243510068627 0.242218058824
TA.K61A.z -73.2676 42.6695 0.245362808989 0.245860932584
TA.Q38A.z -93.6182 38.9609 0.246856921348 0.244239696629
TA.M31A.z -98.9766 41.344 0.245657654206 0.244777794393
TA.P35A.z -96.0188 39.5286 0.242361615385 0.241600021978
TA.M44A.z -88.0432 41.3882 0.24375656962 0.242617379747
TA.156A.z -81.495 32.6542 0.246605715789 0.246666915789
TA.Z14A.z -112.946 33.3627 0.251639430108 0.249965612903
TA.SCIA.z -93.2153 41.9069 0.242508973684 0.241815052632
TA.D18A.z -109.802 47.1961 0.243929364486 0.244089373832
TA.125A.z -104.657 32.6588 0.247106740741 0.247232074074
TA.P57A.z -78.0126 39.4835 0.244716603774 0.243876877358
TA.X27A.z -103.097 34.6469 0.250813563636 0.249315181818
TA.X52A.z -83.8938 34.6032 0.24505990625 0.245137302083
TA.K34A.z -96.0957 42.6865 0.245746711538 0.243600759615
TA.I60A.z -73.2916 43.844 0.245568539326 0.244400134831
TA.L37A.z -93.7546 42.1246 0.241976969388 0.239336867347
TA.W37B.z -95.4316 35.139 0.245572245902 0.24580852459
TA.Q46A.z -87.3575 39.0231 0.241656268293 0.24135752439
TA.433A.z -99.091 30.7544 0.246343681818 0.244540227273
TA.P58A.z -77.3005 39.4891 0.24294856701 0.241980474227
TA.E39A.z -90.5557 46.3777 0.243238076923 0.241612435897
TA.R22A.z -106.756 38.2289 0.250153785714 0.2498563125
TA.K33A.z -97.0012 42.6052 0.24359035 0.24320075
TA.Q15A.z -112.379 38.9995 0.25264193617 0.2522565
TA.B22A.z -105.996 48.3008 0.246184966667 0.245088755556
TA.M46A.z -86.3524 41.4079 0.24707326506 0.245249783133
TA.Y43A.z -90.9285 33.9121 0.246820428571 0.246963527473
TA.V03C.z -121.236 36.0214 0.249146753846 0.248503353846
TA.A21A.z -106.925 48.9912 0.24742851087 0.245460086957
TA.341A.z -93.1681 31.3334 0.249622675676 0.249609243243
TA.L09A.z -117.667 42.0192 0.25326147 0.25344558
TA.K17A.z -110.92 42.7507 0.247434204301 0.243599204301
TA.254A.z -83.2905 31.9457 0.249061557895 0.247376873684
TA.J47A.z -84.8214 43.2382 0.24365809 0.24281925
TA.O08A.z -118.155 40.2903 0.256954654762 0.254044416667
TA.Q52A.z -82.2669 38.9622 0.243555165414 0.243788526316
TA.ISA.z -118.474 35.6628 0.250188885714 0.248150771429
TA.M52A.z -81.357 41.5405 0.24091427451 0.240628921569
TA.W41A.z -92.2478 35.1736 0.248383346154 0.244812230769
TA.WCI.z -86.2939 38.2289 0.246830907692 0.246061292308
TA.I09A.z -117.741 43.9733 0.250832 0.25113425
TA.C36A.z -92.8378 47.758 0.244848631579 0.245340305263
TA.320A.z -108.528 31.3369 0.249740821429 0.2487804375
TA.128A.z -102.485 32.6213 0.247015333333 0.244538427083
TA.Q58A.z -77.682 38.9413 0.243725939394 0.243177828283
TA.AAM.z -83.6567 42.3012 0.246537076923 0.245326144231
TA.BFS.z -117.659 34.2388 0.247707243243 0.250779378378
TA.M39A.z -92.1725 41.4786 0.24465346087 0.243623365217
TA.H02A.z -124 44.6764 0.249994 0.24937561194
TA.Q19A.z -109.263 38.9553 0.248633781818 0.248618363636
TA.M61A.z -73.7673 41.3104 0.246960465909 0.246419159091
TA.F60A.z -71.9514 45.9688 0.244982380435 0.242932619565
TA.T38A.z -94.293 37.0354 0.24209464 0.2424345
TA.T13A.z -113.907 37.0195 0.253837974138 0.255436293103
TA.216A.z -111.457 32.0022 0.250088411215 0.249449906542
TA.T50A.z -84.8384 37.0204 0.246032695652 0.24446026087
TA.L24A.z -104.933 42.0432 0.247529303922 0.246810735294
TA.V50A.z -85.1 35.6713 0.244228741935 0.242793612903
TA.NHSC.z -80.1778 33.1067 0.243986155963 0.243201073394
TA.ISCO.z -105.613 39.7997 0.2514246 0.2497076
TA.E43A.z -86.9954 46.3758 0.241940915888 0.241664009346
TA.E59A.z -72.5108 46.4803 0.244284280488 0.242542536585
TA.P08A.z -118.08 39.6946 0.254555384615 0.252825564103
TA.V51A.z -84.3511 35.8033 0.24677754 0.2456219
TA.U12A.z -114.539 36.4321 0.255259936937 0.254672756757
TA.218A.z -110.046 31.9737 0.254220229167 0.2538853125
TA.G21A.z -107.207 45.225 0.246075923729 0.24565609322
TA.T37A.z -94.9176 37.123 0.244100955556 0.245793077778
TA.K38A.z -92.7709 42.6472 0.242858295238 0.241787085714
TA.X36A.z -96.352 34.5704 0.24632409 0.24551084
TA.Y21A.z -107.674 34.0087 0.253035192308 0.251264394231
TA.S12A.z -114.849 37.6083 0.253880025641 0.254462905983
TA.Q49A.z -84.8956 39.005 0.24339472449 0.243789867347
TA.I35A.z -94.9829 43.8565 0.24218288 0.24114369
TA.T40A.z -92.5193 37.1504 0.24150503125 0.24175465625
TA.U28A.z -102.224 36.3793 0.244933178571 0.245332809524
TA.D36A.z -93.1645 47.1765 0.2430917 0.2423929
TA.Y15A.z -112.333 33.9535 0.256300792079 0.254635475248
TA.V33A.z -98.2862 35.8209 0.246300302083 0.245191520833
TA.PDM.z -114.142 34.3034 0.247275804878 0.247625341463
TA.W50A.z -85.3119 35.2002 0.245499466667 0.245058344444
TA.R14A.z -113.021 38.2987 0.251131788991 0.251868137615
TA.Q04C.z -121.377 38.839 0.2480715 0.250399017857
TA.F38A.z -91.8775 45.9588 0.244017898876 0.242805033708
TA.E15A.z -112.641 46.4246 0.245579410959 0.245546808219
TA.S26A.z -103.471 37.6216 0.248306188119 0.246426970297
TA.Q36A.z -95.4609 38.9612 0.245234805825 0.243410650485
TA.S57A.z -78.9536 37.7605 0.247281355556 0.246243555556
TA.Y48A.z -87.1696 33.9131 0.242026558824 0.240322205882
TA.C21A.z -107.096 47.8264 0.2461550625 0.244610973214
TA.S38A.z -93.9078 37.6304 0.244111466019 0.243759029126
TA.Z58A.z -79.8129 33.3349 0.240858846154 0.240248346154
TA.R33A.z -97.9842 38.3081 0.243497352381 0.242787685714
TA.H09A.z -117.664 44.6653 0.24874126087 0.249297686957
TA.E14A.z -113.493 46.4162 0.246500993151 0.248038342466
TA.T41A.z -91.7636 37.0436 0.244461705882 0.242180598039
TA.F17A.z -110.659 45.9054 0.248867301887 0.248294424528
TA.D08A.z -118.921 47.0573 0.248741263158 0.248684798246
TA.331A.z -100.427 31.3085 0.247260780952 0.244088019048
TA.Q20A.z -108.296 38.9541 0.248146741379 0.249142405172
TA.EDW2.z -117.994 34.8811 0.248215025 0.246830175
TA.G24A.z -104.416 45.328 0.245610066667 0.245412255556
TA.R09A.z -117.072 38.2397 0.251652630952 0.250603619048
TA.T33A.z -98.2444 37.0824 0.247684863636 0.247176327273
TA.Z38A.z -94.9851 33.2599 0.248597711864 0.249617491525
TA.N59A.z -75.7703 40.9168 0.244956477778 0.245043811111
TA.Q31A.z -99.395 39.0048 0.24630562766 0.246392478723
TA.H35A.z -94.8311 44.6985 0.24377712766 0.243098148936
TA.N31A.z -98.9544 40.8235 0.245560508929 0.243601955357
TA.Y46A.z -88.8577 33.8828 0.241234548387 0.241890462366
TA.F57A.z -74.6928 45.8122 0.245755142857 0.244351130952
TA.K13A.z -114.084 42.6493 0.251928215517 0.254918887931
TA.U18A.z -109.87 36.4199 0.247267883929 0.246940848214
TA.I51A.z -81.0231 43.8036 0.242189715789 0.241674263158
TA.F12A.z -115.255 45.7565 0.249352314286 0.247543057143
TA.255A.z -82.4758 31.9263 0.24659016129 0.245387709677
TA.W45A.z -89.186 35.1568 0.242614091837 0.243472887755
TA.D55A.z -75.4732 47.019 0.245373843373 0.242258108434
TA.U17A.z -110.662 36.5996 0.248502349057 0.248284556604
TA.Z49A.z -86.5311 33.1942 0.24491930137 0.243726109589
TA.K05A.z -120.893 42.7258 0.250616951613 0.251383725806
TA.H05A.z -121.227 44.6473 0.25472992 0.25275212
TA.E52A.z -78.6569 46.2851 0.23963159375 0.240678390625
TA.MSTX.z -102.772 33.9696 0.249259248175 0.24900659854
TA.N20A.z -108.263 40.8338 0.245118681034 0.245095655172
TA.G14A.z -113.46 45.2432 0.248233548387 0.248234064516
TA.L27A.z -102.315 42.0837 0.243906961905 0.243039847619
TA.F61A.z -70.9921 45.9743 0.242736670213 0.242498351064
TA.I48A.z -83.7022 44.1873 0.244960068627 0.244061352941
TA.243A.z -91.4827 31.8803 0.248493719626 0.248914570093
TA.626A.z -104.133 29.554 0.245809118182 0.245295672727
TA.M09A.z -117.45 41.423 0.254363340426 0.254988946809
TA.E08A.z -119.06 46.4911 0.249830836207 0.250325206897
TA.Q55A.z -80.0812 38.9952 0.244174700935 0.249015878505
TA.V28A.z -102.224 35.7505 0.250298225806 0.250370612903
TA.U21A.z -107.658 36.4277 0.250840318182 0.250711931818
TA.O38A.z -93.4731 40.1215 0.245327808511 0.244709276596
TA.K18A.z -110.042 42.6372 0.245309326087 0.242372891304
TA.438A.z -95.4741 30.75 0.247550721649 0.246881340206
TA.U36A.z -95.7325 36.3927 0.245580638298 0.244375702128
TA.Y38A.z -94.7311 33.9278 0.247485505155 0.246421360825
TA.G07A.z -119.669 45.2664 0.24979805 0.25053303
TA.U57A.z -79.3364 36.4319 0.243166717391 0.243244195652
TA.V58A.z -79.115 35.794 0.246664255556 0.246344955556
TA.F11A.z -116.155 45.8883 0.247306150442 0.245521584071
TA.O45A.z -87.7244 40.2489 0.242475416667 0.241584071429
TA.C32A.z -96.5281 47.8255 0.242994032609 0.24220698913
TA.U19A.z -109.208 36.2925 0.252352694915 0.249158169492
TA.H31A.z -98.4772 44.4795 0.242611084337 0.243098048193
TA.238A.z -95.1203 32.0034 0.247539666667 0.250735979798
TA.337A.z -95.8854 31.3159 0.247107272727 0.247188313131
TA.E23A.z -105.306 46.4978 0.244599191489 0.244466680851
TA.J60A.z -73.4212 43.2438 0.248567835052 0.248207402062
TA.541A.z -93.1875 30.0596 0.249907505618 0.247990786517
TA.H64A.z -69.2203 44.6412 0.245666709677 0.244793591398
TA.S15A.z -112.363 37.6761 0.251244138614 0.251343752475
TA.H60A.z -72.6986 44.5606 0.246407781609 0.246459321839
TA.Q14A.z -113.277 38.9882 0.251622355556 0.252233566667
TA.M48A.z -84.7171 41.4846 0.24396521 0.24290634
TA.S21A.z -107.792 37.662 0.252639931373 0.252401460784
TA.F16A.z -111.626 45.7843 0.24728010101 0.247809020202
TA.W57A.z -79.9928 35.1529 0.247298816092 0.246073137931
TA.I55A.z -77.6817 44.2161 0.24430560274 0.243039273973
TA.Y57A.z -80.3915 34.017 0.246128764706 0.246185435294
TA.W44A.z -89.8161 35.1395 0.242862402174 0.242390978261
TA.R37A.z -94.8294 38.3133 0.245009791209 0.242690901099
TA.L25A.z -103.966 42.1548 0.247576836538 0.246530288462
TA.V30A.z -100.689 35.7623 0.248191021978 0.248064934066
TA.R41A.z -91.3795 38.2976 0.244828662921 0.24306141573
TA.R34A.z -97.247 38.3008 0.24166177 0.24125097
TA.G35A.z -94.4855 45.2199 0.242923627451 0.241724686275
TA.G22A.z -106.292 45.2189 0.2442715 0.243593666667
TA.F28A.z -100.8 45.8485 0.243141747253 0.242954307692
TA.X33A.z -98.5006 34.541 0.245727086538 0.244879134615
TA.P60A.z -75.6358 39.8113 0.246134958333 0.246416270833
TA.M29A.z -100.689 41.4441 0.243670042105 0.243792
TA.ELFS.z -120.728 40.6183 0.251860067797 0.251508881356
TA.U22A.z -106.855 36.3773 0.251275153061 0.251627193878
TA.Q51A.z -83.3456 39.026 0.243502036364 0.2431142
TA.K59A.z -74.8525 42.775 0.245116277108 0.246470289157
TA.W22A.z -106.867 35.0719 0.251351327103 0.251023700935
TA.U39A.z -93.4805 36.3823 0.242575833333 0.242656941176
TA.S39A.z -93.3226 37.691 0.243550254902 0.24276054902
TA.529A.z -102.22 30.1246 0.24622462 0.24664715
TA.G53A.z -78.6237 45.1222 0.241169107692 0.240815476923
TA.BC3.z -115.454 33.6552 0.250307974359 0.250657461538
TA.M37A.z -94.0575 41.4028 0.241469438095 0.241831
TA.S18A.z -109.995 37.6903 0.249886702703 0.247248810811
TA.S60A.z -76.6535 37.7055 0.245603884211 0.244469305263
TA.S35A.z -96.319 37.6821 0.24601964 0.24529614
TA.J35A.z -95.2078 43.3655 0.244780336842 0.242730621053
TA.E56A.z -75.0341 46.5436 0.244086128205 0.241325923077
TA.Q43A.z -89.6991 38.941 0.242313847619 0.241109361905
TA.432A.z -99.7937 30.8755 0.248510202247 0.247488191011
TA.E28A.z -100.693 46.5748 0.24663634 0.2445615
TA.A31A.z -97.1888 48.932 0.245698157303 0.244925
TA.A04A.z -122.707 48.7197 0.250389682927 0.249977426829
TA.O27A.z -102.479 40.19 0.247272336364 0.247019636364
TA.N13A.z -114.204 40.8556 0.252392060345 0.252370198276
TA.O22A.z -106.547 40.1618 0.24845954717 0.249512386792
TA.E54A.z -77.1869 46.4339 0.24022584375 0.23969240625
TA.L59A.z -75.0426 42.1902 0.244393931034 0.244795356322
TA.U05C.z -120.12 36.3356 0.247703924528 0.243594132075
TA.V19A.z -109.046 35.7147 0.252769882883 0.252113765766
TA.J32A.z -97.8476 43.3719 0.241351666667 0.240615388889
TA.Y28A.z -102.248 33.9086 0.247643936842 0.246740536842
TA.X19A.z -109.29 34.4275 0.251400127273 0.252941654545
TA.X16A.z -111.441 34.4178 0.253012712871 0.25575929703
TA.M18A.z -110.067 41.4272 0.247153209877 0.243005407407
TA.S22A.z -106.829 37.7461 0.250096816514 0.250564844037
TA.A13A.z -114.413 48.933 0.245918106383 0.243797900709
TA.Q03C.z -122.015 38.6333 0.249415753846 0.250196630769
TA.257A.z -81.0261 31.9746 0.247133466019 0.246910805825
TA.E35A.z -94.4043 46.5572 0.241998752381 0.241527447619
TA.F37A.z -92.6264 45.7243 0.242787521739 0.241683402174
TA.Q45A.z -88.1565 38.8948 0.244414011905 0.243126630952
TA.P49A.z -84.7164 39.5342 0.243661783784 0.24259345045
TA.W26A.z -103.766 35.0891 0.248712638095 0.248551561905
TA.Y35A.z -97.0374 33.9059 0.247733175 0.2456425375
TA.E09A.z -118.146 46.5139 0.248359777778 0.24828974359
TA.HELL.z -119.023 36.6801 0.249002641791 0.248658179104
TA.F05A.z -121.459 45.8839 0.2528268 0.254923654545
TA.N50A.z -83.1486 40.7711 0.242865466667 0.243471628571
TA.Y20A.z -108.377 33.9085 0.250394564815 0.251446833333
TA.L23A.z -105.701 42.1143 0.248336672727 0.247177627273
TA.V25A.z -104.616 35.8383 0.249269836364 0.248481127273
TA.137A.z -95.7559 32.5973 0.246560605769 0.246185673077
TA.J16A.z -111.612 43.2741 0.24791082 0.25069083
TA.G30A.z -99.1446 45.1293 0.246672540816 0.246266408163
TA.P01C.z -123.338 39.469 0.249806150943 0.249945660377
TA.A09A.z -118.585 48.9752 0.249664827957 0.250777892473
TA.E44A.z -85.9214 46.6199 0.242027327731 0.241899882353
TA.346A.z -89.4649 31.3876 0.245497462264 0.245544330189
TA.H28A.z -101.021 44.6751 0.247485771429 0.245554257143
TA.P38A.z -93.5321 39.6248 0.246419572917 0.245776697917
TA.N06A.z -119.835 40.7484 0.252921695122 0.252803939024
TA.X37A.z -95.3713 34.5892 0.249054378641 0.248444281553
TA.T24A.z -105.052 37.0738 0.246414307692 0.248242596154
TA.RRX.z -116.997 34.8753 0.25028722 0.2500795
TA.632A.z -99.7863 29.5071 0.24863057 0.24837031
TA.G47A.z -83.8551 45.173 0.243267959184 0.242107030612
TA.446A.z -89.3645 30.7912 0.246008348624 0.247228137615
TA.K49A.z -83.4556 42.7835 0.243215895833 0.242317645833
TA.E37A.z -92.4 46.5658 0.244584615385 0.242669336538
TA.L15A.z -112.386 42.0041 0.248857675214 0.247103692308
TA.834A.z -98.5519 28.1251 0.24561284466 0.246563572816
TA.427A.z -103.402 30.8498 0.247959877358 0.247285896226
TA.240A.z -93.7626 32.0387 0.249512009174 0.249411853211
TA.W53A.z -83.163 35.1696 0.244808314286 0.243612104762
TA.W23A.z -106.15 35.1605 0.250539628571 0.25052667619
TA.J22A.z -106.479 43.4126 0.246149561404 0.245148614035
TA.R15A.z -112.277 38.2108 0.251493585586 0.252536657658
TA.R28A.z -101.811 38.3423 0.244239823529 0.242792911765
TA.V34A.z -97.5176 35.8345 0.245360556701 0.245694103093
TA.112A.z -114.58 32.5356 0.24868198 0.2489675
TA.U11A.z -115.383 36.423 0.252241145299 0.251740418803
TA.P48A.z -85.4258 39.4605 0.24435477 0.24336491
TA.F22A.z -106.257 45.7794 0.243742537037 0.2429135
TA.D54A.z -76.657 47.152 0.243181085714 0.2429925
TA.R54A.z -80.9904 38.1909 0.245726991667 0.246759266667
TA.L29A.z -100.478 42.0641 0.244404148936 0.243919670213
TA.U51A.z -84.0165 36.3786 0.245254777778 0.244612333333
TA.S29A.z -101.118 37.6199 0.24545804902 0.243795823529
TA.R11A.z -115.585 38.3489 0.251275381356 0.251849466102
TA.I27A.z -102.052 44.069 0.24560066 0.24390345
TA.N43A.z -89.1735 40.9394 0.243904635135 0.243165445946
TA.D16A.z -111.549 47.0308 0.24572106383 0.2451045
TA.Q54A.z -80.8338 38.9836 0.244425063636 0.251145636364
TA.144A.z -90.4226 32.6304 0.247367474227 0.24852556701
TA.V14A.z -113.105 35.6339 0.25295276699 0.254150087379
TA.X48A.z -87.0452 34.4517 0.245692482353 0.244214470588
TA.F30A.z -99.025 45.8356 0.246538071429 0.2448255
TA.H15A.z -112.644 44.6173 0.254862504587 0.254896192661
TA.N58A.z -76.7158 40.8396 0.244076967391 0.242611619565
TA.P07A.z -118.889 39.5399 0.253861065934 0.253310802198
TA.SUSD.z -98.9556 44.4429 0.244010184783 0.243681934783
TA.R35A.z -96.1988 38.3231 0.244599882353 0.244423082353
TA.R12A.z -114.608 38.3281 0.252356245902 0.253598967213
TA.K22A.z -106.524 42.6507 0.247778284553 0.246166471545
TA.O12A.z -114.745 40.2679 0.249201272727 0.248963666667
TA.Z48A.z -87.5556 33.3764 0.242745622642 0.242347566038
TA.D35A.z -94.0529 47.081 0.241743628866 0.240814927835
TA.W28A.z -102.206 35.2574 0.246986684211 0.247122094737
TA.P18A.z -110.246 39.6279 0.25062234 0.24760963
TA.534A.z -98.4753 30.0284 0.247522460177 0.24644740708
TA.C20A.z -108.004 47.7133 0.246271149533 0.244756915888
TA.BBR.z -116.921 34.2623 0.252516454545 0.254346757576
TA.Q60A.z -75.8429 39.0016 0.242975451613 0.243056795699
TA.Z15A.z -112.158 33.2893 0.249752317647 0.248837964706
TA.X49A.z -86.326 34.5126 0.246112666667 0.244848794872
TA.R07C.z -119.047 38.089 0.253092413793 0.252971706897
TA.U53A.z -82.5765 36.3644 0.246117386364 0.245533159091
TA.L10A.z -116.471 42.0773 0.255020376068 0.254980136752
TA.I45A.z -86.2348 44.0361 0.246687684211 0.245038978947
TA.V60A.z -77.2629 35.765 0.242657011111 0.243028155556
TA.U45A.z -88.7635 36.3481 0.24909861039 0.246948779221
TA.I14A.z -113.452 43.9286 0.253993371429 0.25648767619
TA.Z27A.z -103.215 33.315 0.246341860465 0.246100069767
TA.K36A.z -94.4507 42.6381 0.24178059 0.24027971
TA.CNNC.z -77.8901 35.2393 0.246395333333 0.246778035714
TA.B29A.z -99.3535 48.4649 0.244816048077 0.242940923077
TA.M41A.z -90.5422 41.375 0.244516193878 0.243503357143
TA.G63A.z -69.6186 45.1147 0.248512274725 0.247521736264
TA.Q59A.z -76.6548 38.8644 0.24166453125 0.240932041667
TA.H22A.z -106.352 44.5943 0.244879435185 0.244020148148
TA.TIN.z -118.23 37.0542 0.250754617647 0.250472294118
TA.L53A.z -80.2598 41.9539 0.243870754237 0.242433177966
TA.S20A.z -108.36 37.83 0.252179147059 0.252212529412
TA.Z32A.z -99.4783 33.3066 0.244755061224 0.244576285714
TA.357A.z -81.4855 31.4239 0.2456109375 0.245100677083
TA.J39A.z -91.7062 43.3354 0.2429490625 0.2411625
TA.M42A.z -89.7581 41.4546 0.246391761364 0.245577784091
TA.Q10A.z -116.4 38.8247 0.25099294958 0.252019260504
TA.T42A.z -91.0927 37.0301 0.242259450704 0.239148746479
TA.E38A.z -91.5542 46.6058 0.246017483871 0.243550892473
TA.P45A.z -87.7439 39.5277 0.241968731707 0.241603487805
TA.351A.z -85.6036 31.2753 0.247342072464 0.244478782609
TA.U31A.z -99.8508 36.3695 0.247530677083 0.245665375
TA.K48A.z -84.1197 42.8032 0.24201243299 0.241238649485
TA.735A.z -97.8081 28.8553 0.248300678261 0.248073295652
TA.A33A.z -95.3904 48.9371 0.244623268293 0.24487845122
TA.W56A.z -80.5828 35.135 0.244262457627 0.243276177966
TA.F18A.z -109.716 45.9046 0.248385214286 0.246566
TA.C40A.z -89.1514 47.9154 0.245072878049 0.244588170732
TA.W37A.z -95.4269 35.138 0.24765952 0.24712244
TA.158A.z -80.1935 32.7364 0.245103354545 0.246300481818
TA.R47A.z -86.527 38.2957 0.242179197368 0.24130425
TA.A26A.z -102.038 48.8973 0.245415741935 0.245889903226
TA.Z16A.z -111.427 33.341 0.251671326087 0.253626945652
TA.G45A.z -85.6571 45.0404 0.24623 0.244472935484
TA.Q28A.z -101.831 39.0623 0.246086811881 0.244860683168
TA.O23A.z -105.918 40.2109 0.248992902655 0.248787787611
TA.O41A.z -90.882 40.1156 0.243135838384 0.241903767677
TA.W40A.z -93.0693 35.1923 0.244809831776 0.244314514019
TA.646A.z -89.8245 29.5832 0.249980643836 0.248383520548
TA.K02A.z -123.49 42.7667 0.252747418182 0.252514890909
TA.EGMT.z -109.755 48.024 0.249134029412 0.247849294118
TA.Q35A.z -96.0368 38.8586 0.245187949495 0.245694141414
TA.BRSD.z -98.9563 44.443 0.244976425926 0.244418574074
TA.C13A.z -114.574 47.6795 0.243673716981 0.245034610063
TA.E42A.z -87.914 46.4301 0.243507213483 0.241910235955
TA.256A.z -81.8878 31.9799 0.246852387755 0.245351377551
TA.Z20A.z -108.592 33.1132 0.252226046512 0.25279055814
TA.W46A.z -88.3783 35.1333 0.24332154321 0.242328160494
TA.P46A.z -87.2067 39.6178 0.241989033708 0.241642606742
TA.U24A.z -105.278 36.4093 0.24961966055 0.249006715596
TA.E18A.z -109.914 46.5663 0.249415936364 0.248225245455
TA.I16A.z -111.487 43.8756 0.250534955357 0.251150419643
TA.J34A.z -95.9579 43.2844 0.244715144444 0.241702088889
TA.M49A.z -83.9752 41.4745 0.243084646465 0.243845080808
TA.H06A.z -120.335 44.7344 0.253619421569 0.254021313725
TA.P54A.z -80.4796 39.602 0.244216253165 0.241878367089
TA.NEE2.z -114.619 34.7676 0.245151465116 0.244248209302
TA.N45A.z -87.5118 40.8479 0.244650109756 0.244152402439
TA.E27A.z -101.564 46.4293 0.244381888889 0.242709787879
TA.T36A.z -95.8789 37.0605 0.247148815217 0.247977358696
TA.P34A.z -96.8268 39.5471 0.241475021978 0.242410241758
TA.N54A.z -79.9892 40.9617 0.244593528846 0.244517740385
TA.L62A.z -72.6617 42.0328 0.246345326087 0.245007369565
TA.BEL.z -115.998 34.0006 0.2462718125 0.248437125
TA.M36A.z -94.8021 41.4537 0.245084726316 0.244134305263
TA.V38A.z -94.4077 35.8626 0.244653804348 0.243874391304
TA.U47A.z -87.2892 36.4413 0.243066519481 0.240560441558
TA.L61A.z -73.5543 42.1934 0.24654310989 0.246221263736
TA.Q07A.z -118.808 38.9383 0.254430865979 0.254650938144
TA.226B.z -104.165 32.0778 0.247965877551 0.248104530612
TA.M57A.z -77.128 41.3372 0.243477088889 0.244144755556
TA.U52A.z -83.3671 36.3929 0.246811430233 0.246458069767
TA.R19A.z -109.261 38.2916 0.248960922222 0.247426911111
TA.N11A.z -115.736 40.8167 0.252995692308 0.252829991453
TA.P29A.z -100.932 39.6021 0.243427270833 0.244038125
TA.G62A.z -70.5319 45.2186 0.245646131868 0.245066736264
TA.230A.z -101.112 31.8878 0.246688443299 0.244831835052
TA.X55A.z -81.6336 34.4701 0.246484643678 0.245029402299
TA.U56A.z -80.3829 36.3472 0.246030121495 0.24491588785
TA.M25A.z -104.055 41.4347 0.246902414414 0.246825315315
TA.T45A.z -88.6447 37.0196 0.245314505618 0.244515820225
TA.E57A.z -74.1471 46.4117 0.244838459016 0.243274819672
TA.DEC.z -118.334 34.2535 0.251051885714 0.252970257143
TA.W31A.z -99.9435 35.1864 0.246569063636 0.245849409091
TA.N22A.z -106.454 40.8023 0.246330902098 0.246627923077
TA.130A.z -100.965 32.5961 0.24683886 0.24599112
TA.L40A.z -91.2218 42.0628 0.242703413793 0.242081387931
TA.R49A.z -85.1714 38.2916 0.243329284404 0.243405880734
TA.J17A.z -110.712 43.3629 0.252305807018 0.246442526316
TA.L43A.z -88.7423 42.1833 0.24470264 0.24327444
TA.N16A.z -111.437 40.8869 0.2483998125 0.246405116071
TA.245A.z -89.8958 32.0322 0.247167193878 0.246046030612
TA.B08A.z -119.333 48.3584 0.247100257426 0.246990930693
TA.I46A.z -85.4472 43.9411 0.244831989362 0.243787074468
TA.V18A.z -109.933 35.7113 0.251610238532 0.250731577982
TA.T26A.z -103.593 37.1747 0.248195136842 0.246318421053
TA.544A.z -91.1612 30.11 0.24799043956 0.247526098901
TA.L04A.z -121.891 42.175 0.258363245283 0.255869264151
TA.H65A.z -68.2469 44.6961 0.247144211765 0.246630141176
TA.X39A.z -94.1138 34.5105 0.243552822222 0.246262433333
TA.S36A.z -95.5923 37.724 0.245522555556 0.245538979798
TA.R24A.z -105.107 38.2315 0.250303838095 0.248466685714
TA.S46A.z -87.7153 37.6849 0.244782790698 0.243488267442
TA.325A.z -104.971 31.3711 0.247690931373 0.247982490196
TA.429A.z -101.894 30.6248 0.246110347368 0.244251273684
TA.X51A.z -84.8574 34.5658 0.245194362637 0.244560703297
TA.A24A.z -104.002 48.9239 0.245476793814 0.244878907216
TA.U33A.z -98.1135 36.4327 0.245672152174 0.243329043478
TA.T23A.z -106.037 37.0361 0.246218816327 0.24736177551
TA.K08A.z -118.486 42.7308 0.251560966292 0.253431179775
TA.N24A.z -104.882 40.8271 0.247315147059 0.247538647059
TA.PFO.z -116.459 33.6117 0.248074227273 0.24595
TA.E45A.z -85.1774 46.3563 0.24627988172 0.244578204301
TA.S56A.z -79.5662 37.6771 0.247928818182 0.246457444444
TA.W41B.z -92.2479 35.1736 0.24310794382 0.243376719101
TA.T44A.z -89.5896 37.086 0.246894729412 0.246723870588
TA.Q57A.z -78.4107 39.0353 0.245273505051 0.243854626263
TA.E16A.z -111.676 46.5336 0.24470039 0.2444636
TA.V61A.z -76.5776 35.7912 0.24342243 0.24264635
TA.119A.z -109.303 32.7663 0.249720673469 0.250485091837
TA.P30A.z -100.247 39.5442 0.245584939394 0.245883646465
TA.153A.z -83.8316 32.6499 0.245206690476 0.24597127381
TA.N26A.z -103.222 40.8289 0.246861160377 0.246411311321
TA.225A.z -104.823 32.1101 0.245329030928 0.246136546392
TA.P15A.z -112.279 39.5708 0.249892222222 0.252415641026
TA.Y14A.z -113.005 33.9383 0.251986486486 0.252695720721
TA.G39A.z -91.1698 45.2867 0.242641989691 0.241421814433
TA.034A.z -98.6833 27.0647 0.249836822917 0.248588197917
TA.E51A.z -79.4924 46.5333 0.241701709677 0.240448612903
TA.H39A.z -91.2833 44.6797 0.24348514433 0.243728247423
TA.336A.z -96.8443 31.387 0.247692859813 0.246498495327
TA.B30A.z -98.3286 48.4505 0.245890990291 0.244489495146
TA.W61A.z -76.9909 35.1773 0.245310269663 0.245619617978
TA.W27A.z -103.063 35.0637 0.24833305 0.24973682
TA.J31A.z -98.7396 43.2915 0.243301521739 0.24190701087
TA.P40A.z -92.0483 39.5299 0.243064989474 0.242956894737
TA.I17A.z -110.576 43.92 0.249740465649 0.249113351145
TA.N61A.z -74.2969 40.7519 0.246086283784 0.244723972973
TA.W48A.z -86.9333 35.1386 0.244073518987 0.243465101266
TA.O40A.z -91.874 40.1212 0.244163473118 0.242165258065
TA.Q30A.z -100.221 38.9772 0.245020121212 0.244566434343
TA.E62A.z -69.5227 46.6201 0.241080263158 0.241313421053
TA.249A.z -87.1225 31.9752 0.243299438356 0.24301790411
TA.Z52A.z -84.4176 33.1893 0.249135768116 0.245628652174
TA.GRA.z -117.366 36.9961 0.255824829268 0.253994487805
TA.V39A.z -93.645 35.8389 0.243837639175 0.243019814433
TA.Q41A.z -91.2317 38.9539 0.244151379747 0.243048721519
TA.SHO.z -116.275 35.8996 0.253172525 0.253670075
TA.543A.z -91.8557 30.0856 0.249225031579 0.249266326316
TA.L38A.z -92.9597 42.141 0.244496782178 0.24115719802
TA.J07A.z -119.311 43.3736 0.253752 0.25348058427
TA.X28A.z -102.197 34.5185 0.246748990385 0.246127538462
TA.035Z.z -98.0683 26.463 0.250204796296 0.249114287037
TA.E11A.z -116.209 46.3559 0.244700608247 0.244617845361
TA.F27A.z -102.02 45.8727 0.242770092784 0.241335329897
TA.D03A.z -123.771 47.1161 0.246783058824 0.246660176471
TA.H63A.z -70.0353 44.6616 0.246444870968 0.245662774194
TA.E48A.z -82.1653 46.4809 0.241334792453 0.241789839623
TA.Y26A.z -103.825 33.9232 0.252115824742 0.250704061856
TA.G09A.z -117.78 45.2781 0.249242504587 0.246890577982
TA.V31A.z -99.8425 35.7739 0.249211578947 0.247625010526
TA.W35A.z -96.8745 35.1527 0.247216333333 0.24625275
TA.Z25A.z -104.717 33.2797 0.247990791045 0.246909567164
TA.333A.z -98.9841 31.3249 0.242856247619 0.241697114286
TA.U58A.z -78.5493 36.3944 0.244484041667 0.2434596875
TA.X30A.z -100.874 34.4461 0.247667948454 0.247203556701
TA.Y44A.z -90.2112 33.9618 0.245887073684 0.243614242105
TA.349A.z -87.1924 31.3504 0.245458054795 0.24511069863
TA.X22A.z -107.01 34.5058 0.250378217822 0.250230752475
TA.V46A.z -88.1177 35.8007 0.244461093333 0.24446124
TA.J38A.z -92.4755 43.319 0.2427279375 0.241267072917
TA.M66A.z -70.1353 41.259 0.24783365 0.2473896
TA.537A.z -96.3155 30.0799 0.247517786408 0.24749015534
TA.U25A.z -104.408 36.3998 0.250691178571 0.248709946429
TA.457A.z -81.5563 30.6199 0.24845025 0.247687576923
TA.342A.z -92.3249 31.3747 0.247052153153 0.248059108108
TA.Q09A.z -117.182 38.834 0.25417052809 0.253207101124
TA.H26A.z -102.774 44.6168 0.247006563107 0.245481679612
TA.SPMN.z -92.8037 45.2246 0.243131656716 0.242555477612
TA.D30A.z -98.7576 47.1082 0.245243244186 0.244276953488
TA.D48A.z -81.8072 47.1743 0.243525508929 0.243824080357
TA.Z46A.z -88.9414 33.1933 0.240816811111 0.2400588
TA.447A.z -88.6542 30.7952 0.247781141509 0.247630216981
TA.M45A.z -87.2504 41.3881 0.244500433735 0.245235746988
TA.WVT.z -87.83 36.1297 0.24459054878 0.244928097561
TA.Z54A.z -82.8417 33.2362 0.25008287931 0.250409534483
TA.G41A.z -89.1816 45.2118 0.240423053763 0.240308225806
TA.T57A.z -79.2538 36.9983 0.245492673684 0.244101147368
TA.Y31A.z -100.261 33.9629 0.245408329412 0.245194447059
TA.J09A.z -117.754 43.3471 0.250604345455 0.251636081818
TA.M40A.z -91.5121 41.406 0.243329911392 0.242780126582
TA.U44A.z -89.6863 36.5047 0.242940807229 0.244750120482
TA.D21A.z -106.994 47.0658 0.247678916667 0.246803685185
TA.K41A.z -90.3046 42.6071 0.243764410526 0.241937589474
TA.R43A.z -89.9308 38.276 0.243929146341 0.24406552439
TA.Q08A.z -117.932 38.8606 0.254150477778 0.255090044444
TA.N27A.z -102.537 40.8063 0.244307663551 0.243215981308
TA.Y12C.z -114.524 33.7503 0.24978612963 0.250136
TA.P12A.z -114.908 39.4731 0.251108818966 0.251009836207
TA.D07A.z -119.973 47.1936 0.247201888889 0.246548877778
TA.O20A.z -108.242 40.1348 0.247938944 0.247114608
TA.L57A.z -76.8492 42.0005 0.243774434343 0.243470292929
TA.H45A.z -86.044 44.6232 0.246029340659 0.245130318681
TA.H40A.z -90.3905 44.622 0.242723116505 0.24231915534
TA.R42A.z -90.7944 38.2804 0.245681130952 0.245467059524
TA.V47A.z -87.5205 35.8278 0.242844118421 0.242597065789
TA.K16A.z -111.588 42.8321 0.248849535714 0.247636758929
TA.O13A.z -113.981 40.1314 0.2525754375 0.2521476875
TA.AGMN.z -95.8619 48.2977 0.243522522388 0.24749041791
TA.I18A.z -109.817 43.7013 0.246800099099 0.245969279279
TA.H37A.z -92.9181 44.5812 0.244254657407 0.244810425926
TA.Y34A.z -97.7573 33.9574 0.250349041667 0.248477572917
TA.X56A.z -81.0319 34.4923 0.245755857143 0.245040673469
TA.D04A.z -122.803 47.1109 0.246193810127 0.245179202532
TA.Z18A.z -110.036 33.0851 0.252251158416 0.253096712871
TA.S30A.z -100.464 37.6402 0.244120772277 0.243596722772
TA.O25A.z -104.12 40.1129 0.248501557692 0.246334326923
TA.E25A.z -103.401 46.5009 0.244038775701 0.24321953271
TA.736A.z -97.0673 28.955 0.247535375 0.247011833333
TA.CWC.z -118.08 36.4399 0.250262166667 0.246155625
TA.N49A.z -84.1825 40.922 0.240207755814 0.240143383721
TA.E30A.z -98.9098 46.5021 0.246379752577 0.245939412371
TA.I42A.z -88.9134 43.8908 0.243317702381 0.24371672619
TA.O57A.z -77.6354 40.2104 0.24532430303 0.244725505051
TA.Z39A.z -94.1822 33.2418 0.248568722222 0.249768148148
TA.528A.z -102.788 30.1615 0.246695127451 0.246809921569
TA.Z51A.z -85.1747 33.3167 0.246619479452 0.244903547945
TA.MLAC.z -118.836 37.6302 0.250751636364 0.248559363636
TA.244A.z -90.6856 32.0422 0.249898364486 0.24850771028
TA.L18A.z -110.036 41.9243 0.245522717172 0.24297220202
TA.M55A.z -78.7649 41.4686 0.243752546667 0.24255392
TA.U50A.z -84.8431 36.4156 0.24871526506 0.247177939759
TA.T46A.z -87.8941 37.0417 0.24421454321 0.242844135802
TA.P19A.z -108.981 39.6333 0.250514072581 0.248662887097
TA.P39B.z -92.7541 39.4876 0.243993171053 0.242665907895
TA.Y33A.z -98.6256 34.0081 0.249213726415 0.248247122642
TA.D12A.z -115.353 47.0528 0.245496539062 0.245708109375
TA.SFIN.z -87.0967 40.379 0.243194795699 0.243142086022
TA.O53A.z -81.2129 40.2493 0.242733025641 0.242322435897
TA.K57A.z -76.5163 42.7313 0.244808042553 0.243788297872
TA.U20A.z -108.52 36.3758 0.251960306931 0.250937247525
TA.S58A.z -78.0511 37.6126 0.245980976744 0.244793116279
TA.S44A.z -89.2551 37.6936 0.24383466055 0.244175550459
TA.C07A.z -120.061 47.6902 0.249041623762 0.246804277228
TA.251A.z -85.409 32.0929 0.244632933333 0.244558133333
TA.J13A.z -114.174 43.3979 0.25095436747 0.252636674699
TA.T58A.z -78.5338 36.9454 0.244084433333 0.243072611111
TA.A20A.z -107.926 48.8799 0.246796802083 0.245182822917
TA.Z47A.z -88.0696 33.199 0.244705394737 0.243181052632
TA.M34A.z -96.583 41.5025 0.2430329 0.242242063636
TA.N21A.z -107.52 40.76 0.247642283019 0.247810707547
TA.K39A.z -91.8878 42.705 0.242729788462 0.241066480769
TA.426A.z -104.029 30.6689 0.247685948454 0.247832
TA.W51A.z -84.7599 35.1606 0.244035294872 0.243614525641
TA.O59A.z -76.1859 40.3114 0.242325255556 0.241873177778
TA.G55A.z -76.7187 45.2532 0.242201417722 0.242356683544
TA.P06A.z -119.898 39.6785 0.251635105882 0.250958376471
TA.X34A.z -97.8326 34.601 0.247002574257 0.246131940594
TA.G27A.z -101.931 45.3791 0.242784626374 0.241930351648
TA.R45A.z -88.2812 38.2926 0.240883819277 0.241659987952
TA.F31A.z -98.2525 45.8598 0.242381719101 0.241575303371
TA.C38A.z -91.2732 47.7171 0.245170231579 0.243887768421
TA.H52A.z -79.8888 44.6422 0.239368238806 0.238766149254
TA.U14A.z -113.18 36.4182 0.251927942149 0.252047595041
TA.H41A.z -89.6534 44.6164 0.243381674419 0.241928651163
TA.P43A.z -89.5213 39.6409 0.242244505882 0.240412823529
TA.958A.z -81.7543 27.5855 0.246135971429 0.246338785714
TA.X29A.z -101.701 34.4452 0.247088195652 0.247033402174
TA.140A.z -93.574 32.6408 0.247224979381 0.248468907216
TA.R59A.z -77.1164 38.2005 0.246675404494 0.245669775281
TA.V29A.z -101.521 35.8734 0.249221034091 0.248976670455
TA.S11A.z -115.747 37.6444 0.252926744 0.252445432
TA.V59A.z -78.2394 35.7649 0.243320414141 0.24304979798
TA.F21A.z -107.123 45.8231 0.244854633929 0.244506017857
TA.A16A.z -111.597 48.9482 0.247038091743 0.24516406422
TA.O39A.z -92.5438 40.2544 0.243613028846 0.241577798077
TA.131A.z -100.389 32.6737 0.247687135922 0.245074407767
TA.A23A.z -104.879 48.9592 0.246155622222 0.244667088889
TA.M05C.z -121.146 41.3593 0.250125758065 0.250818516129
TA.O34A.z -96.6936 40.1831 0.243760019802 0.242429584158
TA.832A.z -99.9743 28.2844 0.247803027778 0.248630157407
TA.E06A.z -120.979 46.5433 0.251141691489 0.252102765957
TA.738A.z -95.6481 28.8404 0.249926142857 0.24866027619
TA.328A.z -102.81 31.3818 0.245432978947 0.244485694737
TA.W20A.z -108.5 35.1259 0.252189081818 0.251730827273
TA.N47A.z -85.6942 40.8801 0.24266378022 0.241046604396
TA.C05A.z -121.689 47.6947 0.246861685714 0.246605485714
TA.HRV.z -71.5583 42.5064 0.24697705814 0.24620305814
TA.F09A.z -117.909 45.7087 0.248066059406 0.244941306931
TA.S09A.z -117.225 37.7243 0.251512719101 0.251678325843
TA.W25A.z -104.461 35.2177 0.248097816514 0.247883036697
TA.318A.z -109.991 31.439 0.251968 0.251798227723
TA.V11A.z -115.43 35.8384 0.253028917431 0.253253238532
TA.H10A.z -116.747 44.589 0.246738333333 0.247407212963
TA.637A.z -96.3324 29.439 0.247950096774 0.245929344086
TA.J55A.z -77.8167 43.2657 0.245982202532 0.244994164557
TA.I31A.z -98.5352 44.0297 0.242830105263 0.241889010526
TA.J57A.z -75.9968 43.4099 0.246643357895 0.245759631579
TA.SCZ2.z -119.635 33.9954 0.249597054054 0.249092081081
TA.247A.z -88.6102 32.053 0.245254802083 0.244846385417
TA.U27A.z -102.825 36.4213 0.247874149425 0.246797873563
TA.425A.z -104.986 30.7862 0.248715150943 0.24854545283
TA.S06C.z -119.849 37.8817 0.252986921875 0.25408275
TA.I22A.z -106.484 43.8924 0.245489457627 0.244723847458
TA.H17A.z -110.576 44.3951 0.249356459259 0.256057711111
TA.Z56A.z -81.3687 33.3253 0.243240241935 0.242350596774
TA.Z35A.z -97.253 33.3308 0.246473071429 0.245888971429
TA.227A.z -103.292 32.012 0.24979729703 0.248214148515
TA.V37A.z -95.141 35.883 0.245616819277 0.244375445783
TA.G12A.z -115.326 45.1285 0.248135519231 0.247254567308
TA.O11A.z -115.657 40.1313 0.251262108108 0.252525774775
TA.H04A.z -122.186 44.6837 0.251426711111 0.249117455556
TA.VES.z -119.085 35.8409 0.250196125 0.25098765625
TA.S05C.z -120.33 37.346 0.252644811594 0.256008434783
TA.N35A.z -95.6425 40.8612 0.244378205882 0.24386827451
TA.T19A.z -109.025 36.8299 0.248660087379 0.250330029126
TA.U42A.z -91.2383 36.3514 0.243625894737 0.245055284211
TA.L39A.z -92.0007 42.1234 0.243542701923 0.242108913462
TA.S27A.z -102.898 37.6837 0.247814017699 0.246614761062
TA.J25A.z -103.803 43.3901 0.246026051282 0.246784316239
TA.658A.z -81.2578 29.422 0.248095066667 0.247252755556
TA.V41A.z -92.1554 35.7851 0.244411431579 0.244399273684
TA.S59A.z -77.2942 37.762 0.245493088889 0.244234355556
TA.Z26A.z -103.98 33.2716 0.248034230769 0.245455442308
TA.M58A.z -76.4603 41.3721 0.244517898876 0.244635842697
TA.J52A.z -80.4764 43.2407 0.246167989011 0.24467521978
TA.557A.z -81.7291 30.016 0.246905162791 0.246459290698
TA.V26A.z -103.786 35.7964 0.250832259615 0.250528836538
TA.G25A.z -103.417 45.1935 0.246684754545 0.245552036364
TA.F32A.z -97.1264 45.8705 0.243700884211 0.241191231579
TA.L34A.z -96.3762 41.9666 0.243002772277 0.24207009901
TA.W17A.z -110.713 35.0789 0.251530920792 0.252168059406
TA.338A.z -95.3106 31.3567 0.246628514563 0.246331941748
TA.K31A.z -98.7546 42.6229 0.240304358974 0.239909179487
TA.U35A.z -96.7318 36.3709 0.244264883721 0.244013406977
TA.I06A.z -120.211 43.9437 0.253496521739 0.252350097826
TA.GLMI.z -84.6175 44.8245 0.24625902 0.24522493
TA.OGNE.z -102.033 40.9451 0.244795548387 0.243004725806
TA.I43A.z -88.146 43.8844 0.242983553846 0.242316938462
TA.431A.z -100.608 30.6824 0.245499028571 0.247086295238
TA.326A.z -103.979 31.3165 0.246211990476 0.246135114286
TA.Q12A.z -114.83 39.04 0.252397974138 0.252417405172
TA.S24A.z -105.213 37.6407 0.24892796 0.24923844
TA.D31A.z -97.7226 47.0481 0.246583402597 0.246490818182
TA.O50A.z -83.6199 40.1468 0.246053859649 0.24741354386
TA.O61A.z -74.553 40.0934 0.244101215054 0.242133526882
TA.H61A.z -71.9271 44.5339 0.24528416092 0.245294517241
TA.J21A.z -107.446 43.3459 0.248177235772 0.246579390244
TA.Q24A.z -105.149 38.9641 0.251392307018 0.248793885965
TA.P59A.z -76.4327 39.6101 0.244786938144 0.243368525773
TA.G38A.z -91.8549 45.1693 0.244409833333 0.243457633333
TA.344A.z -90.7318 31.4527 0.251196438095 0.252270209524
TA.F15A.z -112.493 45.8409 0.246901196078 0.247568601307
TA.BW06.z -109.558 42.7667 0.249598833333 0.248930055556
TA.J18A.z -110.02 43.2112 0.246530344444 0.243715522222
TA.M06C.z -120.477 41.2047 0.253581839286 0.253938714286
TA.E13A.z -114.188 46.4423 0.248853554054 0.24791077027
TA.U46A.z -88.1773 36.359 0.243295111111 0.24247982716
TA.O37A.z -94.1461 40.1664 0.24261471134 0.24096728866
TA.E64A.z -67.8285 46.4184 0.24748843956 0.247361956044
TA.F45A.z -85.5156 45.6837 0.242889513699 0.242285869863
TA.L54A.z -79.3162 42.2345 0.24285287013 0.241315506494
TA.532A.z -99.9049 30.1278 0.249164011111 0.247683433333
TA.N38A.z -93.235 40.7931 0.24203877451 0.241003019608
TA.Y55A.z -81.8581 33.9375 0.245547933333 0.2442858
TA.MVCO.z -108.499 37.2103 0.243294 0.241771
TA.H11A.z -116.013 44.7035 0.249281743119 0.247993449541
TA.G40A.z -90.2006 45.2684 0.242364141304 0.241687119565
TA.H55A.z -77.183 44.5505 0.24384692 0.243523173333
TA.E21A.z -107.076 46.5408 0.245096672727 0.245143009091
TA.I11A.z -115.958 43.9121 0.249743216981 0.248915132075
TA.G31A.z -98.2083 45.2254 0.244108316327 0.243441479592
TA.348A.z -87.9023 31.4129 0.248544826923 0.248883403846
TA.552A.z -85.2938 30.1327 0.244595605634 0.244624014085
TA.K54A.z -78.6908 42.6097 0.242565566265 0.240037084337
TA.757A.z -82.0685 28.9413 0.245480268657 0.245555253731
TA.Z44A.z -90.4322 33.2773 0.244322179487 0.244004871795
TA.C09A.z -118.274 47.8006 0.248339767857 0.2465795625
TA.K51A.z -81.5082 42.7223 0.243170494382 0.242108
TA.P37A.z -94.3491 39.5882 0.243633617021 0.242712531915
TA.I32A.z -97.4643 44.0271 0.244108705263 0.242816589474
TA.X17A.z -110.806 34.3371 0.250876652632 0.252168168421
TA.634A.z -98.3515 29.3815 0.248786418182 0.247234709091
TA.Z30A.z -101.128 33.2861 0.245691671429 0.244381457143
TA.143A.z -91.4036 32.7032 0.248069864407 0.247771533898
TA.M24A.z -104.825 41.4676 0.246793217822 0.245252148515
TA.936A.z -97.3091 27.4208 0.247402189655 0.247196577586
TA.J12A.z -115.098 43.25 0.253524973913 0.253910365217
TA.K55A.z -78.0696 42.7278 0.2440734375 0.2434127375
TA.Q32A.z -98.5596 38.9908 0.24479632381 0.245548352381
TA.G58A.z -74.054 45.1492 0.248490359551 0.246056808989
TA.G57A.z -74.9855 45.1036 0.245240814433 0.244495340206
TA.O30A.z -100.057 40.1791 0.24384119 0.24337171
TA.N28A.z -101.541 40.6873 0.24390670297 0.243765069307
TA.R51A.z -83.5834 38.3001 0.244930961538 0.245099971154
TA.OSI.z -118.724 34.6145 0.24990925641 0.24838474359
TA.535A.z -97.5711 30.029 0.248482534653 0.247387722772
TA.Y22D.z -106.921 34.0739 0.247562733333 0.2473034
TA.L14A.z -113.24 42.0343 0.247567923077 0.247222076923
TA.I47A.z -84.5096 44.0193 0.241828948454 0.241710371134
TA.350A.z -86.3353 31.4207 0.243936468354 0.243197379747
TA.T17A.z -110.804 36.9969 0.24903506422 0.250161348624
TA.B09A.z -118.149 48.4226 0.247073203883 0.247561786408
TA.R23A.z -105.826 38.1907 0.247997927835 0.247623907216
TA.I52A.z -80.177 44.068 0.242787060606 0.241621070707
TA.NATX.z -94.661 31.7598 0.245608225 0.244034808333
TA.Y53A.z -83.5836 33.8554 0.245652285714 0.245092142857
TA.U32A.z -99.0014 36.3795 0.24886090099 0.245703792079
TA.Q29A.z -100.979 38.8905 0.245617653061 0.244222755102
TA.E07A.z -119.855 46.5585 0.248299913043 0.249272782609
TA.O04C.z -121.086 40.32 0.254393636364 0.253230560606
TA.O18A.z -110.008 40.2655 0.249336155963 0.24766153211
TA.V24A.z -105.272 35.7259 0.25122359 0.2513343
TA.G28A.z -100.916 45.0749 0.245425164948 0.243956051546
TA.113A.z -113.767 32.7683 0.252434423729 0.251998898305
TA.434A.z -98.269 30.8142 0.247471179487 0.246473230769
TA.H03A.z -123.292 44.6765 0.251712048387 0.250096983871
TA.V49A.z -85.903 35.7663 0.244712783505 0.243235206186
TA.L20A.z -108.34 42.0073 0.247372939394 0.245517010101
TA.X53A.z -83.3013 34.5031 0.24585274359 0.245140948718
TA.U44B.z -89.3507 36.3391 0.245979041096 0.245085726027
TA.J45A.z -86.3889 43.4354 0.244021553191 0.243407329787
TA.S23A.z -106.002 37.7059 0.249007398148 0.249268759259
TA.S19A.z -109.137 37.7459 0.250142929204 0.249740876106
TA.P32A.z -98.6011 39.6223 0.244219834783 0.243783408696
TA.Z33A.z -98.7648 33.2865 0.245744255814 0.24553927907
TA.239A.z -94.4707 32.0179 0.250520695652 0.24922023913
TA.E29A.z -99.642 46.5682 0.243717247423 0.242964608247
TA.M38A.z -93.1965 41.4175 0.243243453608 0.242272927835
TA.I34A.z -95.86 44.0392 0.241063309278 0.239909463918
TA.X21A.z -107.786 34.4457 0.251888738318 0.251179037383
TA.K62A.z -72.2345 42.6651 0.242006955056 0.244351247191
TA.Y58A.z -79.6665 33.9057 0.244625621622 0.245743108108
TA.W54A.z -82.1859 35.0857 0.246046101695 0.245232364407
TA.P61A.z -74.7919 39.6734 0.245296388235 0.243761658824
TA.P55A.z -79.8265 39.5078 0.246386634146 0.247941829268
TA.M17A.z -110.666 41.4729 0.247148483871 0.244713193548
TA.O01C.z -123.82 40.1398 0.252330048387 0.251231387097
TA.A29A.z -99.2321 48.9228 0.24513641 0.24386838
TA.X14A.z -112.891 34.4692 0.252231377551 0.253399857143
TA.C37A.z -92.1853 47.7283 0.24321934375 0.242427010417
TA.F26A.z -102.67 45.8512 0.243595294118 0.243067470588
TA.Y54A.z -82.688 33.8621 0.245260128713 0.244755930693
TA.M01C.z -124.122 41.8473 0.253544214286 0.2530345
TA.M02C.z -122.854 41.392 0.251389245902 0.250704688525
TA.X40A.z -92.8342 34.4873 0.244866081633 0.245718857143
TA.K47A.z -84.9993 42.6704 0.244451105263 0.243459221053
TA.355A.z -82.8518 31.3438 0.246059369048 0.24565472619
TA.E03A.z -123.563 46.5459 0.2487365125 0.2481431
TA.H25A.z -103.598 44.6215 0.244834080357 0.245425732143
TA.A14A.z -113.422 48.9725 0.243849782178 0.242708742574
TA.V04C.z -120.87 35.636 0.249235804348 0.248201130435
TA.M23A.z -105.722 41.468 0.244979947368 0.243718378947
TA.O09A.z -117.19 40.1697 0.250675651163 0.249292744186
TA.P28A.z -101.755 39.5732 0.243304514563 0.243275864078
TA.139A.z -94.3927 32.6795 0.245509369565 0.248127793478
TA.353A.z -84.2172 31.3474 0.243956964706 0.243577858824
TA.R40A.z -92.2684 38.2909 0.244833898148 0.245086925926
TA.V15A.z -112.173 35.8191 0.25236036036 0.252703936937
TA.Z41A.z -92.803 33.2577 0.246280915789 0.246795105263
TA.C12B.z -115.475 47.7092 0.245491759259 0.247181731481
TA.L61B.z -72.6802 42.4498 0.244433191011 0.245194696629
TA.343A.z -91.6169 31.2839 0.248744 0.24920927451
TA.E10A.z -117.11 46.485 0.246545536842 0.245248147368
TA.E24A.z -104.307 46.5608 0.245465 0.244217884211
TA.E19A.z -108.786 46.4611 0.245743099099 0.24425490991
TA.U59A.z -77.7925 36.3526 0.243709917647 0.242059
TA.D51A.z -79.3733 47.0904 0.241212863636 0.240424242424
TA.X25A.z -104.662 34.5271 0.247750813725 0.245768892157
TA.G65A.z -67.5632 45.2002 0.244302234568 0.243777320988
TA.O43A.z -89.313 40.2856 0.242797621622 0.241715932432
TA.MPP.z -119.814 34.8885 0.248461 0.24722384
TA.250A.z -86.2677 31.9778 0.243831493976 0.243098120482
TA.536A.z -97.0652 30.0756 0.246678575472 0.247247575472
TA.437A.z -96.1386 30.8292 0.248750641509 0.249639169811
TA.P24A.z -104.908 39.5144 0.25023528125 0.248417510417
TA.T28A.z -102.114 37.1204 0.247478103093 0.246089618557
TA.237A.z -95.8084 32.0015 0.248177942857 0.24880127619
TA.R39A.z -93.0383 38.3138 0.244962752577 0.244788154639
TA.531A.z -100.546 30.1645 0.246971393617 0.246418319149
TA.633A.z -99.1766 29.4591 0.247730554545 0.246688172727
TA.O29A.z -100.798 40.1253 0.245562265306 0.244451877551
TA.N30A.z -100.1 40.7957 0.243590071429 0.243294061224
TA.U38A.z -94.3857 36.4394 0.244232376344 0.243683989247
TA.H18A.z -109.664 44.6769 0.249091405941 0.247454920792
TA.430A.z -101.236 30.7866 0.245049414894 0.243850053191
TA.835A.z -97.8297 28.287 0.24787762037 0.247137231481
TA.X32A.z -99.2854 34.4214 0.246053764151 0.244006537736
TA.S47A.z -86.8779 37.5946 0.245540153846 0.243304788462
TA.G04A.z -122.478 45.2059 0.24924 0.24787491358
TA.K14A.z -113.176 42.5452 0.249927880282 0.251058049296
TA.U60A.z -77.1596 36.4718 0.243942669903 0.243728951456
TA.K01A.z -124.469 42.8088 0.249910532258 0.250491258065
TA.109C.z -117.105 32.8889 0.24868085 0.246531725
TA.D49A.z -81.3562 47.2726 0.242761342857 0.241926328571
TA.T29A.z -101.294 37.1565 0.245032652632 0.243864410526
TA.O52A.z -81.8361 40.1158 0.243632016949 0.243548516949
TA.R17A.z -110.711 38.4187 0.246184260417 0.244682135417
TA.H46A.z -85.2034 44.5397 0.244974063291 0.24370235443
TA.L07A.z -119.34 42.0187 0.253451215686 0.252194303922
TA.KSCO.z -102.627 39.0112 0.246166503937 0.244647937008
TA.U54A.z -81.8204 36.5209 0.24445892437 0.243214084034
TA.O42A.z -90.0812 40.1956 0.243781227273 0.243211159091
TA.G03A.z -123.281 45.3153 0.248780645161 0.24799783871
TA.H47A.z -84.2062 44.5994 0.241810010526 0.2413506
TA.SUTB.z -121.786 39.2291 0.252306053571 0.251315696429
TA.126A.z -104.02 32.6462 0.247132920455 0.245345795455
TA.C39A.z -90.1289 47.8171 0.248143528302 0.247271584906
TA.R46A.z -87.5114 38.2124 0.24490627907 0.242779488372
TA.S10A.z -116.595 37.923 0.252211434426 0.251887221311
TA.858A.z -81.3616 28.2126 0.249286362319 0.249779333333
TA.TPNV.z -116.249 36.9488 0.252939571429 0.252541107143
TA.N57A.z -77.5509 40.7556 0.245187957447 0.244712787234
TA.R44A.z -89.0809 38.2475 0.245190656566 0.244095858586
TA.D34A.z -95.1952 47.0851 0.242673626506 0.24154626506
TA.X42A.z -91.6262 34.5532 0.24612555814 0.245534139535
TA.S31A.z -99.4845 37.6193 0.244768989583 0.2453180625
TA.HATC.z -121.461 40.8161 0.252847215686 0.251911588235
TA.MPM.z -117.489 36.058 0.252116705882 0.251180735294
TA.Q18A.z -110.133 39.1025 0.248052028571 0.247071904762
TA.L13A.z -113.944 42.0886 0.25224579646 0.253756699115
TA.N08A.z -118.134 40.7811 0.252642582278 0.250749316456
TA.G59A.z -73.1809 45.0807 0.248449357143 0.247323571429
TA.G64A.z -68.7558 45.2527 0.244373174419 0.245190476744
TA.ECSD.z -96.6141 43.7337 0.24383865 0.241709433333
TA.Y59A.z -78.8737 33.9897 0.244740410959 0.245431630137
TA.T56A.z -80.0311 37.0288 0.245500513514 0.244109351351
TA.335A.z -97.4271 31.2819 0.249318321739 0.249000930435
TA.C08A.z -119.045 47.7849 0.243846402062 0.243104402062
TA.T12A.z -114.715 36.7256 0.255570298387 0.255869274194
TA.Y60A.z -78.2163 34.0046 0.242219984848 0.242476181818
TA.I10A.z -116.803 44.086 0.247179920354 0.246536663717
TA.L49A.z -83.7672 42.1088 0.244753195876 0.24478257732
TA.L26A.z -103.079 42.0367 0.246030148515 0.245977257426
TA.M16A.z -111.63 41.3146 0.249054628319 0.24657000885
TA.M20A.z -108.187 41.4906 0.250167088235 0.247433431373
TA.D19A.z -108.88 47.1646 0.245320958763 0.244609329897
TA.K15A.z -112.531 42.6852 0.248859556522 0.2476896
TA.B34A.z -94.6501 48.486 0.24426882716 0.24519254321
TA.M63A.z -72.0464 41.4038 0.2427902125 0.242574425
TA.B35A.z -93.7261 48.3603 0.243055316327 0.242795010204
TA.R21A.z -107.55 38.3685 0.250688108108 0.251285126126
TA.J61A.z -72.5535 43.3462 0.245300606383 0.246420287234
TA.219A.z -109.259 31.9989 0.253305462264 0.251049113208
TA.P26A.z -103.346 39.5602 0.246546783019 0.244998556604
TA.R08A.z -118.106 38.3489 0.252305 0.252478666667
TA.Z57A.z -80.7039 33.297 0.246023106383 0.244000042553
TA.T05C.z -120.674 36.8953 0.25225342 0.25106048
TA.H23A.z -105.401 44.562 0.2443681 0.244641027273
TA.T30A.z -100.527 37.0526 0.245119505155 0.244481371134
TA.U10A.z -116.33 36.4193 0.252284912621 0.251841582524
TA.G05A.z -121.317 45.2422 0.254197190476 0.251904833333
TA.HEC.z -116.335 34.8294 0.250114944444 0.249455638889
TA.Y51A.z -85.064 33.8993 0.247059326531 0.244705795918
TA.J29A.z -100.325 43.4061 0.244589045455 0.244148875
TA.540A.z -93.9796 30.2093 0.251768985714 0.248861428571
TA.X59A.z -78.6023 34.572 0.24436010989 0.244290483516
TA.S32A.z -98.9363 37.7001 0.244092145631 0.243922194175
TA.T25A.z -104.411 37.1388 0.248892104 0.25001456
TA.737A.z -96.4402 28.7639 0.247879741176 0.2469826
TA.R61A.z -75.339 38.3303 0.243917393939 0.243549343434
TA.Q16A.z -111.172 38.9176 0.247929361111 0.247425462963
TA.D23A.z -105.207 47.173 0.244731483146 0.245008977528
TA.X57A.z -80.094 34.4643 0.244552673077 0.243121355769
TA.H66A.z -67.3115 44.7859 0.246004634146 0.24523247561
TA.N14A.z -113.187 40.8513 0.253649280374 0.252782093458
TA.L22A.z -106.434 42.031 0.247741111111 0.247866652778
TA.J46A.z -85.6466 43.3478 0.241613706522 0.240824032609
TA.934A.z -98.5192 27.6018 0.24800075 0.247697203704
TA.P53A.z -81.3896 39.4868 0.24434611215 0.240663233645
TA.D11A.z -116.335 47.0477 0.245851055556 0.2446775
TA.B19A.z -108.944 48.4551 0.246783259259 0.245029546296
TA.B14A.z -113.273 48.3609 0.246330765306 0.244626591837
TA.P56A.z -78.8386 39.5044 0.244077106796 0.24556576699
TA.035A.z -98.1023 26.9379 0.249513927835 0.249738979381
TA.655A.z -83.2552 29.5107 0.247964512821 0.246505076923
TA.061Z.z -80.907 25.8657 0.247486662921 0.246808539326
TA.S08C.z -118.171 37.4993 0.251891171875 0.252473765625
TA.ANMO.z -106.457 34.9459 0.248463 0.2510573125
TA.H21A.z -107.042 44.6277 0.24490388 0.244239352
TA.R58A.z -78.0034 38.2989 0.248208179775 0.245583674157
TA.K50A.z -82.6231 42.7749 0.241879989362 0.241377957447
TA.K27A.z -102.236 42.7036 0.24629559633 0.246224889908
TA.X24A.z -105.435 34.5646 0.249136285714 0.248761510204
TA.352A.z -84.9274 31.4793 0.242793252747 0.242082538462
TA.R58B.z -77.8787 37.9636 0.245610228261 0.245037195652
TA.M27A.z -102.387 41.5281 0.248588553398 0.246115902913
TA.U26A.z -103.744 36.3945 0.249539963964 0.248694603604
TA.546A.z -89.7191 30.233 0.24810123913 0.247731684783
TA.H12A.z -114.855 44.5494 0.247896064327 0.248762169591
TA.147A.z -88.2708 32.6738 0.245210186047 0.244087937984
TA.W12A.z -114.87 35.301 0.251230443396 0.253219462264
TA.U23A.z -106.192 36.3289 0.249852171717 0.250246252525
TA.E46A.z -84.3062 46.3665 0.244186 0.243226358491
TA.M62A.z -72.8939 41.4423 0.24487045977 0.244040425287
TA.O05C.z -120.918 39.962 0.252478369231 0.252953569231
TA.J56A.z -76.8579 43.276 0.244133590909 0.243212534091
TA.WHTX.z -97.4561 31.9913 0.247972410714 0.245362857143
TA.D32A.z -97.0164 47.1354 0.242460974684 0.242261278481
TA.M22A.z -106.596 41.4033 0.249161846715 0.248392875912
TA.BRAL.z -87.0506 31.1687 0.2471547125 0.2464361875
TA.628A.z -102.888 29.4862 0.248977267241 0.249064525862
TA.117A.z -110.739 32.5716 0.25258039 0.25319746
TA.E50A.z -80.7378 46.4232 0.244378388235 0.241508094118
TA.645A.z -90.5966 29.4573 0.247633076923 0.247255428571
TA.059A.z -81.144 26.9671 0.244650011628 0.24375444186
TA.F41A.z -89.1046 45.7387 0.244645913043 0.244683076087
TA.PKME.z -69.2917 45.2644 0.242790275862 0.24169116092
TA.J08A.z -118.474 43.358 0.252433122642 0.255485132075
TA.T06C.z -119.709 37.0069 0.249408939394 0.251068606061
TA.R29A.z -101.138 38.4243 0.24313422 0.24272961
TA.S50A.z -84.4003 37.679 0.243512213592 0.242881902913
TA.S28A.z -101.898 37.5899 0.247543255102 0.246522132653
TA.R13A.z -113.969 38.1802 0.253302797872 0.253112031915
TA.T53A.z -82.535 36.9823 0.243297781818 0.242575590909
TA.J04A.z -122.109 43.2406 0.252395419355 0.25175416129
TA.WMOK.z -98.7807 34.7379 0.244964032258 0.246823677419
TA.G13A.z -114.233 45.0931 0.2497438625 0.24929355625
TA.B15A.z -112.562 48.3129 0.246432317308 0.242535730769
TA.L12A.z -115.016 42.146 0.249272285714 0.250924660714
TA.T31A.z -99.6771 37.0977 0.24773956701 0.245995721649
TA.059Z.z -81.4432 26.3373 0.243996752688 0.242352634409
TA.W13A.z -113.885 35.099 0.251705008696 0.252180313043
TA.B16A.z -111.707 48.4128 0.24525588 0.24344066
TA.S42A.z -90.7939 37.77 0.244107626667 0.24428248
TA.C15A.z -112.607 47.775 0.24876565 0.24661399
TA.W32A.z -99.2458 35.1238 0.244014359223 0.243146980583
TA.N62A.z -73.4677 40.9313 0.246065231707 0.245719926829
TA.B33A.z -95.588 48.2722 0.242647740741 0.244899148148
TA.J62A.z -71.8127 43.2262 0.24292205618 0.243962730337
TA.X45A.z -89.3931 34.4241 0.245873674699 0.24477973494
TA.J40A.z -90.7406 43.3965 0.244122277778 0.241580777778
TA.Z19A.z -109.266 33.2921 0.250377462264 0.251217037736
TA.U40A.z -92.8535 36.3563 0.243775309735 0.243890070796
TA.H13A.z -114.255 44.5642 0.248383648148 0.248746469136
TA.X60A.z -77.9768 34.5773 0.244740691358 0.244147185185
TA.Y32A.z -99.442 34.0036 0.247325358696 0.247028293478
TA.S54A.z -81.3114 37.7997 0.24645475 0.245715115385
TA.N02C.z -123.306 40.822 0.252529619048 0.2503435
TA.Y19A.z -109.254 33.9571 0.250825763636 0.250854445455
TA.J26A.z -103.075 43.3126 0.247086036364 0.247007181818
TA.DGMT.z -104.196 48.4702 0.246232260274 0.246120931507
TA.453A.z -84.3197 30.8541 0.245434370787 0.245577202247
TA.Y56A.z -81.3047 33.7922 0.245460247059 0.243618717647
TA.L36A.z -94.6676 42.1009 0.242992 0.241598425743
TA.A06A.z -121.48 49.0983 0.248891306818 0.248129659091
TA.R05C.z -120.076 38.7028 0.252891966102 0.250942932203
TA.B23A.z -104.991 48.4643 0.245952866667 0.2458739
TA.R55A.z -80.1195 38.2825 0.246529841667 0.246445525
TA.L33A.z -97.2724 42.1659 0.244265356436 0.24381549505
TA.356A.z -82.1275 31.3247 0.2465380625 0.246439197917
TA.D46A.z -84.0357 46.891 0.242825153846 0.242806346154
TA.T11A.z -115.22 37.2408 0.254110278689 0.254990131148
TA.R60A.z -76.5807 38.2684 0.243857711111 0.2436518
TA.S37A.z -94.8279 37.7597 0.245086053763 0.245114709677
TA.F64A.z -68.3496 45.8633 0.243402292683 0.243060634146
TA.N18A.z -109.673 40.9763 0.247080438776 0.245651489796
TA.O35A.z -95.9097 40.2665 0.243853051546 0.242948319588
TA.MIAR.z -93.5765 34.5454 0.247773363636 0.246297621212
TA.O07A.z -118.877 40.1614 0.253947547945 0.252702684932
TA.E22A.z -105.949 46.4386 0.248715949495 0.247865444444
TA.K43A.z -88.332 42.7044 0.242772620253 0.241615291139
TA.Q23A.z -105.834 38.9045 0.250277320755 0.248594735849
TA.N37A.z -94.2095 40.7582 0.24343284466 0.24177123301
TA.T43A.z -90.2878 37.0833 0.242728395062 0.242321049383
TA.B13A.z -114.468 48.3739 0.246270409396 0.245856892617
TA.V55A.z -81.2149 35.8518 0.243604136364 0.243037281818
TA.O49A.z -84.3353 40.188 0.244756897959 0.244359938776
TA.TUQ.z -115.924 35.4358 0.249841631579 0.248210342105
TA.G42A.z -88.4277 45.2418 0.243096857143 0.24254777381
TA.I21A.z -107.292 43.8122 0.24788418797 0.246212766917
TA.K28A.z -101.367 42.7136 0.245826663158 0.245901610526
TA.FMP.z -118.294 33.7126 0.254500055556 0.253168611111
TA.I05A.z -121.268 44.1626 0.255963607595 0.255615025316
TA.062Z.z -81.0523 24.7266 0.248342333333 0.247805891892
TA.222A.z -107.101 32.1046 0.252515471698 0.253207358491
TA.J11A.z -115.828 43.4151 0.252619178862 0.252332292683
TA.441A.z -93.1898 30.7498 0.248472190909 0.247098381818
TA.F46A.z -84.7586 45.7737 0.243465703704 0.244504148148
TA.V17A.z -110.794 35.6218 0.248220824561 0.24790945614
TA.FUR.z -116.863 36.4672 0.247304304348 0.245659108696
TA.VBMS.z -90.5177 32.2185 0.243847485981 0.245414598131
TA.E17A.z -110.858 46.462 0.248386092593 0.248071138889
TA.I03A.z -123.278 43.9726 0.251089015873 0.249636698413
TA.M26A.z -103.143 41.4661 0.245201712871 0.245641772277
TA.D56A.z -74.7568 47.0485 0.244795649351 0.242447727273
TA.B32A.z -96.5363 48.3951 0.244762865672 0.246273910448
TA.442A.z -92.4314 30.7119 0.245656787037 0.244076731481
TA.BNLO.z -122.173 37.1311 0.250894982759 0.252031655172
TA.220A.z -108.527 31.9041 0.252704536364 0.253159072727
TA.I57A.z -75.6599 43.9377 0.247009965517 0.245694436782
TA.R26A.z -103.447 38.3009 0.248056227273 0.246640054545
TA.B18A.z -109.777 48.3943 0.246518663462 0.244637048077
TA.K63A.z -71.5283 42.6888 0.243688206522 0.243916402174
TA.C22A.z -105.884 47.7456 0.245723857143 0.246936703297
TA.L19A.z -109.357 42.1012 0.247154872727 0.244464363636
TA.L65A.z -70.0528 42.0295 0.246780575 0.246755675
TA.X50A.z -85.6486 34.4596 0.245127764706 0.244218647059
TA.F25A.z -103.458 45.9256 0.245723 0.245075709091
TA.LRAL.z -86.9978 33.0348 0.245420404762 0.245297178571
TA.O44A.z -88.4671 40.1526 0.242914488372 0.242871174419
TA.I08A.z -118.569 43.9104 0.2517495 0.252220647727
TA.J48A.z -83.7849 43.2986 0.243933591398 0.242173139785
TA.Z55A.z -82.1359 33.2211 0.245148424242 0.244774818182
TA.T35A.z -96.5121 36.9161 0.244630847826 0.245839293478
TA.L44A.z -87.9119 42.1782 0.244707791667 0.2439221875
TA.Z45A.z -89.6913 33.3705 0.242270957447 0.241892212766
TA.CBN.z -77.3732 38.2046 0.246761537634 0.245477913978
TA.H34A.z -95.777 44.6673 0.244259084112 0.243097691589
TA.L63A.z -71.6095 41.8631 0.24463804 0.24403752
TA.A08A.z -119.272 48.9534 0.249603875 0.251207346154
TA.157A.z -80.9972 32.678 0.243783495238 0.244550809524
TA.G29A.z -99.9234 45.1926 0.246109924528 0.245207632075
TA.S16A.z -111.596 37.7222 0.247469591837 0.247027887755
TA.C30A.z -98.4783 47.7026 0.242621516949 0.242019966102
TA.S13A.z -113.86 37.5808 0.254042973684 0.253912342105
TA.Q61A.z -75.3256 38.8799 0.242240793478 0.243009358696
TA.221A.z -107.778 32.0094 0.252354141593 0.251722654867
TA.I26A.z -102.86 44.0309 0.245147555556 0.243796962963
TA.O51A.z -82.6056 40.147 0.243664140351 0.243946464912
TA.P47A.z -86.2699 39.4869 0.242887236111 0.241535
TA.H19A.z -108.986 44.6704 0.245922603306 0.243839553719
TA.D47A.z -83.1038 47.0558 0.243171230769 0.243381961538
TA.E26A.z -102.462 46.4712 0.244180175926 0.242874527778
TA.X26A.z -103.81 34.5508 0.248522360825 0.247208268041
TA.I07A.z -119.504 44.082 0.251101102804 0.25178517757
TA.229A.z -101.811 31.9671 0.24514671 0.24410603
TA.K58A.z -75.6473 42.7633 0.244336967742 0.244739473118
TA.W30A.z -100.577 35.1818 0.248817852632 0.247353094737
TA.D52A.z -78.4117 46.9764 0.24141002381 0.241077214286
TA.H42A.z -88.5311 44.5091 0.2441688 0.24247515
TA.553A.z -84.4317 30.189 0.247947041237 0.247912546392
TA.A30A.z -98.3009 48.9402 0.246171669725 0.245333495413
TA.L60A.z -74.2226 41.989 0.246320630435 0.247865391304
TA.959A.z -80.8791 27.524 0.246510183673 0.245746326531
TA.H38A.z -92.282 44.6753 0.242545 0.242748237624
TA.B21A.z -107.017 48.4278 0.245625541667 0.24353290625
TA.F03A.z -123.559 45.9306 0.247212646341 0.247405097561
TA.K56A.z -77.3244 42.6981 0.244113445652 0.243976597826
TA.PAL.z -73.9079 41.0056 0.245116770833 0.244066625
TA.O02C.z -122.788 40.1767 0.249080927273 0.2481452
TA.M33A.z -97.195 41.5726 0.240333686869 0.241250494949
TA.150A.z -86.022 32.6067 0.2421516375 0.2412945125
TA.P44A.z -88.6209 39.4676 0.241292166667 0.240928488889
TA.T59A.z -77.5541 36.9716 0.243744210526 0.244348105263
TA.L48A.z -84.4329 41.9438 0.243693786408 0.244154135922
TA.F39A.z -90.919 45.9153 0.241433736264 0.239698252747
TA.SMM.z -119.996 35.3142 0.2508842 0.2522026
TA.K19A.z -108.847 42.8247 0.24558664 0.24521854
TA.149A.z -86.7916 32.5983 0.24462960241 0.24461886747
TA.E33A.z -96.0054 46.5035 0.242429804598 0.241367367816
TA.L11A.z -115.754 42.1669 0.252537359649 0.252683368421
TA.H62A.z -71.1559 44.5743 0.246671835165 0.244543538462
TA.T32A.z -98.9247 37.1797 0.245514414894 0.244024478723
TA.C19A.z -109.049 47.7343 0.246078733333 0.245017361905
TA.N17A.z -110.834 40.9425 0.248049009804 0.245645529412
TA.455A.z -83.026 30.7422 0.245664659574 0.244586574468
TA.T55A.z -80.7843 37.117 0.244849709091 0.2447877
TA.B07A.z -120.12 48.4607 0.247466427083 0.246715302083
TA.W29A.z -101.648 35.1212 0.246852840426 0.247537893617
TA.L55A.z -78.4368 42.1831 0.24140156962 0.240448
TA.D06A.z -120.844 47.1935 0.251039532609 0.251456641304
TA.V42A.z -91.39 35.806 0.243009582418 0.242878373626
TA.146A.z -89.0573 32.6368 0.244745757009 0.243512504673
TA.J03A.z -122.965 43.3717 0.24765584 0.2471687
TA.135A.z -97.4099 32.5573 0.246109287234 0.246249489362
TA.J59A.z -74.5041 43.4647 0.246846989691 0.246698340206
TA.N10A.z -116.508 40.7186 0.252753235294 0.255655901961
TA.G43A.z -87.6861 45.2572 0.246582337662 0.245307181818
TA.Z53A.z -83.5713 33.2801 0.248109535714 0.2461565
TA.D59A.z -71.8358 47.0073 0.242316336842 0.241851578947
TA.148A.z -87.571 32.6469 0.243950986667 0.24250184
TA.O16A.z -111.502 40.2067 0.250481037037 0.251048574074
TA.Z24A.z -105.365 33.3298 0.24951969863 0.248683027397
TA.W47A.z -87.5946 35.2511 0.242280736842 0.242686131579
TA.E61A.z -70.489 46.4312 0.241187483146 0.241127910112
TA.N32A.z -98.2955 40.7639 0.245083858333 0.243542758333
TA.I24A.z -104.626 43.8594 0.246053917431 0.247163816514
TA.C27A.z -101.503 47.7139 0.244907845361 0.243609061856
TA.D53A.z -77.7001 47.0795 0.240957550725 0.241338376812
TA.452A.z -85.183 30.8492 0.244919784615 0.2452462
TA.G61A.z -71.5273 45.2827 0.246165333333 0.245926850575
TA.T49A.z -85.5334 37.105 0.244467899083 0.243986522936
TA.J06A.z -120.153 43.2515 0.249852 0.251403384615
TA.F34A.z -95.2581 45.7954 0.240495956989 0.240078784946
TA.L64A.z -70.8391 41.9359 0.246180810127 0.245567810127
TA.N34A.z -96.5005 40.8378 0.245664263636 0.244744909091
TA.D13A.z -114.459 47.0943 0.244781954839 0.245821232258
TA.248A.z -87.7393 32.094 0.245818554545 0.244008054545
TA.Q44A.z -89.017 38.9032 0.242204782178 0.242052039604
TA.J10A.z -116.767 43.4275 0.248191616667 0.24779495
TA.H48A.z -83.3249 44.7006 0.244184461538 0.242672527473
TA.M12A.z -114.915 41.4157 0.252080815534 0.252203980583
TA.155A.z -82.4665 32.6219 0.248824179775 0.248215404494
TA.S51A.z -83.5935 37.6392 0.244723106796 0.244021883495
TA.S43A.z -90.0754 37.5716 0.243949350515 0.243253969072
TA.R30A.z -100.277 38.2844 0.24475368 0.24469003
TA.W59A.z -78.443 35.1673 0.244396146067 0.245180842697
TA.Z23A.z -106.232 33.2621 0.248165924242 0.249196424242
TA.C35A.z -93.9763 47.7007 0.242870886364 0.242639193182
TA.S55A.z -80.5013 37.7724 0.245049752066 0.244209099174
TA.M51A.z -82.1831 41.3321 0.244052475177 0.242502347518
TA.W42A.z -91.5224 35.2732 0.2439336875 0.243926075
TA.A28A.z -100.267 48.9096 0.24382772449 0.243232234694
TA.657A.z -81.8665 29.5852 0.246344614286 0.245858657143
TA.G06A.z -120.635 45.2357 0.250258478261 0.249655147826
TA.F49A.z -82.0423 45.7627 0.242035522523 0.242297522523
TA.152A.z -84.7188 32.6686 0.248717697917 0.24803353125
TA.340A.z -93.8896 31.4167 0.24776471134 0.249658195876
TA.H27A.z -102.077 44.6329 0.244018886598 0.243622298969
TA.Z22A.z -106.964 33.2555 0.248997863158 0.249048042105
TA.B10A.z -117.225 48.2995 0.248221435644 0.247335128713
TA.A19A.z -108.743 48.9286 0.249611625 0.246983288462
TA.RCT.z -119.244 36.3052 0.247232658537 0.245438804878
TA.V20A.z -108.466 35.7992 0.251130660377 0.249313084906
TA.G18A.z -109.563 45.3171 0.244711158879 0.244590196262
TA.V32A.z -99.0437 35.7202 0.245334212766 0.244278776596
TA.LGU.z -119.066 34.1082 0.252346619048 0.249764190476
TA.U55A.z -81.0472 36.5023 0.245481054054 0.244754216216
TA.327A.z -103.492 31.3691 0.251317977273 0.250544193182
TA.O03C.z -122.032 39.9971 0.253090722222 0.251251666667
TA.J63A.z -71.0781 43.2792 0.2429019 0.2426282875
TA.L41A.z -90.4977 42.0751 0.243993782178 0.243234188119
TA.MCWV.z -79.8456 39.6581 0.244911158537 0.241826170732
TA.319A.z -109.281 31.3757 0.252195 0.251238214953
TA.Q34A.z -96.9408 38.9214 0.242208602273 0.243059522727
TA.GOGA.z -83.4666 33.4112 0.242628157303 0.241438573034
TA.Q13A.z -114.02 38.9551 0.253109150943 0.253558735849
TA.O33A.z -97.5845 40.0755 0.243868314815 0.242732759259
TA.T24B.z -105.382 37.0624 0.244646928571 0.244948095238
TA.Q56A.z -79.1871 39.041 0.247199585106 0.247375446809
TA.F29A.z -99.8273 45.8336 0.24233840367 0.241931495413
TA.539A.z -94.7236 30.1084 0.251124676056 0.247847464789
TA.T34A.z -97.1883 37.0222 0.2456265 0.247026677083
TA.LONY.z -74.5829 44.6197 0.24454887234 0.242483095745
TA.Q53A.z -81.5251 38.8586 0.245514453704 0.249527898148
TA.H24A.z -104.552 44.7473 0.246211898148 0.246582537037
TA.N42A.z -90.0345 40.829 0.244450318182 0.244386106061
TA.I13A.z -114.117 43.9146 0.249457487952 0.250467921687
TA.P21A.z -107.449 39.524 0.249593223214 0.249738669643
TA.T27A.z -102.721 37.0614 0.24615472449 0.24474844898
TA.444A.z -90.7463 30.7153 0.250323711538 0.250796192308
TA.I02A.z -123.83 44.0035 0.25214875 0.254287732143
TA.P20A.z -108.391 39.4998 0.248206080357 0.249150526786
TA.R04C.z -120.936 38.2571 0.250162084746 0.25141640678
TA.S14A.z -113.168 37.7601 0.25356695 0.2525151
TA.Y22A.z -106.965 33.937 0.2522934 0.251269252632
TA.O24A.z -105.073 40.1227 0.249754320388 0.248365475728
TA.D09A.z -118.309 47.0615 0.251280561224 0.250914744898
TA.Q47A.z -86.4261 38.9362 0.244619844156 0.242187831169
TA.734A.z -98.5576 28.8473 0.247985027523 0.248017357798
TA.W14A.z -113.083 35.2127 0.251255272727 0.253369090909
TA.O28A.z -101.773 40.1262 0.246145811881 0.245178891089
TA.CBKS.z -99.7374 38.814 0.246977132353 0.244031926471
TA.Y18A.z -110.034 33.7776 0.252101849315 0.254020684932
TA.C06A.z -120.894 47.923 0.246851088608 0.246188227848
TA.Y37A.z -95.621 33.9789 0.246403813953 0.245129127907
TA.X15A.z -112.237 34.4866 0.255285301887 0.255522584906
TA.P39A.z -92.7549 39.4877 0.244149058824 0.243119470588
TA.555A.z -82.9666 30.1212 0.246539397436 0.24467124359
TA.K12A.z -114.903 42.636 0.250974008333 0.253538691667
TA.N44A.z -88.1333 40.7953 0.24218653012 0.242739361446
TA.957A.z -82.2357 27.6702 0.246626666667 0.245183277778
TA.U41A.z -91.9203 36.344 0.242084053191 0.242885861702
TA.J24A.z -104.661 43.3305 0.244850734513 0.245245265487
TA.R16A.z -111.483 38.2843 0.247997633663 0.248798752475
TA.P09A.z -117.14 39.5516 0.2523897 0.250515877778
TA.Z36A.z -96.4344 33.2702 0.248295283784 0.246058135135
TA.I62A.z -71.3359 43.8743 0.247200452381 0.246554821429
TA.123A.z -106.262 32.6349 0.251229291667 0.252683947917
TA.BINY.z -75.9861 42.1993 0.246074159091 0.245060386364
TA.Z40A.z -93.3995 33.2584 0.246633639175 0.246227030928
TA.SSPA.z -77.8876 40.6358 0.242985829787 0.242137648936
TA.C17A.z -110.763 47.6327 0.244868067961 0.245540029126
TA.435B.z -97.585 30.7827 0.249167168224 0.248050831776
TA.F43A.z -87.1694 45.8313 0.240523241758 0.239153153846
TA.D20A.z -108.136 47.0911 0.245351115385 0.245146451923
TA.MDND.z -99.6029 47.8481 0.246334363636 0.246692646465
TA.T21A.z -107.534 36.9914 0.249452255814 0.249966965116
TA.SDCO.z -105.501 37.7456 0.252742956522 0.249699478261
TA.O19A.z -109.124 40.2982 0.247785487805 0.245957195122
TA.F63A.z -69.1029 45.703 0.243500578313 0.242971855422
TA.J43A.z -88.4185 43.3808 0.242881108108 0.240495594595
TA.H07A.z -119.565 44.5913 0.249931344086 0.251600537634
TA.K29A.z -100.318 42.7612 0.246250834951 0.245709718447
TA.RLMT.z -109.267 45.1221 0.245489472222 0.245523222222
TA.F51A.z -79.915 45.9284 0.240227580247 0.241781851852
TA.332A.z -99.7423 31.3829 0.244389210526 0.243666
TA.M21A.z -107.364 41.6067 0.248796666667 0.246830010101
TA.N60A.z -75.1 40.8704 0.246249176471 0.245984435294
TA.U29A.z -101.27 36.4519 0.245715235955 0.245582303371
TA.S04C.z -121.328 37.5049 0.251435482143 0.252571732143
TA.242A.z -92.1521 32.0617 0.247046588785 0.248065037383
TA.V36A.z -95.9425 35.7863 0.248386443182 0.246272511364
TA.223A.z -106.428 32.0062 0.254265098214 0.252827482143
TA.N46A.z -86.7352 40.8949 0.244770033708 0.242611573034
TA.H20A.z -107.999 44.4868 0.244058 0.243314422764
TA.U30A.z -100.651 36.5304 0.245529769231 0.245467032967
TA.G54A.z -78.0898 45.3979 0.241799753247 0.241152636364
TA.M14A.z -113.347 41.503 0.252902084906 0.252422735849
TA.Q42A.z -90.5331 38.912 0.242441419048 0.242329942857
TA.L21A.z -107.369 41.9641 0.250127901961 0.248285362745
TA.V35A.z -96.8378 35.7626 0.246112557895 0.245624473684
TA.F36A.z -93.5241 45.8618 0.24432480198 0.242849415842
TA.D63A.z -68.1066 47.037 0.244850236559 0.244513924731
TA.L17A.z -110.873 42.0995 0.246409465116 0.247500988372
TA.E32A.z -97.0701 46.5927 0.242948556818 0.242403193182
TA.060A.z -80.3618 27.0361 0.247010530612 0.247083479592
TA.F40A.z -90.1217 45.919 0.242154083333 0.241122020833
TA.C33A.z -95.7725 47.7586 0.242041908046 0.241717298851
TA.G46A.z -84.8621 45.3176 0.244933476744 0.243441674419
TA.V22A.z -106.909 35.9138 0.248622940594 0.249920089109
TA.454A.z -83.6302 30.7145 0.244144488636 0.243933931818
TA.K30A.z -99.6131 42.6742 0.246742198113 0.246976179245
TA.K10A.z -116.87 42.7779 0.252607897436 0.252657273504
TA.440A.z -93.9587 30.7456 0.249012054795 0.24558990411
TA.I63A.z -70.5809 44.0505 0.244594071429 0.244581464286
TA.MONP2.z -116.422 32.892 0.254025452381 0.250772833333
TA.KSU1.z -96.6094 39.1009 0.242937183673 0.243695795918
TA.L31A.z -98.8387 42.176 0.244027481481 0.242161009259
TA.449A.z -87.2151 30.7596 0.246799604938 0.247590802469
TA.X44A.z -90.1462 34.4998 0.246133617284 0.244524802469
TA.V52A.z -83.5959 35.8417 0.246854728261 0.245887565217
TA.W58A.z -79.2333 35.0208 0.247198426966 0.246871550562
TA.N15A.z -112.52 40.8903 0.250909545455 0.25064975
TA.C28A.z -100.387 47.7157 0.243220113208 0.242172566038
TA.TZTN.z -83.549 36.5439 0.24399365625 0.2429624375
TA.H29A.z -100.213 44.6261 0.2472608 0.246739536842
TA.H43A.z -87.7704 44.4697 0.246309807229 0.244977457831
TA.443A.z -91.7809 30.7642 0.248216657407 0.248172638889
TA.A17A.z -110.699 48.9448 0.249771450549 0.248630637363
TA.E53A.z -77.6638 46.3784 0.238941671429 0.2399127
TA.451A.z -85.7467 30.616 0.246391763158 0.245242381579
TA.B25A.z -103.161 48.2716 0.244417189474 0.2435398
TA.W36A.z -96.2264 35.1393 0.244119525253 0.244132141414
TA.H53A.z -78.5832 44.5736 0.243088479452 0.242435273973
TA.122A.z -107.001 32.6995 0.25342567619 0.253697285714
TA.H58A.z -74.1798 44.4176 0.246947611111 0.244489655556
TA.C04A.z -122.972 47.7172 0.247265582278 0.245703670886
TA.N36A.z -94.9604 40.8156 0.243573304348 0.240792217391
TA.P23A.z -105.839 39.3741 0.24941488785 0.247066841121
TA.V57A.z -79.7758 35.8875 0.244602136364 0.244491159091
TA.L08A.z -118.344 42.1901 0.253740546392 0.253446185567
TA.ARV.z -118.83 35.1269 0.250418894737 0.251567710526
TA.N19A.z -109.177 40.8936 0.247924795918 0.247601030612
TA.L50A.z -82.8095 42.043 0.242990237624 0.242130029703
TA.236A.z -96.531 31.9997 0.246909685393 0.246883853933
TA.U13A.z -113.965 36.4151 0.255667368852 0.255854811475
TA.J49A.z -83.1389 43.36 0.243554940594 0.242585108911
TA.B04A.z -123.504 48.0575 0.249274505882 0.248263917647
TA.538A.z -95.49 30.2219 0.244960122222 0.245231722222
TA.B11A.z -116.367 48.4366 0.248754307692 0.247638263736
TA.Y29A.z -101.671 33.8602 0.246040384615 0.246703054945
TA.K25A.z -103.87 42.612 0.247450490741 0.247925231481
TA.F33A.z -96.2929 45.8398 0.241777366667 0.240638888889
TA.HAST.z -121.551 36.3887 0.250509368421 0.250486298246
TA.253A.z -84.1294 32.0612 0.245652105882 0.243720552941
TA.234A.z -98.1368 32.004 0.245102405941 0.244127782178
TA.N29A.z -100.626 40.8189 0.2435318125 0.242135510417
TA.O58A.z -76.9228 40.1231 0.24444937 0.24375152
TA.M65A.z -70.6466 41.562 0.245946144737 0.245422802632
TA.F24A.z -104.445 45.8452 0.245888402062 0.244849969072
TA.X47A.z -87.8571 34.5178 0.244874240506 0.243705696203
TA.Y13A.z -113.829 33.8142 0.253572304348 0.252262663043
TA.V13A.z -113.984 35.8522 0.253828708738 0.253782524272
TA.S40A.z -92.5014 37.5988 0.243153663158 0.241404484211
TA.G36A.z -93.7509 45.2344 0.242281817308 0.242961288462
TA.Q21A.z -107.574 38.8347 0.251514079646 0.251780123894
TA.GSC.z -116.806 35.3018 0.250020666667 0.252171527778
TA.P22A.z -106.759 39.5952 0.249953825688 0.248459889908
TA.X31A.z -99.9793 34.6309 0.24668751087 0.246307782609
TA.554A.z -83.6836 30.0841 0.248199560606 0.246377439394
TA.224A.z -105.523 32.076 0.249269172727 0.248936545455
TA.L02A.z -123.602 42.156 0.253019295082 0.253331540984
TA.B26A.z -102.234 48.3762 0.243120521739 0.242136869565
TA.N09A.z -117.524 40.852 0.253258880952 0.253019571429
TA.E31A.z -97.8879 46.5583 0.2434385 0.243822141026
TA.Y36A.z -96.2848 33.8996 0.246687549451 0.245710153846
TA.J19A.z -109.053 43.2649 0.246794808333 0.246395475
TA.141A.z -92.9049 32.6046 0.246924543689 0.246624213592
TA.R52A.z -82.6443 38.3366 0.243528634615 0.242825692308
TA.T18A.z -109.874 37.1364 0.246706945455 0.246608372727
TA.D60A.z -70.9237 46.9139 0.242086366667 0.241588966667
TA.F59A.z -72.7833 45.8513 0.245945159091 0.243770727273
TA.L28A.z -101.52 42.0073 0.24437778 0.24415008
TA.Y16A.z -111.478 33.8798 0.254849677419 0.252590763441
TA.A12A.z -115.653 48.9339 0.246886553333 0.248209153333
TA.A07A.z -120.384 49.048 0.24869415534 0.249515796117
TA.L16A.z -111.432 42.0149 0.2496643 0.248514692308
TA.L56A.z -77.5591 42.1365 0.241665344444 0.242544377778
TA.U34A.z -97.5354 36.4365 0.246416990099 0.244373683168
TA.P14A.z -113.069 39.5906 0.251690516129 0.253139354839
TA.I33A.z -96.7989 44.0475 0.242009165138 0.24160087156
TA.D15A.z -112.52 47.0418 0.247166577922 0.246391324675
TA.X13A.z -113.83 34.5935 0.25118034 0.25211901
TA.A05A.z -122.085 48.9983 0.252023378947 0.250749705263
TA.P41A.z -91.0619 39.675 0.243402701923 0.242993288462
TA.R48A.z -85.8714 38.4001 0.244361388235 0.241971070588
TA.S53A.z -82.1264 37.6815 0.245677356522 0.24439026087
TA.K06A.z -120.251 42.7991 0.248102476923 0.251699569231
TA.L47A.z -85.2021 41.9756 0.245459943662 0.243491985915
TA.O56A.z -78.5663 40.2683 0.246099020619 0.246059226804
TA.I41A.z -89.8697 44.0592 0.24293762 0.24302181
TA.N07B.z -118.971 40.7797 0.256303319588 0.254524979381
TA.T16A.z -111.506 36.9839 0.251828055556 0.251936101852
TA.136A.z -96.5297 32.4746 0.243866670732 0.244510621951
TA.R32A.z -98.7111 38.4225 0.243735708738 0.243877466019
TA.JFWS.z -90.2481 42.9142 0.241663779221 0.24061787013
TA.RSSD.z -104.036 44.1212 0.249514253165 0.249122075949
TA.E34A.z -95.1691 46.5136 0.242447073684 0.241631052632
TA.C03A.z -124.566 47.9475 0.249514945652 0.249328130435
TA.M03C.z -122.122 41.2742 0.252969293103 0.251951448276
TA.O21A.z -107.47 40.2149 0.247440683333 0.249393233333
TA.R56A.z -79.4031 38.4071 0.246171824176 0.246304472527
TA.W52A.z -83.9277 35.0935 0.244251122449 0.244150765306
TA.445A.z -90.338 30.7303 0.247702 0.248425265957
TA.A25A.z -103.113 48.9388 0.247498962617 0.246507196262
TA.H36A.z -93.9281 44.5775 0.246007046729 0.244430411215
TA.N56A.z -78.2953 40.9171 0.24540728866 0.245016639175
TA.G16A.z -111.805 45.2285 0.25114767 0.25098079
TA.X41A.z -92.5137 34.4949 0.247732431579 0.247263178947
TA.V62A.z -75.957 35.5612 0.245679838095 0.244774942857
TA.G23A.z -105.391 45.2012 0.243503795918 0.243290040816
TA.631A.z -100.576 29.4123 0.246097295238 0.245971142857
TA.Z42A.z -91.9474 33.2739 0.247059166667 0.247242264706
TA.P17A.z -110.74 39.473 0.250016283186 0.247928433628
TA.A32A.z -96.4935 48.9172 0.244493493976 0.243603168675
TA.B20A.z -108.021 48.4389 0.244596234043 0.242090670213
TA.D26A.z -102.436 47.0301 0.245645583333 0.242068854167
TA.P05C.z -120.608 39.3028 0.249810946429 0.249253553571
TA.P51A.z -83.0601 39.4818 0.244316807407 0.243358637037
TA.A10A.z -117.559 48.9813 0.250750968085 0.251237542553
TA.I15A.z -112.485 43.9997 0.251145895652 0.253696243478
TA.T51A.z -83.9454 36.9655 0.24412 0.244205326087
TA.O26A.z -103.313 40.2422 0.246541373832 0.244883841121
TA.K40A.z -91.1383 42.6999 0.243213744898 0.240367653061
TA.P11A.z -115.754 39.553 0.248499512 0.247931504
TA.214A.z -112.812 31.9559 0.252651910714 0.252853678571
TA.B12A.z -115.589 48.4694 0.244267554795 0.243586321918
TA.I53A.z -79.5912 43.8238 0.242744101449 0.241958695652
TA.X43A.z -90.8812 34.518 0.245953650602 0.246363313253
TA.124A.z -105.454 32.7001 0.248214717172 0.249929525253
TA.T54A.z -81.5762 37.0608 0.246314885714 0.244285647619
TA.732A.z -99.9707 28.7292 0.24611790625 0.24705809375
TA.T22A.z -106.903 37.0138 0.247835109756 0.248138304878
TA.Q37A.z -94.4522 38.8763 0.243847016393 0.243456172131
TA.F19A.z -108.944 45.8538 0.246646849057 0.245792132075
TA.C26A.z -102.096 47.8259 0.245900285714 0.244508087912
TA.J15A.z -112.433 43.3998 0.249195102804 0.253412028037
TA.I23A.z -105.463 43.9605 0.244844608333 0.244294633333
TA.Q48A.z -85.7311 38.9295 0.243385171717 0.241897222222
TA.Z43A.z -91.2441 33.21 0.246621466667 0.2480988
TA.Y41A.z -92.6113 33.8807 0.24476753271 0.24632688785
TA.N23A.z -105.944 40.8947 0.247250252336 0.246898485981
TA.133A.z -98.9162 32.6083 0.245787040404 0.245176717172
TA.I38A.z -92.3306 44.0405 0.242897081081 0.241936171171
TA.W19A.z -109.388 35.1118 0.251558121212 0.251666242424
TA.J05A.z -121.236 43.2843 0.252605515152 0.252769939394
TA.V05C.z -119.903 35.8667 0.251162218182 0.250104963636
TA.S17A.z -110.802 37.6354 0.247654378641 0.247684699029
TA.J42A.z -89.1234 43.3179 0.241142318841 0.241363797101
TA.Z29A.z -101.706 33.2595 0.244512079365 0.242854650794
TA.M08A.z -118.379 41.4483 0.25254532967 0.25352767033
TA.KMSC.z -81.3333 35.142 0.242346112903 0.241450104839
TA.O60A.z -75.405 40.3177 0.243694905263 0.242538021053
TA.K11A.z -116.032 42.7713 0.25433882243 0.254298383178
TA.Y50A.z -85.7347 33.8911 0.245655151899 0.244939911392
TA.Z13A.z -113.657 33.1999 0.249386372549 0.248436019608
TA.228A.z -102.592 32.118 0.24505107 0.24543876
TA.060Z.z -80.556 26.4062 0.246620214286 0.245666190476
TA.134A.z -98.0795 32.5729 0.245409909091 0.24567969697
TA.N63A.z -72.5206 40.9878 0.244220481928 0.243462012048
TA.448A.z -87.8608 30.9309 0.249107145299 0.249855239316
TA.P13A.z -114.016 39.455 0.25429494898 0.254212214286
TA.S49A.z -85.2875 37.7849 0.243644346535 0.243706326733
TA.B17A.z -110.799 48.2921 0.246283684211 0.2440072
TA.058A.z -81.8049 27.0569 0.247025461538 0.244316615385
TA.T39A.z -93.3774 37.0241 0.24161509375 0.243143854167
TA.N40A.z -91.5837 40.8841 0.242113569767 0.240915604651
TA.T52A.z -82.9852 37.1076 0.243598870968 0.242048526882
TA.R57A.z -78.5232 38.297 0.245896164835 0.244558483516
TA.N53A.z -80.8377 40.8065 0.245029740741 0.241878962963
TA.P25A.z -104.168 39.5125 0.248383625 0.247938673077
TA.I29A.z -100.303 44.0215 0.245576514286 0.244726961905
TA.F42A.z -88.1347 45.7587 0.241059697917 0.24093378125
TA.K52A.z -80.7139 42.7805 0.244332284211 0.242942305263
TA.Q22A.z -106.91 38.8627 0.250639648148 0.249919277778
TA.HDIL.z -89.294 40.5559 0.243570178947 0.241808642105
TA.526A.z -104.09 30.0609 0.248624578431 0.249365078431
TA.857A.z -82.2291 28.267 0.246118736842 0.244596649123
TA.V45A.z -88.9591 35.7403 0.245096977273 0.244206375
TA.U37A.z -95.1161 36.406 0.244200765432 0.242973074074
TA.E41A.z -88.9636 46.4643 0.242512808989 0.241664393258
TA.C34A.z -94.9106 47.6501 0.243111078652 0.242320292135
