TA.324A.z -105.483 31.4425 0.243741188119 0.240428326733
TA.118A.z -109.97 32.6399 0.244946646465 0.250322050505
TA.O10A.z -116.5 40.2917 0.247667939759 0.248154759036
TA.Z17A.z -110.472 33.2969 0.246680283582 0.24566
TA.TIGA.z -83.5898 31.4389 0.246864777778 0.243391271605
TA.M11A.z -115.791 41.4311 0.247169011765 0.245062870588
TA.H14A.z -113.367 44.6165 0.245488431818 0.245876090909
TA.F48A.z -82.6185 45.8278 0.243959314286 0.244365304762
TA.L05A.z -120.834 42.0472 0.246157679245 0.245804622642
TA.Q50A.z -83.979 38.8436 0.243326111111 0.241727296296
TA.U15A.z -112.291 36.428 0.247185130952 0.245709297619
TA.B28A.z -100.362 48.4492 0.244721202247 0.242964134831
TA.B05A.z -122.096 48.2641 0.244669310345 0.241777103448
TA.M47A.z -85.6214 41.3594 0.246330114943 0.246099931034
TA.R50A.z -84.3274 38.2816 0.2429408 0.243924423529
TA.W18A.z -109.736 35.1181 0.2508819 0.24911555
TA.M04C.z -121.839 41.7826 0.248398142857 0.2488386
TA.635A.z -97.7736 29.3877 0.247152329545 0.247354761364
TA.A15A.z -112.733 48.9777 0.244183989362 0.243291776596
TA.EYMN.z -91.4953 47.9462 0.243973223529 0.245000094118
TA.Q26A.z -103.52 38.9234 0.244479033333 0.242971633333
TA.K04A.z -121.731 42.6133 0.248504553191 0.247067957447
TA.J28A.z -101.236 43.4239 0.24454860241 0.244479108434
TA.E04A.z -122.72 46.5934 0.245177785714 0.242870946429
TA.F07A.z -119.928 45.8951 0.248532904762 0.249370535714
TA.S48A.z -86.0569 37.6574 0.242837485714 0.241185414286
TA.D57A.z -73.8878 47.0172 0.24548984375 0.2454190625
TA.D62A.z -69.0501 47.0819 0.243968028169 0.243365352113
TA.X50B.z -85.6499 34.4611 0.244010372881 0.244987915254
TA.R10A.z -116.302 38.2886 0.2496926 0.246782290909
TA.F62A.z -69.9664 45.8968 0.246167866667 0.245705266667
TA.LAVA.z -120.74 38.7552 0.245335825 0.24522775
TA.U04C.z -120.783 36.3627 0.245177744681 0.244325
TA.N39A.z -92.5023 40.8776 0.245327891566 0.24504460241
TA.O15A.z -112.469 40.2807 0.246137902913 0.245651737864
TA.K07A.z -119.247 42.6912 0.248861930233 0.246699569767
TA.P52A.z -82.1325 39.6337 0.242917703297 0.242438384615
TA.R38A.z -93.9056 38.1868 0.245613309859 0.243640915493
TA.R53A.z -81.9522 38.3307 0.244233520408 0.245842602041
TA.Z31A.z -100.144 33.3183 0.244739255319 0.244947382979
TA.K42A.z -89.3457 42.7792 0.241483321429 0.240218785714
TA.H33A.z -96.7434 44.6812 0.2438265 0.243181488095
TA.241A.z -92.9188 32.0227 0.245711 0.24760752809
TA.N55A.z -78.9862 40.7808 0.246393363636 0.247315666667
TA.B06A.z -121.484 48.5183 0.245076818182 0.24161638961
TA.Q25A.z -104.247 38.9145 0.246438877778 0.245018555556
TA.J36A.z -94.3395 43.3292 0.2434723125 0.240970325
TA.D22A.z -106.18 47.1498 0.246183142857 0.246235583333
TA.L35A.z -95.5448 42.1123 0.243856342105 0.243106118421
TA.I37A.z -93.4003 44.0148 0.245518637363 0.243562384615
TA.K46A.z -85.7834 42.6864 0.24662796875 0.24456940625
TA.933A.z -99.2746 27.6133 0.246974022989 0.244754126437
TA.D17A.z -110.687 47.1523 0.246681277778 0.245129944444
TA.Y49A.z -86.4119 33.8577 0.246740173333 0.244948746667
TA.M13A.z -114.165 41.3602 0.249087214286 0.249271380952
TA.R36A.z -95.504 38.3237 0.245181935897 0.243281884615
TA.IRM.z -115.145 34.1574 0.249391633333 0.243752366667
TA.JCT.z -99.8022 30.4794 0.247882697674 0.2474345
TA.V27A.z -102.836 35.7569 0.244969820896 0.245371820896
TA.J20A.z -108.084 43.3531 0.24632273 0.24638897
TA.SNCC.z -119.524 33.2479 0.240569833333 0.242694333333
TA.Q11A.z -115.654 38.8455 0.246792509804 0.24784845098
TA.H57A.z -75.3905 44.4624 0.24470095082 0.243474213115
TA.233A.z -98.8998 32.0179 0.244241931818 0.243509375
TA.Y42A.z -91.7871 33.8364 0.246102346667 0.246819813333
TA.O54A.z -80.3778 40.1821 0.244828266667 0.245104283333
TA.226A.z -104.101 32.0618 0.2477838 0.245210244444
TA.330A.z -101.175 31.4063 0.24464439 0.24204061
TA.W34A.z -97.7733 35.2352 0.245281658824 0.243767164706
TA.121A.z -107.785 32.5324 0.244577509615 0.2459235
TA.733A.z -99.2939 28.7192 0.247788022727 0.248111488636
TA.K09A.z -117.725 42.6996 0.247292074074 0.248913740741
TA.V21A.z -107.638 35.8054 0.247476138298 0.247003
TA.TUL1.z -95.7919 35.9104 0.244620395062 0.245162148148
TA.M59A.z -75.4321 41.5413 0.245080791045 0.245815
TA.P16A.z -111.66 39.6092 0.244711908046 0.248112471264
TA.116A.z -111.704 32.5618 0.248777697368 0.249329421053
TA.G26A.z -102.599 45.2937 0.247090082353 0.243737564706
TA.545A.z -90.4894 30.0441 0.249546434783 0.249323898551
TA.I61A.z -72.2087 43.9323 0.242021028986 0.241483231884
TA.V54A.z -81.9478 35.7771 0.242944875 0.243430692308
TA.F08A.z -118.777 45.7971 0.245589414634 0.243997219512
TA.K35A.z -95.2328 42.7218 0.243673181818 0.24225861039
TA.R31A.z -99.5271 38.2888 0.245485780488 0.244179560976
TA.W15A.z -112.267 35.1787 0.250187488372 0.250670976744
TA.428A.z -102.685 30.7263 0.246789974359 0.245111320513
TA.M54A.z -79.6647 41.5079 0.245677470588 0.243576970588
TA.BLA.z -80.4205 37.2113 0.247786808989 0.242559876404
TA.D05A.z -121.989 47.1881 0.2518933125 0.249875275
TA.154A.z -83.1066 32.6131 0.244219539683 0.244818619048
TA.N25A.z -104.087 40.8132 0.246032252632 0.245307726316
TA.I28A.z -101.169 43.9996 0.246586047059 0.244107647059
TA.R18A.z -109.894 38.3862 0.244329842105 0.241312
TA.D14A.z -113.506 47.0816 0.247845609756 0.246333081301
TA.E36A.z -93.2557 46.5177 0.245907945205 0.245338041096
TA.I59A.z -73.8744 43.7957 0.247416753846 0.246134553846
TA.345A.z -90.0309 31.308 0.248606531646 0.247099886076
TA.E47A.z -83.2777 46.4547 0.242830256098 0.244459670732
TA.G15A.z -112.489 45.166 0.246665146341 0.248126382114
TA.542A.z -92.5513 30.1247 0.245984177778 0.245441788889
TA.127A.z -103.357 32.6764 0.245345065217 0.24310351087
TA.F44A.z -86.4226 45.9737 0.240377916667 0.239472486111
TA.C31A.z -97.7336 47.7927 0.2467358 0.245531071429
TA.Y40A.z -93.2798 34.0124 0.245295445783 0.245914554217
TA.IBP.z -116.093 32.6611 0.276771 0.274997
TA.IBP.z -116.093 32.6612 0.257285095238 0.256123619048
TA.X20A.z -108.498 34.5421 0.246695736842 0.249009673684
TA.M43A.z -88.9581 41.4365 0.24544938961 0.247302753247
TA.G32A.z -97.4994 45.2555 0.241406777778 0.241730361111
TA.E55A.z -76.0572 46.4538 0.242319171429 0.240664671429
TA.OXF.z -89.4092 34.5118 0.244369521739 0.247186608696
TA.456A.z -82.0223 30.7248 0.246707695122 0.24480797561
TA.V53A.z -82.8124 35.6694 0.246038939759 0.246634144578
TA.U49A.z -85.7796 36.5129 0.244287360656 0.243501360656
TA.H59A.z -73.6905 44.6455 0.245714828947 0.245015592105
TA.Y17A.z -110.844 33.6953 0.247801013699 0.244964438356
TA.D24A.z -104.327 47.1152 0.24451309589 0.244543383562
TA.MUR.z -117.195 33.6 0.24872265625 0.24848646875
TA.P33A.z -97.6946 39.4363 0.247448865979 0.248063731959
TA.N48A.z -85.0271 40.8591 0.243987096386 0.242005024096
TA.LBNH.z -71.9259 44.2401 0.243606186441 0.242286440678
TA.K37A.z -93.6388 42.7669 0.242930783133 0.24059760241
TA.G08A.z -118.96 45.2904 0.246793934783 0.247754282609
TA.M19A.z -109.157 41.5047 0.245262345238 0.241506095238
TA.F20A.z -108.149 45.8006 0.243763722222 0.242579977778
TA.D37A.z -92.4262 47.1581 0.244285315789 0.244046723684
TA.I58A.z -74.9733 43.6901 0.246882013889 0.244905444444
TA.ACSO.z -82.982 40.2319 0.246417765432 0.248805296296
TA.W24A.z -105.408 35.2106 0.2462435 0.247096054348
TA.X46A.z -88.5844 34.5564 0.247789036364 0.246839672727
TA.F58A.z -73.8145 45.8663 0.245765402597 0.244444506494
TA.CCM.z -91.2446 38.0557 0.241028371429 0.236713285714
TA.758A.z -81.1996 28.9621 0.248044603774 0.244074792453
TA.P50A.z -83.7988 39.6086 0.243615121212 0.242787626263
TA.U16A.z -111.13 36.1428 0.244754102041 0.246511438776
TA.I12A.z -115.133 43.7945 0.24582301 0.24363979
TA.SBC.z -119.715 34.4408 0.24639308 0.24614616
TA.A11A.z -116.363 48.958 0.243240666667 0.248360642857
TA.C25A.z -103.256 47.7124 0.244326888889 0.243527722222
TA.Y30A.z -100.898 33.8766 0.245435590361 0.24536753012
TA.G33A.z -96.4383 45.1946 0.241237356322 0.240854517241
TA.P42A.z -90.3443 39.5853 0.241224671233 0.242800520548
TA.D61A.z -70.1868 47.2022 0.242639702703 0.242811959459
TA.M60A.z -74.625 41.3265 0.24603034375 0.244260890625
TA.D41A.z -88.5657 47.0605 0.24428972973 0.245830189189
TA.M07A.z -119.171 41.3884 0.247560415584 0.250015753247
TA.A27A.z -101.241 48.9533 0.24469025 0.243951511905
TA.M10A.z -116.54 41.522 0.248208950495 0.249367168317
TA.AMTX.z -101.681 34.8837 0.248605790698 0.246935418605
TA.J14A.z -113.518 43.3234 0.248596302632 0.247563276316
TA.R25A.z -104.283 38.1474 0.248401965116 0.246869593023
TA.I04A.z -122.411 43.7941 0.248679808511 0.246076595745
TA.B27A.z -101.26 48.4044 0.241058358209 0.240629358209
TA.A22A.z -105.915 48.9926 0.245469674419 0.243558523256
TA.K20A.z -108.342 42.6579 0.246928134146 0.244930634146
TA.U43A.z -90.4057 36.3693 0.245171723077 0.244490784615
TA.SCI2.z -118.547 32.9799 0.246904277778 0.248986833333
TA.G60A.z -72.3337 45.0977 0.244966808219 0.246360150685
TA.D33A.z -95.8448 47.1404 0.246880961538 0.244795307692
TA.I25A.z -103.732 44.0196 0.245935873563 0.246754356322
TA.859A.z -80.8984 28.0592 0.244561123077 0.241817369231
TA.V44A.z -89.8954 35.8282 0.246820651163 0.245877732558
TA.X23A.z -106.188 34.581 0.250225204545 0.248572704545
TA.120A.z -108.633 32.5466 0.247383092784 0.247108453608
TA.J58A.z -75.2852 43.3603 0.243047052632 0.24293675
TA.O31A.z -99.3261 40.1521 0.247129845238 0.245429261905
TA.J54A.z -78.6392 43.2728 0.246107953125 0.244862421875
TA.DWPF.z -81.4327 28.1103 0.246410457143 0.246051014286
TA.142A.z -91.9457 32.5488 0.248780041667 0.248585583333
TA.S45A.z -88.5804 37.6774 0.243327097826 0.243183728261
TA.Y25A.z -104.693 33.9229 0.244727294118 0.244641376471
TA.ABTX.z -99.6431 32.6238 0.245830212121 0.246303636364
TA.T15A.z -112.382 37.0183 0.248177872727 0.247361472727
TA.T48A.z -86.3943 37.1094 0.245976596774 0.241635677419
TA.F23A.z -105.406 45.7212 0.243921190476 0.243147142857
TA.P10A.z -116.464 39.6202 0.246208405405 0.248345121622
TA.E58A.z -73.2771 46.3721 0.242578548387 0.240908048387
TA.151A.z -85.3267 32.5269 0.244169111111 0.244264126984
TA.J23A.z -105.552 43.4036 0.245446206522 0.24494075
TA.T60A.z -76.7349 37.1397 0.243814227848 0.242981556962
TA.D58A.z -72.8826 47.0954 0.239724253521 0.239665
TA.R27A.z -102.798 38.2859 0.245899282609 0.243203934783
TA.ERPA.z -79.9891 42.1175 0.244016321839 0.243362390805
TA.C16A.z -111.746 47.8012 0.245802826923 0.244677855769
TA.BGNE.z -98.1502 41.4083 0.245231055118 0.245555070866
TA.GLA.z -114.827 33.0515 0.251270257143 0.250104714286
TA.O32A.z -98.2764 40.261 0.244251417582 0.243528351648
TA.Z37A.z -95.6229 33.1981 0.24939304918 0.249381360656
TA.D25A.z -103.32 47.1508 0.245194844156 0.247702246753
TA.L30A.z -99.7196 41.9492 0.244662644737 0.244508723684
TA.G10A.z -117.12 45.2925 0.246106386667 0.244386533333
TA.J33A.z -96.9667 43.3185 0.244017797101 0.243978391304
TA.W39A.z -93.784 35.196 0.242607181818 0.241920181818
TA.H56A.z -76.2594 44.593 0.243951707692 0.2429434
TA.Y23A.z -106.055 33.9315 0.248088483146 0.245689449438
TA.V43A.z -90.5443 35.7857 0.245742278481 0.247012974684
TA.638A.z -95.4481 29.4193 0.245871692308 0.244946884615
TA.DVT.z -116.101 32.6591 0.239863 0.23156
TA.V56A.z -80.4963 35.8097 0.244319138298 0.243346287234
TA.N52A.z -81.6876 40.8125 0.244161522727 0.241847420455
TA.S61A.z -75.6727 37.6804 0.245804283582 0.244365970149
TA.D50A.z -79.8412 47.1668 0.242108 0.2435796
TA.LAO.z -106.223 46.6885 0.25129665 0.25036775
TA.450A.z -86.5863 30.8038 0.244236728814 0.246848847458
TA.F55A.z -76.351 45.8338 0.242052609375 0.24135625
TA.N41A.z -90.8552 40.7077 0.245287777778 0.241281793651
TA.G11A.z -116.268 45.3997 0.248254207792 0.245199779221
TA.M53A.z -80.675 41.4393 0.244198855263 0.244879552632
TA.252A.z -84.7357 31.9962 0.243477765432 0.244720148148
TA.I20A.z -108.128 43.9496 0.243864261682 0.241575327103
TA.X35A.z -96.9731 34.3995 0.245894643836 0.245657123288
TA.833A.z -99.3939 28.3236 0.247524452381 0.24666875
TA.I49A.z -82.8246 43.94 0.242010321429 0.241984119048
TA.P36A.z -95.206 39.6204 0.246228302632 0.2456945
TA.T14A.z -113.084 37.0615 0.250203466667 0.2517768
TA.129A.z -101.866 32.6309 0.247565641026 0.245686025641
TA.O55A.z -79.3041 40.2076 0.243064307692 0.247940692308
TA.LRL.z -117.682 35.4795 0.249187235294 0.248125264706
TA.334A.z -98.2379 31.3325 0.24250113253 0.242964963855
TA.W21A.z -107.648 35.117 0.247030031915 0.246805617021
TA.Z50A.z -85.9226 33.254 0.245680898305 0.243722
TA.Z21A.z -107.671 33.3086 0.245609891892 0.245616702703
TA.V23A.z -106.183 35.7452 0.244848896552 0.245633632184
TA.D29A.z -99.5957 47.0605 0.244281202532 0.243199860759
TA.W38A.z -94.5184 35.0704 0.244432119048 0.245664583333
TA.F13A.z -114.332 45.7893 0.246258628788 0.245090825758
TA.Y47A.z -87.8494 33.9025 0.246854343284 0.246646910448
TA.V40A.z -92.8232 35.8044 0.243150662651 0.242335060241
TA.Q40A.z -92.0748 38.9946 0.245344565789 0.244132197368
TA.E05A.z -121.761 46.5605 0.247055102041 0.246415163265
TA.M50A.z -83.0428 41.4035 0.244585703704 0.243393728395
TA.W16A.z -111.532 35.0951 0.249773790698 0.249072732558
TA.F14A.z -113.37 45.8122 0.246317096774 0.246223395161
TA.D28A.z -100.569 47.1929 0.242598974359 0.241433512821
TA.Y27A.z -103.163 33.8839 0.248249988506 0.247611068966
TA.J27A.z -102.007 43.2526 0.24539525 0.246373141304
TA.556A.z -82.4057 30.0015 0.246063068493 0.244025520548
TA.J37A.z -93.5527 43.3103 0.240702219512 0.239297926829
TA.231A.z -100.316 31.9353 0.243618584416 0.242243350649
TA.145A.z -89.9287 32.6035 0.246568772727 0.244546306818
TA.627A.z -103.389 29.4528 0.24465599 0.24520637
TA.C11A.z -116.256 47.8397 0.244983802469 0.244509777778
TA.W33A.z -98.4686 35.1518 0.245924079545 0.243804647727
TA.E60A.z -71.4469 46.3689 0.238246515625 0.237037546875
TA.G17A.z -110.74 45.3212 0.247221336842 0.248468663158
TA.439A.z -94.766 30.7937 0.248655636364 0.248156472727
TA.K24A.z -104.815 42.7225 0.242368835052 0.24268614433
TA.CIA.z -118.415 33.4019 0.24952145 0.2484682
TA.Y45A.z -89.5431 33.8656 0.2465105 0.246260541667
TA.H16A.z -111.248 44.7038 0.243271483146 0.245989910112
TA.C24A.z -104.425 47.5302 0.248096691358 0.248298259259
TA.Y39A.z -94.0936 33.938 0.246970342466 0.246769136986
TA.S41A.z -91.7458 37.5877 0.243395343284 0.244865850746
TA.F52A.z -79.3227 45.7951 0.241086581818 0.241300563636
TA.MNTX.z -105.382 31.6985 0.245684666667 0.244934
TA.Q39A.z -92.9759 39.0455 0.243926629032 0.244372370968
TA.GMR.z -115.66 34.7846 0.24833036 0.2448822
TA.F06A.z -120.782 45.7664 0.248476986667 0.25163516
TA.V48A.z -86.8219 35.74 0.242847285714 0.242498087912
TA.K23A.z -105.625 42.7546 0.243407208333 0.24386625
TA.E20A.z -108.13 46.5038 0.244332790698 0.244657906977
TA.H32A.z -97.4363 44.5041 0.243447057971 0.243286391304
TA.K21A.z -107.251 42.6332 0.247834428571 0.246975519481
TA.M35A.z -95.6945 41.4665 0.244866756098 0.242923182927
TA.A18A.z -109.846 48.9198 0.245799090909 0.242488034091
TA.W49A.z -86.2645 35.1194 0.243545527778 0.242312069444
TA.329A.z -101.981 31.487 0.245269091954 0.243409298851
TA.J02A.z -123.575 43.3654 0.251355318182 0.249770181818
TA.N12A.z -115.039 40.8522 0.247708350649 0.248224428571
TA.K32A.z -97.9723 42.6597 0.246502442857 0.2451869
TA.436A.z -96.796 30.7702 0.2451966 0.245871533333
TA.636A.z -97.057 29.481 0.247133350649 0.247250558442
TA.O36A.z -94.9645 40.1315 0.243700885714 0.242219428571
TA.138A.z -95.0887 32.6604 0.248487814815 0.245578679012
TA.P31A.z -99.3783 39.5211 0.244545068966 0.243832057471
TA.X58A.z -79.3388 34.5548 0.243811375 0.245798
TA.Y52A.z -84.0626 33.864 0.243721283333 0.242790283333
TA.339A.z -94.556 31.3331 0.250483168831 0.254093519481
TA.X38A.z -94.8288 34.6692 0.244105432836 0.244902298507
TA.S25A.z -104.435 37.6606 0.248139703297 0.246950604396
TA.I30A.z -99.4262 43.9143 0.246577388889 0.245340347222
TA.R20A.z -108.379 38.1888 0.245411030612 0.244679846939
TA.W43A.z -90.7061 35.0877 0.245440346154 0.245308038462
TA.G20A.z -108.214 45.2202 0.2443646 0.242378463158
TA.F04A.z -122.419 45.9325 0.245700233333 0.244815983333
TA.H08A.z -118.67 44.5191 0.245822556701 0.246091618557
TA.L42A.z -89.667 42.004 0.242086557377 0.24244242623
TA.115A.z -112.228 32.7006 0.246927461538 0.250725128205
TA.N51A.z -82.3748 40.9183 0.243675301887 0.243016009434
TA.SWS.z -115.8 32.9451 0.245859351351 0.247002621622
TA.M15A.z -112.448 41.4632 0.245513837838 0.243019774775
TA.C14A.z -113.747 47.7687 0.24469888189 0.244726527559
TA.B31A.z -97.6495 48.4236 0.24502883871 0.242931935484
TA.O47A.z -86.1742 40.2361 0.24331120339 0.242332338983
TA.L32A.z -98.008 42.0045 0.246635297297 0.24461022973
TA.L46A.z -86.2955 42.0127 0.246643571429 0.244442584416
TA.114A.z -112.883 32.7513 0.249383111111 0.2473765
TA.527A.z -103.612 30.1456 0.243344047619 0.243244654762
TA.D10A.z -117.276 47.0547 0.24457586747 0.245386879518
TA.U61A.z -76.4464 36.3319 0.243814264368 0.242464724138
TA.E12A.z -115.571 46.4151 0.245889971014 0.241988492754
TA.G34A.z -95.638 45.2419 0.246703755814 0.244459337209
TA.Y24A.z -105.436 33.9257 0.243669103896 0.245469207792
TA.C23A.z -105.184 47.8026 0.246636263889 0.247054958333
TA.M64A.z -71.2102 41.5509 0.240959244898 0.240680183673
TA.D27A.z -101.525 47.1081 0.244472897436 0.243257576923
TA.Z28A.z -102.387 33.2884 0.243974046875 0.243158078125
TA.E40A.z -89.8991 46.4446 0.244959517241 0.244159103448
TA.I40A.z -90.6177 43.8916 0.242668291667 0.240585972222
TA.I39A.z -91.5231 43.8543 0.242085844156 0.239446337662
TA.232A.z -99.6469 31.888 0.244940987805 0.242104536585
TA.M28A.z -101.371 41.3956 0.2450939125 0.2435882875
TA.S52A.z -83.0784 37.6791 0.242982860465 0.242517895349
TA.Z34A.z -97.9158 33.3712 0.247969910714 0.249074285714
TA.347A.z -88.5412 31.4017 0.247212813953 0.24631
TA.X54A.z -82.3743 34.5474 0.241616146067 0.241345955056
TA.W60A.z -77.7133 35.0528 0.244518186667 0.24370508
TA.530A.z -101.338 30.1489 0.242781139785 0.243164774194
TA.M56A.z -78.1826 41.4837 0.248563679487 0.246214564103
TA.I64A.z -69.6347 43.9197 0.244983484375 0.24463259375
TA.O48A.z -85.1553 40.2571 0.244435098592 0.242127408451
TA.S34A.z -97.1111 37.7009 0.243676939024 0.243224085366
TA.J30A.z -99.4922 43.3248 0.245718594937 0.243944582278
TA.O17A.z -110.738 40.1948 0.244270614458 0.243721891566
TA.I36A.z -94.0143 44.0191 0.24274925 0.2423272
TA.L58A.z -75.8502 42.0447 0.244919014493 0.245315057971
TA.I19A.z -108.994 44.0363 0.245117118182 0.245137227273
TA.K26A.z -103.178 42.7016 0.243583868132 0.243834021978
TA.533A.z -99.0351 30.0718 0.243840842697 0.243743674157
TA.R06C.z -119.451 38.5226 0.249174488095 0.249695428571
TA.U48A.z -86.5402 36.5107 0.240852314286 0.243708471429
TA.246A.z -89.1286 32.0143 0.245147825 0.2436245125
TA.X18A.z -109.95 34.5293 0.250483688889 0.252121511111
TA.217A.z -110.816 31.7748 0.247770033333 0.246919122222
TA.K60A.z -73.8886 42.6168 0.245795971014 0.245529217391
TA.656A.z -82.5348 29.3689 0.244012607595 0.246084506329
TA.C10A.z -117.308 47.8192 0.2455480125 0.24380975
TA.J41A.z -90.0137 43.3655 0.244627127907 0.244369837209
TA.E63A.z -68.422 46.422 0.243369596774 0.243188322581
TA.S33A.z -98.0016 37.5936 0.245161360465 0.245107255814
TA.F35A.z -94.5734 45.858 0.242613578947 0.241681526316
TA.V12A.z -114.851 35.7266 0.249848230769 0.249713021978
TA.O06A.z -119.827 40.165 0.247754627451 0.247471431373
TA.T47A.z -87.1055 36.9881 0.2443807 0.242999271429
TA.F10A.z -117.228 45.9734 0.244711303371 0.243347247191
TA.M30A.z -99.8723 41.5371 0.248241864198 0.246555703704
TA.P27A.z -102.578 39.5559 0.245615325301 0.243525939759
TA.Q33A.z -97.8327 38.9982 0.247034184211 0.246617789474
TA.N33A.z -97.4506 40.7384 0.245295592105 0.242457934211
TA.K61A.z -73.2676 42.6695 0.242759716667 0.245559666667
TA.Q38A.z -93.6182 38.9609 0.247341466667 0.247127483333
TA.M31A.z -98.9766 41.344 0.244845333333 0.243961654321
TA.P35A.z -96.0188 39.5286 0.244114320988 0.243445901235
TA.M44A.z -88.0432 41.3882 0.245396964286 0.24408077381
TA.156A.z -81.495 32.6542 0.241535949367 0.24351556962
TA.Z14A.z -112.946 33.3627 0.250532029851 0.248195268657
TA.O39A.z -92.5438 40.2544 0.242377586667 0.240271173333
TA.SCIA.z -93.2153 41.9069 0.246683222222 0.245912518519
TA.125A.z -104.657 32.6588 0.244653890244 0.245101073171
TA.P57A.z -78.0126 39.4835 0.242297910256 0.242107807692
TA.D18A.z -109.802 47.1961 0.244410941176 0.243648082353
TA.X52A.z -83.8938 34.6032 0.243746076923 0.243740217949
TA.K34A.z -96.0957 42.6865 0.245859168675 0.245335481928
TA.I60A.z -73.2916 43.844 0.243954971429 0.243513214286
TA.L37A.z -93.7546 42.1246 0.24266852 0.240151093333
TA.W37B.z -95.4316 35.139 0.245824478261 0.24589176087
TA.Q46A.z -87.3575 39.0231 0.245480946667 0.244336786667
TA.433A.z -99.091 30.7544 0.248578096386 0.249136096386
TA.P58A.z -77.3005 39.4891 0.242588189873 0.241971075949
TA.E39A.z -90.5557 46.3777 0.245037883333 0.242891483333
TA.R22A.z -106.756 38.2289 0.247003019231 0.245658471154
TA.K33A.z -97.0012 42.6052 0.24244535 0.2426363625
TA.Q15A.z -112.379 38.9995 0.249888223529 0.247689164706
TA.B22A.z -105.996 48.3008 0.245272217949 0.244002589744
TA.M46A.z -86.3524 41.4079 0.245814890411 0.24493260274
TA.Y43A.z -90.9285 33.9121 0.246130494253 0.247396448276
TA.V03C.z -121.236 36.0214 0.247665963636 0.247265981818
TA.A21A.z -106.925 48.9912 0.24571372 0.244565493333
TA.341A.z -93.1681 31.3334 0.246384673913 0.245308891304
TA.L09A.z -117.667 42.0192 0.249177355263 0.248532052632
TA.K17A.z -110.92 42.7507 0.242904891892 0.241008783784
TA.254A.z -83.2905 31.9457 0.246969493671 0.247664139241
TA.J47A.z -84.8214 43.2382 0.243984235294 0.244575623529
TA.X27A.z -103.097 34.6469 0.247184238636 0.245798318182
TA.O08A.z -118.155 40.2903 0.248452846154 0.250098569231
TA.Q52A.z -82.2669 38.9622 0.243476916667 0.244048361111
TA.ISA.z -118.474 35.6628 0.246341 0.24513769697
TA.M52A.z -81.357 41.5405 0.243214689655 0.241379022989
TA.W41A.z -92.2478 35.1736 0.248243666667 0.246294333333
TA.WCI.z -86.2939 38.2289 0.244887273585 0.245314358491
TA.I09A.z -117.741 43.9733 0.250534397959 0.248811612245
TA.C36A.z -92.8378 47.758 0.246488126582 0.247306139241
TA.320A.z -108.528 31.3369 0.24908864 0.2482932
TA.128A.z -102.485 32.6213 0.2460312 0.245268823529
TA.Q58A.z -77.682 38.9413 0.243363535714 0.242845190476
TA.AAM.z -83.6567 42.3012 0.246488138298 0.245842031915
TA.BFS.z -117.659 34.2388 0.24745537931 0.250282586207
TA.M39A.z -92.1725 41.4786 0.243088361446 0.243524421687
TA.H02A.z -124 44.6764 0.248891163636 0.245846872727
TA.Q19A.z -109.263 38.9553 0.245092180851 0.244382617021
TA.M61A.z -73.7673 41.3104 0.2458872 0.244789385714
TA.F60A.z -71.9514 45.9688 0.242101318182 0.240978287879
TA.T38A.z -94.293 37.0354 0.239929067568 0.240406121622
TA.T13A.z -113.907 37.0195 0.247213894231 0.252730413462
TA.216A.z -111.457 32.0022 0.248144089744 0.247867282051
TA.T50A.z -84.8384 37.0204 0.244376197368 0.244914921053
TA.L24A.z -104.933 42.0432 0.245315659091 0.244673511364
TA.V50A.z -85.1 35.6713 0.244366209677 0.242232193548
TA.NHSC.z -80.1778 33.1067 0.242723345679 0.241648567901
TA.ISCO.z -105.613 39.7997 0.24237956 0.24215096
TA.E43A.z -86.9954 46.3758 0.244800256098 0.244207341463
TA.E59A.z -72.5108 46.4803 0.239616534247 0.236678383562
TA.P08A.z -118.08 39.6946 0.250505095238 0.249747873016
TA.V51A.z -84.3511 35.8033 0.2434455 0.245403434211
TA.U12A.z -114.539 36.4321 0.24816858 0.25144625
TA.218A.z -110.046 31.9737 0.247034896104 0.247896662338
TA.G21A.z -107.207 45.225 0.246104137931 0.243731126437
TA.T37A.z -94.9176 37.123 0.245703278481 0.246512721519
TA.K38A.z -92.7709 42.6472 0.243667711111 0.243203666667
TA.X36A.z -96.352 34.5704 0.24555164 0.245598213333
TA.Y21A.z -107.674 34.0087 0.249051559524 0.25094925
TA.S12A.z -114.849 37.6083 0.249096483871 0.248092182796
TA.Q49A.z -84.8956 39.005 0.242445588235 0.240776858824
TA.I35A.z -94.9829 43.8565 0.242152987342 0.242456607595
TA.T40A.z -92.5193 37.1504 0.245132865854 0.24480795122
TA.U28A.z -102.224 36.3793 0.244962591549 0.244657633803
TA.D36A.z -93.1645 47.1765 0.245127974684 0.243517291139
TA.Y15A.z -112.333 33.9535 0.253486287356 0.253085574713
TA.V33A.z -98.2862 35.8209 0.249733876543 0.248138049383
TA.PDM.z -114.142 34.3034 0.249743225806 0.250042322581
TA.W50A.z -85.3119 35.2002 0.245012804878 0.244247878049
TA.R14A.z -113.021 38.2987 0.247103227273 0.248347886364
TA.Q04C.z -121.377 38.839 0.25211696 0.2521941
TA.F38A.z -91.8775 45.9588 0.24799268 0.245245506667
TA.E15A.z -112.641 46.4246 0.244288738739 0.244309711712
TA.S26A.z -103.471 37.6216 0.245732478261 0.244708347826
TA.Q36A.z -95.4609 38.9612 0.24711922973 0.247216918919
TA.S57A.z -78.9536 37.7605 0.24224827027 0.244429959459
TA.Y48A.z -87.1696 33.9131 0.248516303571 0.245741875
TA.C21A.z -107.096 47.8264 0.244156344444 0.243360544444
TA.S38A.z -93.9078 37.6304 0.241302907895 0.2402605
TA.Z58A.z -79.8129 33.3349 0.24790547619 0.248224857143
TA.R33A.z -97.9842 38.3081 0.246261308642 0.246804666667
TA.H09A.z -117.664 44.6653 0.247448347826 0.247006858696
TA.E14A.z -113.493 46.4162 0.244588758929 0.245688982143
TA.T41A.z -91.7636 37.0436 0.243698146341 0.244743512195
TA.F17A.z -110.659 45.9054 0.244096574713 0.246532632184
TA.D08A.z -118.921 47.0573 0.244738068182 0.245818931818
TA.331A.z -100.427 31.3085 0.245384404762 0.24227
TA.Q20A.z -108.296 38.9541 0.245036039604 0.24526329703
TA.EDW2.z -117.994 34.8811 0.247748382353 0.245742117647
TA.G24A.z -104.416 45.328 0.242468329268 0.239948
TA.R09A.z -117.072 38.2397 0.249440351351 0.247838837838
TA.T33A.z -98.2444 37.0824 0.247967313253 0.247888204819
TA.Z38A.z -94.9851 33.2599 0.2461935 0.245722840909
TA.N59A.z -75.7703 40.9168 0.245207061538 0.245754492308
TA.Q31A.z -99.395 39.0048 0.244273961538 0.243933269231
TA.H35A.z -94.8311 44.6985 0.241608802469 0.241824987654
TA.N31A.z -98.9544 40.8235 0.241793324675 0.242530584416
TA.Y46A.z -88.8577 33.8828 0.243897 0.243748648649
TA.F57A.z -74.6928 45.8122 0.244501170455 0.243207159091
TA.K13A.z -114.084 42.6493 0.251167692308 0.251699934066
TA.U18A.z -109.87 36.4199 0.247374 0.248132809524
TA.I51A.z -81.0231 43.8036 0.243598035294 0.242382105882
TA.F12A.z -115.255 45.7565 0.246346504 0.244473712
TA.255A.z -82.4758 31.9263 0.245824725 0.245736125
TA.W45A.z -89.186 35.1568 0.247371746479 0.245914478873
TA.D55A.z -75.4732 47.019 0.245055789474 0.24170325
TA.U17A.z -110.662 36.5996 0.247654788889 0.245735733333
TA.Z49A.z -86.5311 33.1942 0.245777671875 0.24367834375
TA.K05A.z -120.893 42.7258 0.250332673469 0.250149040816
TA.H05A.z -121.227 44.6473 0.247670681159 0.245771826087
TA.E52A.z -78.6569 46.2851 0.238521625 0.239730375
TA.MSTX.z -102.772 33.9696 0.247020598131 0.246683327103
TA.N20A.z -108.263 40.8338 0.244051836538 0.242225076923
TA.G14A.z -113.46 45.2432 0.246642246032 0.246978674603
TA.L27A.z -102.315 42.0837 0.244207258824 0.243532929412
TA.F61A.z -70.9921 45.9743 0.243696271605 0.243153493827
TA.I48A.z -83.7022 44.1873 0.245621756098 0.244391621951
TA.243A.z -91.4827 31.8803 0.248025402597 0.248749545455
TA.626A.z -104.133 29.554 0.244471505155 0.245016731959
TA.M09A.z -117.45 41.423 0.249087232877 0.250331739726
TA.E08A.z -119.06 46.4911 0.241235025641 0.241765897436
TA.Q55A.z -80.0812 38.9952 0.243936172414 0.249597172414
TA.V28A.z -102.224 35.7505 0.246076409639 0.245428301205
TA.U21A.z -107.658 36.4277 0.245102275 0.2452484125
TA.O38A.z -93.4731 40.1215 0.243762915493 0.24262343662
TA.K18A.z -110.042 42.6372 0.243894318841 0.239083942029
TA.438A.z -95.4741 30.75 0.245753304878 0.248884719512
TA.U36A.z -95.7325 36.3927 0.246441261538 0.244252984615
TA.Y38A.z -94.7311 33.9278 0.244369166667 0.24496175
TA.G07A.z -119.669 45.2664 0.248424705128 0.250548179487
TA.U57A.z -79.3364 36.4319 0.24603452 0.245836053333
TA.V58A.z -79.115 35.794 0.246213413333 0.245687373333
TA.F11A.z -116.155 45.8883 0.245722181818 0.24485587013
TA.O45A.z -87.7244 40.2489 0.243226426667 0.24159584
TA.C32A.z -96.5281 47.8255 0.246107031746 0.242063539683
TA.U19A.z -109.208 36.2925 0.246685068966 0.245214068966
TA.H31A.z -98.4772 44.4795 0.244538277778 0.244207597222
TA.238A.z -95.1203 32.0034 0.250375417722 0.250278620253
TA.337A.z -95.8854 31.3159 0.245944986842 0.248068065789
TA.E23A.z -105.306 46.4978 0.244130538462 0.243204923077
TA.J60A.z -73.4212 43.2438 0.247380597403 0.248082961039
TA.541A.z -93.1875 30.0596 0.24452945679 0.24516562963
TA.H64A.z -69.2203 44.6412 0.24308290625 0.242809859375
TA.S15A.z -112.363 37.6761 0.249599534091 0.246679534091
TA.H60A.z -72.6986 44.5606 0.247005883333 0.246701133333
TA.Q14A.z -113.277 38.9882 0.245855179487 0.246854371795
TA.M48A.z -84.7171 41.4846 0.245633821782 0.244647079208
TA.S21A.z -107.792 37.662 0.24405914 0.24559612
TA.F16A.z -111.626 45.7843 0.243600580247 0.244110604938
TA.W57A.z -79.9928 35.1529 0.245626128205 0.24564175641
TA.I55A.z -77.6817 44.2161 0.242105015152 0.24088719697
TA.Y57A.z -80.3915 34.017 0.247223243902 0.247152365854
TA.W44A.z -89.8161 35.1395 0.2492896 0.248290342857
TA.R37A.z -94.8294 38.3133 0.248107891892 0.244568054054
TA.L25A.z -103.966 42.1548 0.242984518072 0.24224713253
TA.V30A.z -100.689 35.7623 0.244622205128 0.243784628205
TA.R41A.z -91.3795 38.2976 0.2451139 0.241410971429
TA.R34A.z -97.247 38.3008 0.244229870968 0.242865274194
TA.G35A.z -94.4855 45.2199 0.240885717949 0.242454589744
TA.G22A.z -106.292 45.2189 0.243086671875 0.24240146875
TA.F28A.z -100.8 45.8485 0.244727576923 0.244726512821
TA.X33A.z -98.5006 34.541 0.248798134146 0.24659295122
TA.P60A.z -75.6358 39.8113 0.24605272 0.24607256
TA.M29A.z -100.689 41.4441 0.24490872093 0.244210093023
TA.ELFS.z -120.728 40.6183 0.2446605 0.24829495
TA.U22A.z -106.855 36.3773 0.249267684211 0.250148115789
TA.Q51A.z -83.3456 39.026 0.243220618557 0.243322876289
TA.K59A.z -74.8525 42.775 0.247545397059 0.246548147059
TA.W22A.z -106.867 35.0719 0.246570153846 0.247691846154
TA.U39A.z -93.4805 36.3823 0.242828133333 0.242187466667
TA.S39A.z -93.3226 37.691 0.243527868421 0.242310710526
TA.529A.z -102.22 30.1246 0.246071865854 0.24569995122
TA.G53A.z -78.6237 45.1222 0.246457079365 0.244642730159
TA.BC3.z -115.454 33.6552 0.249063193548 0.251017129032
TA.M37A.z -94.0575 41.4028 0.244218194805 0.244271844156
TA.S18A.z -109.995 37.6903 0.246003666667 0.2438931
TA.S60A.z -76.6535 37.7055 0.2447899 0.2438369625
TA.S35A.z -96.319 37.6821 0.245563910256 0.246659410256
TA.J35A.z -95.2078 43.3655 0.243707306667 0.243312146667
TA.E56A.z -75.0341 46.5436 0.243329350877 0.240509350877
TA.Q43A.z -89.6991 38.941 0.244913380952 0.243170380952
TA.432A.z -99.7937 30.8755 0.245061615385 0.244787538462
TA.E28A.z -100.693 46.5748 0.244657897436 0.244179564103
TA.A31A.z -97.1888 48.932 0.250793088608 0.248337392405
TA.A04A.z -122.707 48.7197 0.246656515152 0.246420060606
TA.O27A.z -102.479 40.19 0.243961188889 0.242077877778
TA.N13A.z -114.204 40.8556 0.251730108696 0.251803086957
TA.O22A.z -106.547 40.1618 0.244996384615 0.244979192308
TA.E54A.z -77.1869 46.4339 0.239887938776 0.241047428571
TA.L59A.z -75.0426 42.1902 0.249278707692 0.247723615385
TA.U05C.z -120.12 36.3356 0.251377375 0.25076365
TA.V19A.z -109.046 35.7147 0.249445494949 0.247046757576
TA.J32A.z -97.8476 43.3719 0.243272493506 0.243658558442
TA.Y28A.z -102.248 33.9086 0.246282506173 0.245152666667
TA.X19A.z -109.29 34.4275 0.250722224719 0.249881348315
TA.X16A.z -111.441 34.4178 0.247873228916 0.250186024096
TA.M18A.z -110.067 41.4272 0.243335666667 0.240506454545
TA.S22A.z -106.829 37.7461 0.246999368932 0.246165242718
TA.A13A.z -114.413 48.933 0.244448971963 0.241513542056
TA.Q03C.z -122.015 38.6333 0.247121233333 0.248897816667
TA.257A.z -81.0261 31.9746 0.246451360465 0.245114244186
TA.E35A.z -94.4043 46.5572 0.244166506329 0.242705075949
TA.F37A.z -92.6264 45.7243 0.241430507246 0.240686246377
TA.Q45A.z -88.1565 38.8948 0.243000630769 0.241338769231
TA.P49A.z -84.7164 39.5342 0.243880573034 0.242149426966
TA.W26A.z -103.766 35.0891 0.246245763441 0.245813763441
TA.Y35A.z -97.0374 33.9059 0.246350733333 0.246884483333
TA.E09A.z -118.146 46.5139 0.243436477778 0.242434944444
TA.HELL.z -119.023 36.6801 0.251669945455 0.250917381818
TA.F05A.z -121.459 45.8839 0.249573058824 0.250098215686
TA.N50A.z -83.1486 40.7711 0.242502150538 0.241850408602
TA.Y20A.z -108.377 33.9085 0.247084869565 0.247841456522
TA.L23A.z -105.701 42.1143 0.2455388 0.245005047059
TA.V25A.z -104.616 35.8383 0.24683315625 0.24835553125
TA.137A.z -95.7559 32.5973 0.247526738095 0.24514147619
TA.J16A.z -111.612 43.2741 0.244723220779 0.245045701299
TA.G30A.z -99.1446 45.1293 0.246731904762 0.246786142857
TA.P01C.z -123.338 39.469 0.246244533333 0.246188155556
TA.A09A.z -118.585 48.9752 0.249854205479 0.247928410959
TA.E44A.z -85.9214 46.6199 0.241225585859 0.240922919192
TA.346A.z -89.4649 31.3876 0.246413253012 0.24578926506
TA.H28A.z -101.021 44.6751 0.246484925 0.244063125
TA.P38A.z -93.5321 39.6248 0.245981136364 0.243698166667
TA.N06A.z -119.835 40.7484 0.247764746032 0.247158603175
TA.X37A.z -95.3713 34.5892 0.247794432432 0.247570986486
TA.T24A.z -105.052 37.0738 0.249255625 0.248696645833
TA.RRX.z -116.997 34.8753 0.249684477273 0.247409613636
TA.632A.z -99.7863 29.5071 0.243572895349 0.243996895349
TA.G47A.z -83.8551 45.173 0.242489975309 0.242634320988
TA.446A.z -89.3645 30.7912 0.246423231707 0.245791207317
TA.K49A.z -83.4556 42.7835 0.241550863014 0.239764452055
TA.E37A.z -92.4 46.5658 0.244922128571 0.242508328571
TA.L15A.z -112.386 42.0041 0.246411831461 0.245112235955
TA.834A.z -98.5519 28.1251 0.246448140845 0.246594732394
TA.427A.z -103.402 30.8498 0.243574677778 0.243710933333
TA.240A.z -93.7626 32.0387 0.246338139535 0.245316372093
TA.W53A.z -83.163 35.1696 0.240963586667 0.24160368
TA.W23A.z -106.15 35.1605 0.247205886364 0.248602931818
TA.J22A.z -106.479 43.4126 0.2456365 0.24433867
TA.R15A.z -112.277 38.2108 0.249244564356 0.24802009901
TA.R28A.z -101.811 38.3423 0.246675443182 0.243455738636
TA.V34A.z -97.5176 35.8345 0.248115025316 0.246708582278
TA.112A.z -114.58 32.5356 0.252033928571 0.250412595238
TA.U11A.z -115.383 36.423 0.251968967391 0.249623021739
TA.P48A.z -85.4258 39.4605 0.245113688889 0.243396255556
TA.F22A.z -106.257 45.7794 0.245737014925 0.244361089552
TA.D54A.z -76.657 47.152 0.241857634921 0.241178047619
TA.R54A.z -80.9904 38.1909 0.248267058252 0.248976640777
TA.L29A.z -100.478 42.0641 0.245916809524 0.246629916667
TA.U51A.z -84.0165 36.3786 0.247285333333 0.245953351852
TA.S29A.z -101.118 37.6199 0.245234659341 0.243401703297
TA.R11A.z -115.585 38.3489 0.2486312 0.24825765
TA.I27A.z -102.052 44.069 0.247042736264 0.245096659341
TA.N43A.z -89.1735 40.9394 0.245968921875 0.24602703125
TA.D16A.z -111.549 47.0308 0.243558246377 0.243760565217
TA.Q54A.z -80.8338 38.9836 0.242767738636 0.251189386364
TA.144A.z -90.4226 32.6304 0.248216424242 0.248010136364
TA.V14A.z -113.105 35.6339 0.249239515464 0.249123371134
TA.X48A.z -87.0452 34.4517 0.24753283871 0.243766129032
TA.F30A.z -99.025 45.8356 0.247013253165 0.246985493671
TA.H15A.z -112.644 44.6173 0.246606049383 0.248549345679
TA.N58A.z -76.7158 40.8396 0.245415508475 0.244597949153
TA.P07A.z -118.889 39.5399 0.250158417722 0.249018063291
TA.SUSD.z -98.9556 44.4429 0.2431055 0.243640214286
TA.R35A.z -96.1988 38.3231 0.245874693548 0.24345816129
TA.R12A.z -114.608 38.3281 0.246930990099 0.247974455446
TA.K22A.z -106.524 42.6507 0.245046510417 0.244004770833
TA.O12A.z -114.745 40.2679 0.244523505051 0.245215474747
TA.Z48A.z -87.5556 33.3764 0.243796862069 0.24263887931
TA.D35A.z -94.0529 47.081 0.242251805556 0.241494777778
TA.W28A.z -102.206 35.2574 0.245251393258 0.244772595506
TA.P18A.z -110.246 39.6279 0.243480559524 0.243125488095
TA.534A.z -98.4753 30.0284 0.2479303 0.245003844444
TA.C20A.z -108.004 47.7133 0.243577852632 0.241774757895
TA.BBR.z -116.921 34.2623 0.251308481481 0.252089740741
TA.Q60A.z -75.8429 39.0016 0.246351825 0.2439098625
TA.Z15A.z -112.158 33.2893 0.251163354839 0.249776935484
TA.X49A.z -86.326 34.5126 0.246537 0.24396008
TA.R07C.z -119.047 38.089 0.25138704 0.25165302
TA.U53A.z -82.5765 36.3644 0.246220408451 0.24372428169
TA.L10A.z -116.471 42.0773 0.249936039604 0.250052217822
TA.I45A.z -86.2348 44.0361 0.246211506494 0.245535350649
TA.V60A.z -77.2629 35.765 0.245813219512 0.244331926829
TA.U45A.z -88.7635 36.3481 0.245947725806 0.243340548387
TA.I14A.z -113.452 43.9286 0.250408817204 0.250270989247
TA.Z27A.z -103.215 33.315 0.243327952381 0.241192785714
TA.K36A.z -94.4507 42.6381 0.242539717949 0.24097975641
TA.CNNC.z -77.8901 35.2393 0.248762557143 0.246385785714
TA.B29A.z -99.3535 48.4649 0.244623710843 0.242621349398
TA.M41A.z -90.5422 41.375 0.245175320988 0.243992493827
TA.G63A.z -69.6186 45.1147 0.244876606061 0.244470742424
TA.Q59A.z -76.6548 38.8644 0.243902376471 0.242217835294
TA.H22A.z -106.352 44.5943 0.245110547619 0.244337904762
TA.TIN.z -118.23 37.0542 0.246677717949 0.248819051282
TA.L53A.z -80.2598 41.9539 0.244942926316 0.243156336842
TA.S20A.z -108.36 37.83 0.24738855 0.249692416667
TA.Z32A.z -99.4783 33.3066 0.245881177778 0.245743555556
TA.357A.z -81.4855 31.4239 0.243563170732 0.242170219512
TA.J39A.z -91.7062 43.3354 0.242015722222 0.239372933333
TA.M42A.z -89.7581 41.4546 0.245338987013 0.246594051948
TA.Q10A.z -116.4 38.8247 0.244901729167 0.247086729167
TA.T42A.z -91.0927 37.0301 0.243042733333 0.240567
TA.E38A.z -91.5542 46.6058 0.246399897059 0.245502176471
TA.P45A.z -87.7439 39.5277 0.242885666667 0.242679238095
TA.351A.z -85.6036 31.2753 0.244232153846 0.24252975
TA.U31A.z -99.8508 36.3695 0.246097615385 0.244048807692
TA.K48A.z -84.1197 42.8032 0.243043638554 0.243027939759
TA.735A.z -97.8081 28.8553 0.247223141304 0.246125391304
TA.A33A.z -95.3904 48.9371 0.246103138462 0.2488006
TA.W56A.z -80.5828 35.135 0.245339316832 0.244953821782
TA.F18A.z -109.716 45.9046 0.244045505882 0.244209729412
TA.C40A.z -89.1514 47.9154 0.24710128125 0.24551784375
TA.W37A.z -95.4269 35.138 0.251290608696 0.25025473913
TA.158A.z -80.1935 32.7364 0.247863971429 0.246513171429
TA.R47A.z -86.527 38.2957 0.24482433871 0.245454951613
TA.A26A.z -102.038 48.8973 0.247122679012 0.245560259259
TA.Z16A.z -111.427 33.341 0.248600839286 0.253130357143
TA.G45A.z -85.6571 45.0404 0.241883303797 0.240754797468
TA.Q28A.z -101.831 39.0623 0.246058 0.245171551724
TA.O23A.z -105.918 40.2109 0.244538357143 0.243990877551
TA.O41A.z -90.882 40.1156 0.244190492958 0.240452521127
TA.W40A.z -93.0693 35.1923 0.247540292683 0.246146170732
TA.646A.z -89.8245 29.5832 0.249854169492 0.249864711864
TA.K02A.z -123.49 42.7667 0.249349774194 0.249273258065
TA.EGMT.z -109.755 48.024 0.242060285714 0.241829085714
TA.Q35A.z -96.0368 38.8586 0.244603794872 0.244139128205
TA.BRSD.z -98.9563 44.443 0.239486138889 0.239340861111
TA.C13A.z -114.574 47.6795 0.244964840336 0.246227109244
TA.E42A.z -87.914 46.4301 0.244894246575 0.243320890411
TA.256A.z -81.8878 31.9799 0.24471805814 0.24309094186
TA.Z20A.z -108.592 33.1132 0.247105777778 0.246753027778
TA.W46A.z -88.3783 35.1333 0.241303 0.241987516667
TA.P46A.z -87.2067 39.6178 0.242695671642 0.242792253731
TA.U24A.z -105.278 36.4093 0.245490539326 0.245170022472
TA.E18A.z -109.914 46.5663 0.243290572917 0.242767520833
TA.I16A.z -111.487 43.8756 0.248575663158 0.247742578947
TA.J34A.z -95.9579 43.2844 0.24190238806 0.241686074627
TA.M49A.z -83.9752 41.4745 0.24412130137 0.243815684932
TA.H06A.z -120.335 44.7344 0.249284292683 0.251154585366
TA.P54A.z -80.4796 39.602 0.243261359375 0.245810296875
TA.NEE2.z -114.619 34.7676 0.245175473684 0.244261973684
TA.N45A.z -87.5118 40.8479 0.245647675676 0.243552013514
TA.E27A.z -101.564 46.4293 0.2435828 0.2404853
TA.T36A.z -95.8789 37.0605 0.245656391892 0.245409418919
TA.P34A.z -96.8268 39.5471 0.2436290125 0.244747025
TA.N54A.z -79.9892 40.9617 0.24604742029 0.245280043478
TA.L62A.z -72.6617 42.0328 0.246893605263 0.244441394737
TA.BEL.z -115.998 34.0006 0.252883733333 0.2542325
TA.M36A.z -94.8021 41.4537 0.24102 0.241239352941
TA.V38A.z -94.4077 35.8626 0.247262383333 0.24453955
TA.U47A.z -87.2892 36.4413 0.245498823529 0.244065102941
TA.L61A.z -73.5543 42.1934 0.246911382353 0.247277073529
TA.Q07A.z -118.808 38.9383 0.248521207317 0.249414487805
TA.226B.z -104.165 32.0778 0.243989857143 0.243326761905
TA.M57A.z -77.128 41.3372 0.24614 0.2441710625
TA.U52A.z -83.3671 36.3929 0.244828101449 0.246816521739
TA.R19A.z -109.261 38.2916 0.245442813187 0.244210197802
TA.N11A.z -115.736 40.8167 0.247604391304 0.247191554348
TA.P29A.z -100.932 39.6021 0.245781217949 0.245081884615
TA.G62A.z -70.5319 45.2186 0.246692365079 0.244596428571
TA.230A.z -101.112 31.8878 0.242867157895 0.242490726316
TA.X55A.z -81.6336 34.4701 0.245575975309 0.244171234568
TA.U56A.z -80.3829 36.3472 0.243934045455 0.243488238636
TA.M25A.z -104.055 41.4347 0.247023043478 0.24585475
TA.T45A.z -88.6447 37.0196 0.243833957143 0.242437285714
TA.E57A.z -74.1471 46.4117 0.246362210526 0.243713
TA.DEC.z -118.334 34.2535 0.245256541667 0.246992958333
TA.W31A.z -99.9435 35.1864 0.244555034483 0.244730712644
TA.N22A.z -106.454 40.8023 0.248303790323 0.247175758065
TA.130A.z -100.965 32.5961 0.242466141026 0.242680089744
TA.L40A.z -91.2218 42.0628 0.244858117647 0.243077552941
TA.R49A.z -85.1714 38.2916 0.242417139785 0.242782182796
TA.J17A.z -110.712 43.3629 0.245270377778 0.242440933333
TA.L43A.z -88.7423 42.1833 0.242955738462 0.240866553846
TA.N16A.z -111.437 40.8869 0.245959738095 0.245220238095
TA.245A.z -89.8958 32.0322 0.24790945977 0.247160781609
TA.B08A.z -119.333 48.3584 0.246341567901 0.243286185185
TA.I46A.z -85.4472 43.9411 0.240624118421 0.241654184211
TA.T26A.z -103.593 37.1747 0.246867726027 0.245342726027
TA.544A.z -91.1612 30.11 0.249171731343 0.245389358209
TA.L04A.z -121.891 42.175 0.252352166667 0.250700194444
TA.H65A.z -68.2469 44.6961 0.246215967213 0.245842245902
TA.X39A.z -94.1138 34.5105 0.243039461538 0.246571307692
TA.S36A.z -95.5923 37.724 0.244889780488 0.244742109756
TA.R24A.z -105.107 38.2315 0.24614070297 0.245170960396
TA.S46A.z -87.7153 37.6849 0.244001324675 0.243164324675
TA.325A.z -104.971 31.3711 0.24537934 0.24306073
TA.429A.z -101.894 30.6248 0.243228868132 0.242284373626
TA.X51A.z -84.8574 34.5658 0.243927083333 0.244478513889
TA.A24A.z -104.002 48.9239 0.246757384615 0.245749769231
TA.U33A.z -98.1135 36.4327 0.2475737125 0.24803425
TA.T23A.z -106.037 37.0361 0.246459329787 0.247598946809
TA.K08A.z -118.486 42.7308 0.248924315789 0.250757592105
TA.N24A.z -104.882 40.8271 0.242210659794 0.242292597938
TA.PFO.z -116.459 33.6117 0.247581388889 0.247614916667
TA.E45A.z -85.1774 46.3563 0.242760342466 0.242153054795
TA.S56A.z -79.5662 37.6771 0.2456565375 0.246118075
TA.W41B.z -92.2479 35.1736 0.245653947368 0.2469285
TA.T44A.z -89.5896 37.086 0.244209938462 0.244717215385
TA.Q57A.z -78.4107 39.0353 0.243334272727 0.242903558442
TA.E16A.z -111.676 46.5336 0.243441157303 0.243096786517
TA.V61A.z -76.5776 35.7912 0.243810337209 0.243163174419
TA.119A.z -109.303 32.7663 0.245459103896 0.247650922078
TA.P30A.z -100.247 39.5442 0.245015582418 0.244113252747
TA.153A.z -83.8316 32.6499 0.245355555556 0.246932680556
TA.N26A.z -103.222 40.8289 0.246991193548 0.246085483871
TA.225A.z -104.823 32.1101 0.243696626374 0.242332131868
TA.P15A.z -112.279 39.5708 0.246165679487 0.247441192308
TA.Y14A.z -113.005 33.9383 0.249627822222 0.2486033
TA.G39A.z -91.1698 45.2867 0.243273352941 0.242615970588
TA.034A.z -98.6833 27.0647 0.249338026316 0.248698855263
TA.E51A.z -79.4924 46.5333 0.239821382979 0.237604425532
TA.H39A.z -91.2833 44.6797 0.241704864865 0.241222135135
TA.336A.z -96.8443 31.387 0.246669141176 0.245622282353
TA.B30A.z -98.3286 48.4505 0.241001546667 0.242749333333
TA.W61A.z -76.9909 35.1773 0.244875202247 0.244586348315
TA.W27A.z -103.063 35.0637 0.246050097826 0.245974826087
TA.J31A.z -98.7396 43.2915 0.241155958904 0.241526041096
TA.P40A.z -92.0483 39.5299 0.242523471429 0.241334842857
TA.I17A.z -110.576 43.92 0.247622456311 0.245657834951
TA.N61A.z -74.2969 40.7519 0.248030940299 0.248665134328
TA.W48A.z -86.9333 35.1386 0.245363516667 0.245200016667
TA.O40A.z -91.874 40.1212 0.244402581081 0.241812648649
TA.Q30A.z -100.221 38.9772 0.246885457831 0.24603873494
TA.E62A.z -69.5227 46.6201 0.244575491525 0.245755016949
TA.249A.z -87.1225 31.9752 0.24695587931 0.24810062069
TA.Z52A.z -84.4176 33.1893 0.250025333333 0.246671729167
TA.GRA.z -117.366 36.9961 0.253978970588 0.252641941176
TA.V39A.z -93.645 35.8389 0.24347565 0.242948975
TA.Q41A.z -91.2317 38.9539 0.243242440678 0.244985152542
TA.SHO.z -116.275 35.8996 0.248674428571 0.252028914286
TA.543A.z -91.8557 30.0856 0.248685792683 0.248365902439
TA.L38A.z -92.9597 42.141 0.242541753425 0.242506383562
TA.J07A.z -119.311 43.3736 0.24818687013 0.247358753247
TA.X28A.z -102.197 34.5185 0.244822234043 0.246167138298
TA.035Z.z -98.0683 26.463 0.247637344444 0.246296577778
TA.E11A.z -116.209 46.3559 0.242631382353 0.243864411765
TA.F27A.z -102.02 45.8727 0.244789636364 0.243706467532
TA.D03A.z -123.771 47.1161 0.243167965517 0.243343775862
TA.H63A.z -70.0353 44.6616 0.241628712121 0.239361530303
TA.E48A.z -82.1653 46.4809 0.242340732558 0.242605895349
TA.Y26A.z -103.825 33.9232 0.2469357875 0.2456631875
TA.G09A.z -117.78 45.2781 0.246602195122 0.243439378049
TA.V31A.z -99.8425 35.7739 0.24535934375 0.243760609375
TA.W35A.z -96.8745 35.1527 0.245661131579 0.244436197368
TA.Z25A.z -104.717 33.2797 0.245715830508 0.244015983051
TA.333A.z -98.9841 31.3249 0.243379913043 0.242512728261
TA.U58A.z -78.5493 36.3944 0.244279617284 0.24409
TA.X30A.z -100.874 34.4461 0.248164461538 0.247178263736
TA.Y44A.z -90.2112 33.9618 0.246413173333 0.24624712
TA.349A.z -87.1924 31.3504 0.245590787234 0.24421293617
TA.X22A.z -107.01 34.5058 0.245888738636 0.245793090909
TA.V46A.z -88.1177 35.8007 0.243938131148 0.244594852459
TA.J38A.z -92.4755 43.319 0.244077333333 0.240182482759
TA.M66A.z -70.1353 41.259 0.25076136 0.25004742
TA.537A.z -96.3155 30.0799 0.246615753086 0.246835246914
TA.U25A.z -104.408 36.3998 0.246915021053 0.245549063158
TA.457A.z -81.5563 30.6199 0.247003506024 0.247588638554
TA.342A.z -92.3249 31.3747 0.245288395062 0.245988395062
TA.Q09A.z -117.182 38.834 0.247056396825 0.24614384127
TA.H26A.z -102.774 44.6168 0.24455125 0.243744204545
TA.SPMN.z -92.8037 45.2246 0.242636057692 0.242083259615
TA.D30A.z -98.7576 47.1082 0.246305442857 0.245717128571
TA.D48A.z -81.8072 47.1743 0.24170808642 0.241519222222
TA.Z46A.z -88.9414 33.1933 0.240189065574 0.241436360656
TA.447A.z -88.6542 30.7952 0.246334047619 0.246862845238
TA.M45A.z -87.2504 41.3881 0.244030089744 0.244437910256
TA.WVT.z -87.83 36.1297 0.244440932432 0.245740743243
TA.Z54A.z -82.8417 33.2362 0.247925454545 0.246667727273
TA.G41A.z -89.1816 45.2118 0.239743567568 0.240154527027
TA.T57A.z -79.2538 36.9983 0.242831192771 0.243784216867
TA.Y31A.z -100.261 33.9629 0.243320093333 0.24305608
TA.J09A.z -117.754 43.3471 0.24912894898 0.250358428571
TA.M40A.z -91.5121 41.406 0.2448279375 0.24397121875
TA.U44A.z -89.6863 36.5047 0.246259263158 0.245357197368
TA.D21A.z -106.994 47.0658 0.24497051087 0.245176695652
TA.K41A.z -90.3046 42.6071 0.243897945946 0.241471797297
TA.R43A.z -89.9308 38.276 0.2439664 0.2432057
TA.Q08A.z -117.932 38.8606 0.244440455882 0.248503970588
TA.N27A.z -102.537 40.8063 0.244299542169 0.24319260241
TA.Y12C.z -114.524 33.7503 0.245388085106 0.246819446809
TA.P12A.z -114.908 39.4731 0.248850811881 0.247951237624
TA.D07A.z -119.973 47.1936 0.250285442857 0.248281528571
TA.O20A.z -108.242 40.1348 0.245034082569 0.243493302752
TA.L57A.z -76.8492 42.0005 0.244981652778 0.244760819444
TA.H45A.z -86.044 44.6232 0.246850517241 0.245212781609
TA.H40A.z -90.3905 44.622 0.243065863014 0.243511178082
TA.R42A.z -90.7944 38.2804 0.243310285714 0.242648128571
TA.V47A.z -87.5205 35.8278 0.244173733333 0.243324133333
TA.K16A.z -111.588 42.8321 0.245418409639 0.240925216867
TA.O13A.z -113.981 40.1314 0.245553061856 0.24651256701
TA.AGMN.z -95.8619 48.2977 0.246610530612 0.249368265306
TA.I18A.z -109.817 43.7013 0.247140079545 0.248416181818
TA.H37A.z -92.9181 44.5812 0.242515461538 0.243267820513
TA.Y34A.z -97.7573 33.9574 0.24651021519 0.245666164557
TA.X56A.z -81.0319 34.4923 0.241850659091 0.242553397727
TA.D04A.z -122.803 47.1109 0.247505185714 0.243850528571
TA.Z18A.z -110.036 33.0851 0.246279736111 0.250311277778
TA.S30A.z -100.464 37.6402 0.246718325843 0.245038921348
TA.O25A.z -104.12 40.1129 0.245028585106 0.243831489362
TA.E25A.z -103.401 46.5009 0.24705947619 0.247108690476
TA.736A.z -97.0673 28.955 0.246270486842 0.245575328947
TA.CWC.z -118.08 36.4399 0.248867272727 0.247425181818
TA.N49A.z -84.1825 40.922 0.241700855263 0.241974539474
TA.E30A.z -98.9098 46.5021 0.247272975904 0.245137650602
TA.I42A.z -88.9134 43.8908 0.242480857143 0.242939051948
TA.O57A.z -77.6354 40.2104 0.24553685 0.2448549
TA.Z39A.z -94.1822 33.2418 0.2477924 0.24753185
TA.528A.z -102.788 30.1615 0.243329968085 0.241689244681
TA.Z51A.z -85.1747 33.3167 0.24857487234 0.250692829787
TA.MLAC.z -118.836 37.6302 0.251753392857 0.249142714286
TA.244A.z -90.6856 32.0422 0.24823625641 0.247438371795
TA.L18A.z -110.036 41.9243 0.244233304878 0.241839414634
TA.M55A.z -78.7649 41.4686 0.246948492308 0.244417169231
TA.U50A.z -84.8431 36.4156 0.247270269231 0.246923692308
TA.T46A.z -87.8941 37.0417 0.242787594937 0.24345878481
TA.P19A.z -108.981 39.6333 0.244952376068 0.243343008547
TA.P39B.z -92.7541 39.4876 0.242666604167 0.242300145833
TA.Y33A.z -98.6256 34.0081 0.249876740741 0.249669839506
TA.D12A.z -115.353 47.0528 0.243512372881 0.243780940678
TA.SFIN.z -87.0967 40.379 0.24554104 0.244935533333
TA.O53A.z -81.2129 40.2493 0.244661904762 0.244564428571
TA.K57A.z -76.5163 42.7313 0.24653826087 0.245933434783
TA.U20A.z -108.52 36.3758 0.245221173913 0.24629898913
TA.S58A.z -78.0511 37.6126 0.245215671875 0.245465125
TA.S44A.z -89.2551 37.6936 0.244065870588 0.245525494118
TA.C07A.z -120.061 47.6902 0.246998315068 0.244513958904
TA.251A.z -85.409 32.0929 0.241517965517 0.242715758621
TA.J13A.z -114.174 43.3979 0.248692405797 0.248240108696
TA.T58A.z -78.5338 36.9454 0.245710636364 0.246779431818
TA.A20A.z -107.926 48.8799 0.244590292308 0.244299769231
TA.Z47A.z -88.0696 33.199 0.248637050847 0.245000271186
TA.M34A.z -96.583 41.5025 0.2426634375 0.242876525
TA.N21A.z -107.52 40.76 0.245381869565 0.244912641304
TA.K39A.z -91.8878 42.705 0.243333987654 0.242819530864
TA.426A.z -104.029 30.6689 0.246224712766 0.244102478723
TA.W51A.z -84.7599 35.1606 0.243858197183 0.243188732394
TA.O59A.z -76.1859 40.3114 0.244588101449 0.243510869565
TA.G55A.z -76.7187 45.2532 0.2443453125 0.243847109375
TA.P06A.z -119.898 39.6785 0.247729575342 0.245987246575
TA.X34A.z -97.8326 34.601 0.246340075 0.243399575
TA.G27A.z -101.931 45.3791 0.2470855 0.24412522619
TA.R45A.z -88.2812 38.2926 0.245080357143 0.244117157143
TA.F31A.z -98.2525 45.8598 0.245553013333 0.24396344
TA.C38A.z -91.2732 47.7171 0.245740038462 0.245112358974
TA.H52A.z -79.8888 44.6422 0.245083305085 0.244594559322
TA.U14A.z -113.18 36.4182 0.247690924528 0.249032632075
TA.H41A.z -89.6534 44.6164 0.245717068493 0.244439808219
TA.P43A.z -89.5213 39.6409 0.243656536232 0.242826043478
TA.958A.z -81.7543 27.5855 0.24667362069 0.246849793103
TA.X29A.z -101.701 34.4452 0.247414683544 0.247332708861
TA.140A.z -93.574 32.6408 0.2452566625 0.246456725
TA.R59A.z -77.1164 38.2005 0.241897987805 0.243421256098
TA.V29A.z -101.521 35.8734 0.244301125 0.244343034091
TA.S11A.z -115.747 37.6444 0.248561691589 0.24793953271
TA.V59A.z -78.2394 35.7649 0.244114733333 0.245302173333
TA.F21A.z -107.123 45.8231 0.247253712766 0.246114978723
TA.A16A.z -111.597 48.9482 0.245890112245 0.244986571429
TA.V18A.z -109.933 35.7113 0.24885509375 0.246124697917
TA.131A.z -100.389 32.6737 0.243464164557 0.24194121519
TA.A23A.z -104.879 48.9592 0.245827705128 0.244311525641
TA.M05C.z -121.146 41.3593 0.245602021277 0.244448361702
TA.O34A.z -96.6936 40.1831 0.241674493827 0.242249962963
TA.832A.z -99.9743 28.2844 0.249133840426 0.248281819149
TA.E06A.z -120.979 46.5433 0.249397547945 0.250712342466
TA.738A.z -95.6481 28.8404 0.249168582278 0.248117860759
TA.328A.z -102.81 31.3818 0.243308073171 0.241658963415
TA.W20A.z -108.5 35.1259 0.247123913043 0.24703998913
TA.N47A.z -85.6942 40.8801 0.244114388889 0.243756458333
TA.C05A.z -121.689 47.6947 0.247829448276 0.243837724138
TA.HRV.z -71.5583 42.5064 0.246071985075 0.244660104478
TA.F09A.z -117.909 45.7087 0.245221139785 0.242458333333
TA.S09A.z -117.225 37.7243 0.248544880952 0.249208
TA.W25A.z -104.461 35.2177 0.244853314607 0.245743876404
TA.318A.z -109.991 31.439 0.248378483146 0.248322505618
TA.V11A.z -115.43 35.8384 0.2492064 0.249066989474
TA.H10A.z -116.747 44.589 0.247480862745 0.247035960784
TA.637A.z -96.3324 29.439 0.24478315942 0.243483072464
TA.J55A.z -77.8167 43.2657 0.244061440678 0.244632355932
TA.I31A.z -98.5352 44.0297 0.241944939394 0.239156409091
TA.J57A.z -75.9968 43.4099 0.243607175 0.2424309875
TA.SCZ2.z -119.635 33.9954 0.248238181818 0.24915630303
TA.247A.z -88.6102 32.053 0.241172418919 0.241307662162
TA.U27A.z -102.825 36.4213 0.245200777778 0.245592375
TA.425A.z -104.986 30.7862 0.244616529412 0.244624166667
TA.S06C.z -119.849 37.8817 0.250240415094 0.249598867925
TA.I22A.z -106.484 43.8924 0.247774094118 0.244479823529
TA.H17A.z -110.576 44.3951 0.246897651786 0.251700892857
TA.Z56A.z -81.3687 33.3253 0.248426106061 0.246251136364
TA.Z35A.z -97.253 33.3308 0.249744488889 0.249519844444
TA.227A.z -103.292 32.012 0.24660845 0.24488009
TA.V37A.z -95.141 35.883 0.245666720588 0.245045441176
TA.G12A.z -115.326 45.1285 0.24562577381 0.244280904762
TA.O11A.z -115.657 40.1313 0.249354453608 0.248710608247
TA.H04A.z -122.186 44.6837 0.244679688312 0.243958519481
TA.VES.z -119.085 35.8409 0.245237933333 0.246949233333
TA.S05C.z -120.33 37.346 0.247777319149 0.253052702128
TA.N35A.z -95.6425 40.8612 0.245669409639 0.245520421687
TA.T19A.z -109.025 36.8299 0.246732127907 0.250661697674
TA.U42A.z -91.2383 36.3514 0.243079768116 0.243502797101
TA.L39A.z -92.0007 42.1234 0.2444435625 0.2432369
TA.S27A.z -102.898 37.6837 0.246986932584 0.245311202247
TA.J25A.z -103.803 43.3901 0.242935043011 0.243016666667
TA.658A.z -81.2578 29.422 0.244186089552 0.243056791045
TA.V41A.z -92.1554 35.7851 0.245356589041 0.244815849315
TA.S59A.z -77.2942 37.762 0.246752291667 0.245771458333
TA.Z26A.z -103.98 33.2716 0.243501636364 0.243418618182
TA.M58A.z -76.4603 41.3721 0.244354191176 0.244830073529
TA.J52A.z -80.4764 43.2407 0.241464883117 0.239142480519
TA.557A.z -81.7291 30.016 0.245576657143 0.2434504
TA.V26A.z -103.786 35.7964 0.244745978261 0.243824804348
TA.G25A.z -103.417 45.1935 0.246173736842 0.244547368421
TA.F32A.z -97.1264 45.8705 0.241728597015 0.240542791045
TA.L34A.z -96.3762 41.9666 0.243389176471 0.243721588235
TA.W17A.z -110.713 35.0789 0.249819956044 0.248729285714
TA.338A.z -95.3106 31.3567 0.246295341463 0.248081902439
TA.K31A.z -98.7546 42.6229 0.24276633871 0.243528258065
TA.U35A.z -96.7318 36.3709 0.248788606061 0.245604484848
TA.I06A.z -120.211 43.9437 0.251189626667 0.247705066667
TA.GLMI.z -84.6175 44.8245 0.243942833333 0.243988777778
TA.OGNE.z -102.033 40.9451 0.24811922807 0.248258438596
TA.I43A.z -88.146 43.8844 0.243396763889 0.241101069444
TA.431A.z -100.608 30.6824 0.243052573171 0.242328865854
TA.326A.z -103.979 31.3165 0.247913296703 0.244853263736
TA.Q12A.z -114.83 39.04 0.247164663551 0.248524233645
TA.S24A.z -105.213 37.6407 0.245958010101 0.245709080808
TA.D31A.z -97.7226 47.0481 0.247010365079 0.245918126984
TA.O50A.z -83.6199 40.1468 0.2462148 0.248989377778
TA.O61A.z -74.553 40.0934 0.247460666667 0.246287807692
TA.H61A.z -71.9271 44.5339 0.245857030769 0.244973384615
TA.J21A.z -107.446 43.3459 0.245304633663 0.245022247525
TA.Q24A.z -105.149 38.9641 0.245583490196 0.244432
TA.P59A.z -76.4327 39.6101 0.243093493506 0.242412519481
TA.G38A.z -91.8549 45.1693 0.242236164179 0.242337567164
TA.344A.z -90.7318 31.4527 0.247259298701 0.247600441558
TA.F15A.z -112.493 45.8409 0.244936031746 0.245764944444
TA.BW06.z -109.558 42.7667 0.246808470588 0.246101794118
TA.J18A.z -110.02 43.2112 0.245690757143 0.243756828571
TA.M06C.z -120.477 41.2047 0.242834595745 0.24644587234
TA.E13A.z -114.188 46.4423 0.245838821429 0.243483892857
TA.U46A.z -88.1773 36.359 0.24614895082 0.244248606557
TA.O37A.z -94.1461 40.1664 0.242808119403 0.242691238806
TA.E64A.z -67.8285 46.4184 0.2482567 0.2482499
TA.F45A.z -85.5156 45.6837 0.242246604317 0.242163618705
TA.L54A.z -79.3162 42.2345 0.244499555556 0.244727125
TA.532A.z -99.9049 30.1278 0.244958382716 0.245286592593
TA.N38A.z -93.235 40.7931 0.241082306667 0.24308688
TA.Y55A.z -81.8581 33.9375 0.242211442857 0.241570914286
TA.MVCO.z -108.499 37.2103 0.251988 0.24606375
TA.H11A.z -116.013 44.7035 0.2447423875 0.243639075
TA.G40A.z -90.2006 45.2684 0.242142386667 0.240882293333
TA.H55A.z -77.183 44.5505 0.241722854839 0.240584774194
TA.E21A.z -107.076 46.5408 0.243698510638 0.243471489362
TA.I11A.z -115.958 43.9121 0.242688864583 0.241678364583
TA.G31A.z -98.2083 45.2254 0.246128767442 0.244400209302
TA.348A.z -87.9023 31.4129 0.2478994375 0.248514025
TA.552A.z -85.2938 30.1327 0.244106482759 0.244851258621
TA.K54A.z -78.6908 42.6097 0.243748072464 0.245063217391
TA.757A.z -82.0685 28.9413 0.241697916667 0.24095775
TA.Z44A.z -90.4322 33.2773 0.244866462687 0.244245179104
TA.C09A.z -118.274 47.8006 0.2466714 0.244678025
TA.K51A.z -81.5082 42.7223 0.241356947368 0.240572092105
TA.P37A.z -94.3491 39.5882 0.243967238806 0.245012507463
TA.I32A.z -97.4643 44.0271 0.245549246575 0.243624082192
TA.X17A.z -110.806 34.3371 0.24829443038 0.250603759494
TA.634A.z -98.3515 29.3815 0.24916174359 0.246044384615
TA.Z30A.z -101.128 33.2861 0.245849045455 0.245238742424
TA.143A.z -91.4036 32.7032 0.246788340206 0.24374142268
TA.M24A.z -104.825 41.4676 0.246114648352 0.246202296703
TA.936A.z -97.3091 27.4208 0.245641585106 0.246025425532
TA.J12A.z -115.098 43.25 0.24763195098 0.245683539216
TA.K55A.z -78.0696 42.7278 0.246208229508 0.245464688525
TA.Q32A.z -98.5596 38.9908 0.246102154762 0.246933630952
TA.G58A.z -74.054 45.1492 0.24497143038 0.243677012658
TA.G57A.z -74.9855 45.1036 0.244860487179 0.243251294872
TA.O30A.z -100.057 40.1791 0.244586455696 0.245298582278
TA.N28A.z -101.541 40.6873 0.246160715909 0.244061738636
TA.R51A.z -83.5834 38.3001 0.244143703297 0.244331307692
TA.OSI.z -118.724 34.6145 0.2467578 0.247608085714
TA.535A.z -97.5711 30.029 0.24649155 0.2454423
TA.Y22D.z -106.921 34.0739 0.247607359223 0.246751563107
TA.L14A.z -113.24 42.0343 0.249233659574 0.245635595745
TA.I47A.z -84.5096 44.0193 0.247387375 0.2472375125
TA.350A.z -86.3353 31.4207 0.240859393443 0.242413491803
TA.T17A.z -110.804 36.9969 0.245944255814 0.24669844186
TA.B09A.z -118.149 48.4226 0.246477635294 0.2442748
TA.R23A.z -105.826 38.1907 0.246008409091 0.245092545455
TA.I52A.z -80.177 44.068 0.242981522222 0.239864544444
TA.NATX.z -94.661 31.7598 0.248695727273 0.246178444444
TA.Y53A.z -83.5836 33.8554 0.243364265625 0.242182890625
TA.U32A.z -99.0014 36.3795 0.247864505747 0.246526287356
TA.Q29A.z -100.979 38.8905 0.244736467391 0.244422434783
TA.E07A.z -119.855 46.5585 0.247792847059 0.248255682353
TA.O04C.z -121.086 40.32 0.250639369565 0.251267673913
TA.O18A.z -110.008 40.2655 0.2449974375 0.241774375
TA.V24A.z -105.272 35.7259 0.245943182927 0.246457817073
TA.G28A.z -100.916 45.0749 0.24400045977 0.242081689655
TA.113A.z -113.767 32.7683 0.2476360625 0.2489400625
TA.434A.z -98.269 30.8142 0.244966447917 0.24353384375
TA.H03A.z -123.292 44.6765 0.245753592593 0.243271240741
TA.V49A.z -85.903 35.7663 0.240695621622 0.241010216216
TA.L20A.z -108.34 42.0073 0.24555475641 0.243294717949
TA.X53A.z -83.3013 34.5031 0.24436973494 0.243466879518
TA.U44B.z -89.3507 36.3391 0.248000644068 0.247139864407
TA.J45A.z -86.3889 43.4354 0.24280115 0.2433648625
TA.S23A.z -106.002 37.7059 0.246959278351 0.246347402062
TA.S19A.z -109.137 37.7459 0.246994752688 0.246074956989
TA.P32A.z -98.6011 39.6223 0.243552979167 0.244799145833
TA.Z33A.z -98.7648 33.2865 0.246005983333 0.24601835
TA.239A.z -94.4707 32.0179 0.248881352113 0.250116352113
TA.E29A.z -99.642 46.5682 0.241939777778 0.241339041667
TA.M38A.z -93.1965 41.4175 0.243843313253 0.242995313253
TA.I34A.z -95.86 44.0392 0.240874631579 0.240665736842
TA.X21A.z -107.786 34.4457 0.243673617021 0.244586957447
TA.K62A.z -72.2345 42.6651 0.244122 0.244002851351
TA.Y58A.z -79.6665 33.9057 0.245619287879 0.247202560606
TA.W54A.z -82.1859 35.0857 0.244579474227 0.242413690722
TA.P61A.z -74.7919 39.6734 0.247467753846 0.246614615385
TA.P55A.z -79.8265 39.5078 0.245534322581 0.248377967742
TA.M17A.z -110.666 41.4729 0.244837041096 0.242991657534
TA.O01C.z -123.82 40.1398 0.249661754717 0.248535377358
TA.A29A.z -99.2321 48.9228 0.245039126437 0.242951735632
TA.X14A.z -112.891 34.4692 0.247342879518 0.247593385542
TA.C37A.z -92.1853 47.7283 0.24577225 0.246691592105
TA.F26A.z -102.67 45.8512 0.245757307692 0.245196428571
TA.Y54A.z -82.688 33.8621 0.246627670588 0.245124823529
TA.M01C.z -124.122 41.8473 0.246322578947 0.24549877193
TA.M02C.z -122.854 41.392 0.246627075472 0.245120962264
TA.X40A.z -92.8342 34.4873 0.246543432836 0.246260522388
TA.K47A.z -84.9993 42.6704 0.24512982716 0.244680839506
TA.355A.z -82.8518 31.3438 0.244615893333 0.242146093333
TA.E03A.z -123.563 46.5459 0.247653876712 0.24715
TA.H25A.z -103.598 44.6215 0.247924322581 0.246535193548
TA.A14A.z -113.422 48.9725 0.24457011236 0.241858247191
TA.V04C.z -120.87 35.636 0.253578612903 0.252606580645
TA.M23A.z -105.722 41.468 0.246458111111 0.245637077778
TA.O09A.z -117.19 40.1697 0.247429933333 0.245957466667
TA.P28A.z -101.755 39.5732 0.245523243902 0.245797963415
TA.139A.z -94.3927 32.6795 0.248307824324 0.251788716216
TA.353A.z -84.2172 31.3474 0.247042047059 0.244520011765
TA.R40A.z -92.2684 38.2909 0.244002520548 0.244536054795
TA.V15A.z -112.173 35.8191 0.24884178 0.25022336
TA.Z41A.z -92.803 33.2577 0.247582102941 0.244249735294
TA.C12B.z -115.475 47.7092 0.244132761905 0.246451369048
TA.L61B.z -72.6802 42.4498 0.244989486111 0.244162847222
TA.343A.z -91.6169 31.2839 0.244458716216 0.246210554054
TA.E10A.z -117.11 46.485 0.243498658228 0.241770594937
TA.E24A.z -104.307 46.5608 0.242067 0.241927056338
TA.E19A.z -108.786 46.4611 0.244109811765 0.244703929412
TA.U59A.z -77.7925 36.3526 0.246464140845 0.244821183099
TA.D51A.z -79.3733 47.0904 0.239422333333 0.237275929825
TA.X25A.z -104.662 34.5271 0.243800964286 0.242793821429
TA.G65A.z -67.5632 45.2002 0.248807681818 0.245971045455
TA.O43A.z -89.313 40.2856 0.243749796875 0.2404830625
TA.MPP.z -119.814 34.8885 0.247503722222 0.247628166667
TA.250A.z -86.2677 31.9778 0.241566225352 0.242024126761
TA.536A.z -97.0652 30.0756 0.246021790123 0.246514185185
TA.437A.z -96.1386 30.8292 0.246490670588 0.248083517647
TA.P24A.z -104.908 39.5144 0.244646022727 0.243955045455
TA.T28A.z -102.114 37.1204 0.243602197674 0.243113139535
TA.237A.z -95.8084 32.0015 0.24657125 0.2464101125
TA.R39A.z -93.0383 38.3138 0.244796957143 0.243804328571
TA.531A.z -100.546 30.1645 0.244076666667 0.242490846154
TA.633A.z -99.1766 29.4591 0.243191022989 0.243303057471
TA.O29A.z -100.798 40.1253 0.2450275 0.243682128205
TA.N30A.z -100.1 40.7957 0.246229890244 0.245862073171
TA.U38A.z -94.3857 36.4394 0.244029098592 0.24427128169
TA.H18A.z -109.664 44.6769 0.246991588235 0.246994870588
TA.430A.z -101.236 30.7866 0.244593048193 0.243584168675
TA.835A.z -97.8297 28.287 0.250473151163 0.249865755814
TA.X32A.z -99.2854 34.4214 0.245203240964 0.242262903614
TA.S47A.z -86.8779 37.5946 0.241174886364 0.241508
TA.G04A.z -122.478 45.2059 0.246940527778 0.244567763889
TA.K14A.z -113.176 42.5452 0.248322338983 0.246304101695
TA.U60A.z -77.1596 36.4718 0.242787333333 0.242427530864
TA.K01A.z -124.469 42.8088 0.248518644068 0.249192949153
TA.109C.z -117.105 32.8889 0.24638762069 0.244644724138
TA.D49A.z -81.3562 47.2726 0.244800767857 0.243035446429
TA.T29A.z -101.294 37.1565 0.246908987952 0.24530913253
TA.O52A.z -81.8361 40.1158 0.246024871795 0.246518461538
TA.R17A.z -110.711 38.4187 0.246484802198 0.244015417582
TA.H46A.z -85.2034 44.5397 0.24524026506 0.244864204819
TA.L07A.z -119.34 42.0187 0.249385651163 0.248957174419
TA.KSCO.z -102.627 39.0112 0.244255163462 0.244054740385
TA.U54A.z -81.8204 36.5209 0.247013485149 0.242774782178
TA.O42A.z -90.0812 40.1956 0.248285703125 0.2462400625
TA.G03A.z -123.281 45.3153 0.245778666667 0.244384470588
TA.H47A.z -84.2062 44.5994 0.243897965116 0.243360872093
TA.SUTB.z -121.786 39.2291 0.25090404 0.24995584
TA.126A.z -104.02 32.6462 0.244070027397 0.244521356164
TA.C39A.z -90.1289 47.8171 0.246370797753 0.245577808989
TA.R46A.z -87.5114 38.2124 0.244435814286 0.242738557143
TA.S10A.z -116.595 37.923 0.247643601942 0.247519165049
TA.858A.z -81.3616 28.2126 0.2473031 0.247884
TA.TPNV.z -116.249 36.9488 0.2480028 0.24815716
TA.N57A.z -77.5509 40.7556 0.245482916667 0.241946625
TA.R44A.z -89.0809 38.2475 0.244152278351 0.243000824742
TA.D34A.z -95.1952 47.0851 0.24369775 0.241575533333
TA.X42A.z -91.6262 34.5532 0.248577383333 0.244419483333
TA.S31A.z -99.4845 37.6193 0.245035417582 0.243776362637
TA.HATC.z -121.461 40.8161 0.247770302326 0.245354116279
TA.MPM.z -117.489 36.058 0.248808041667 0.246832458333
TA.Q18A.z -110.133 39.1025 0.243822202381 0.242018059524
TA.L13A.z -113.944 42.0886 0.250597564706 0.248849352941
TA.N08A.z -118.134 40.7811 0.247975231884 0.250041130435
TA.G59A.z -73.1809 45.0807 0.246786073529 0.247575161765
TA.G64A.z -68.7558 45.2527 0.243839123077 0.2444238
TA.ECSD.z -96.6141 43.7337 0.245347179487 0.243533820513
TA.Y59A.z -78.8737 33.9897 0.244494349206 0.246953412698
TA.T56A.z -80.0311 37.0288 0.243978070588 0.242934823529
TA.335A.z -97.4271 31.2819 0.246674635417 0.24796146875
TA.C08A.z -119.045 47.7849 0.2428706375 0.24061025
TA.T12A.z -114.715 36.7256 0.247831072165 0.249684587629
TA.Y60A.z -78.2163 34.0046 0.242325314815 0.243664055556
TA.I10A.z -116.803 44.086 0.248279924731 0.246398483871
TA.L49A.z -83.7672 42.1088 0.246818752809 0.245642853933
TA.L26A.z -103.079 42.0367 0.243037487805 0.241879292683
TA.M16A.z -111.63 41.3146 0.24405808046 0.241331747126
TA.M20A.z -108.187 41.4906 0.243488340909 0.240877
TA.D19A.z -108.88 47.1646 0.244909215909 0.244603840909
TA.K15A.z -112.531 42.6852 0.245297445946 0.244544567568
TA.B34A.z -94.6501 48.486 0.243993191781 0.244751013699
TA.M63A.z -72.0464 41.4038 0.247481805556 0.245437875
TA.B35A.z -93.7261 48.3603 0.245530958333 0.244883069444
TA.R21A.z -107.55 38.3685 0.246422575472 0.245135424528
TA.J61A.z -72.5535 43.3462 0.246227792683 0.246723012195
TA.219A.z -109.259 31.9989 0.246680903614 0.245159096386
TA.P26A.z -103.346 39.5602 0.246006833333 0.242883944444
TA.R08A.z -118.106 38.3489 0.249496424658 0.249367383562
TA.Z57A.z -80.7039 33.297 0.245736333333 0.245277027778
TA.T05C.z -120.674 36.8953 0.247190560976 0.246040414634
TA.H23A.z -105.401 44.562 0.244106021739 0.243825043478
TA.T30A.z -100.527 37.0526 0.246174722892 0.245358337349
TA.U10A.z -116.33 36.4193 0.245242938144 0.246440381443
TA.G05A.z -121.317 45.2422 0.24747842029 0.245980289855
TA.HEC.z -116.335 34.8294 0.249901236842 0.251435342105
TA.Y51A.z -85.064 33.8993 0.246460714286 0.247096642857
TA.J29A.z -100.325 43.4061 0.246156458333 0.244875930556
TA.540A.z -93.9796 30.2093 0.248370655172 0.243394258621
TA.X59A.z -78.6023 34.572 0.24358757377 0.243026016393
TA.S32A.z -98.9363 37.7001 0.246148569892 0.245511
TA.T25A.z -104.411 37.1388 0.245862556522 0.245063913043
TA.737A.z -96.4402 28.7639 0.248850357143 0.2461492
TA.R61A.z -75.339 38.3303 0.24413326506 0.242792168675
TA.Q16A.z -111.172 38.9176 0.24684049505 0.245045930693
TA.D23A.z -105.207 47.173 0.2440867 0.242849671429
TA.X57A.z -80.094 34.4643 0.246415531646 0.244765962025
TA.H66A.z -67.3115 44.7859 0.245315985075 0.246557477612
TA.N14A.z -113.187 40.8513 0.248142493827 0.247916407407
TA.L22A.z -106.434 42.031 0.247409059322 0.245609855932
TA.J46A.z -85.6466 43.3478 0.244206101266 0.244263367089
TA.934A.z -98.5192 27.6018 0.248557576471 0.248333188235
TA.P53A.z -81.3896 39.4868 0.24445055814 0.242996290698
TA.D11A.z -116.335 47.0477 0.247676041096 0.245301917808
TA.B19A.z -108.944 48.4551 0.241299710843 0.239798
TA.B14A.z -113.273 48.3609 0.246560848837 0.242627488372
TA.P56A.z -78.8386 39.5044 0.243775853333 0.244269266667
TA.035A.z -98.1023 26.9379 0.246998071429 0.248058771429
TA.655A.z -83.2552 29.5107 0.244715857143 0.243831428571
TA.061Z.z -80.907 25.8657 0.247785630952 0.24662072619
TA.S08C.z -118.171 37.4993 0.247003862745 0.248290156863
TA.ANMO.z -106.457 34.9459 0.247667428571 0.248663214286
TA.H21A.z -107.042 44.6277 0.245908882979 0.244030659574
TA.R58A.z -78.0034 38.2989 0.243720932432 0.247075351351
TA.K50A.z -82.6231 42.7749 0.24110434375 0.241364515625
TA.K27A.z -102.236 42.7036 0.24527295122 0.245960317073
TA.X24A.z -105.435 34.5646 0.245952193182 0.246098397727
TA.352A.z -84.9274 31.4793 0.242966230769 0.241984038462
TA.R58B.z -77.8787 37.9636 0.244842140845 0.246339352113
TA.M27A.z -102.387 41.5281 0.245096038961 0.244463025974
TA.U26A.z -103.744 36.3945 0.245320845238 0.2460365
TA.546A.z -89.7191 30.233 0.245170959459 0.247104810811
TA.H12A.z -114.855 44.5494 0.245009608 0.244948488
TA.147A.z -88.2708 32.6738 0.245483330097 0.24208815534
TA.W12A.z -114.87 35.301 0.253260786517 0.253351820225
TA.U23A.z -106.192 36.3289 0.245324673684 0.246280284211
TA.E46A.z -84.3062 46.3665 0.241690837838 0.241246594595
TA.M62A.z -72.8939 41.4423 0.245998396825 0.240443174603
TA.O05C.z -120.918 39.962 0.250553307692 0.249866057692
TA.J56A.z -76.8579 43.276 0.242463369231 0.242163569231
TA.WHTX.z -97.4561 31.9913 0.245347357895 0.246693810526
TA.D32A.z -97.0164 47.1354 0.246615657143 0.245970214286
TA.M22A.z -106.596 41.4033 0.245283598361 0.24536545082
TA.BRAL.z -87.0506 31.1687 0.24781547541 0.247332
TA.628A.z -102.888 29.4862 0.24654883 0.24638634
TA.117A.z -110.739 32.5716 0.247730261905 0.249037785714
TA.E50A.z -80.7378 46.4232 0.241514688525 0.238519491803
TA.645A.z -90.5966 29.4573 0.247760757143 0.246109557143
TA.059A.z -81.144 26.9671 0.245191571429 0.244730628571
TA.F41A.z -89.1046 45.7387 0.240170558442 0.240609363636
TA.PKME.z -69.2917 45.2644 0.24524430303 0.243847878788
TA.J08A.z -118.474 43.358 0.248926443038 0.250329696203
TA.T06C.z -119.709 37.0069 0.245268803922 0.246464901961
TA.R29A.z -101.138 38.4243 0.245949021505 0.244652956989
TA.S50A.z -84.4003 37.679 0.245739689655 0.246152034483
TA.S28A.z -101.898 37.5899 0.245529797753 0.243242044944
TA.R13A.z -113.969 38.1802 0.246085024691 0.248466716049
TA.T53A.z -82.535 36.9823 0.243767555556 0.244605080808
TA.J04A.z -122.109 43.2406 0.253211408163 0.249816081633
TA.WMOK.z -98.7807 34.7379 0.245909736842 0.246603842105
TA.G13A.z -114.233 45.0931 0.244758169355 0.243207766129
TA.B15A.z -112.562 48.3129 0.2448350375 0.24086265
TA.L12A.z -115.016 42.146 0.249075266667 0.248989611111
TA.T31A.z -99.6771 37.0977 0.246480835443 0.244600240506
TA.059Z.z -81.4432 26.3373 0.244098779221 0.242158688312
TA.W13A.z -113.885 35.099 0.247366265306 0.249253938776
TA.B16A.z -111.707 48.4128 0.244845752688 0.241657494624
TA.S42A.z -90.7939 37.77 0.244066491803 0.243890245902
TA.C15A.z -112.607 47.775 0.248981395349 0.248129930233
TA.W32A.z -99.2458 35.1238 0.245297617978 0.24314994382
TA.N62A.z -73.4677 40.9313 0.244842137931 0.242845586207
TA.B33A.z -95.588 48.2722 0.248083317073 0.24897704878
TA.J62A.z -71.8127 43.2262 0.244080308824 0.243833941176
TA.X45A.z -89.3931 34.4241 0.245780164384 0.246862630137
TA.J40A.z -90.7406 43.3965 0.241846602273 0.242502352273
TA.Z19A.z -109.266 33.2921 0.250868243902 0.253284231707
TA.U40A.z -92.8535 36.3563 0.246129666667 0.247044183908
TA.H13A.z -114.255 44.5642 0.245928992248 0.246050883721
TA.X60A.z -77.9768 34.5773 0.245575589041 0.244162616438
TA.Y32A.z -99.442 34.0036 0.245071701299 0.245276493506
TA.S54A.z -81.3114 37.7997 0.24598706383 0.243690542553
TA.N02C.z -123.306 40.822 0.253312965517 0.247322827586
TA.Y19A.z -109.254 33.9571 0.249471098901 0.247676637363
TA.J26A.z -103.075 43.3126 0.242309313253 0.241871120482
TA.DGMT.z -104.196 48.4702 0.24788427451 0.246782431373
TA.453A.z -84.3197 30.8541 0.245895131579 0.243239434211
TA.Y56A.z -81.3047 33.7922 0.243503847222 0.244046583333
TA.L36A.z -94.6676 42.1009 0.240931320988 0.240923320988
TA.A06A.z -121.48 49.0983 0.251010314815 0.249000925926
TA.R05C.z -120.076 38.7028 0.248127081633 0.243957734694
TA.B23A.z -104.991 48.4643 0.246108078947 0.243489342105
TA.R55A.z -80.1195 38.2825 0.248192072072 0.247175936937
TA.L33A.z -97.2724 42.1659 0.244766 0.245669945055
TA.356A.z -82.1275 31.3247 0.244690205128 0.243442012821
TA.D46A.z -84.0357 46.891 0.242973419355 0.242876086022
TA.T11A.z -115.22 37.2408 0.24701529703 0.249958544554
TA.R60A.z -76.5807 38.2684 0.244067715909 0.243728681818
TA.S37A.z -94.8279 37.7597 0.2449855 0.244578790323
TA.F64A.z -68.3496 45.8633 0.242791686567 0.241675716418
TA.N18A.z -109.673 40.9763 0.245328 0.242268797753
TA.O35A.z -95.9097 40.2665 0.243388975904 0.243908024096
TA.MIAR.z -93.5765 34.5454 0.247069745283 0.24525490566
TA.O07A.z -118.877 40.1614 0.252796222222 0.251066425926
TA.E22A.z -105.949 46.4386 0.246514373333 0.24504364
TA.K43A.z -88.332 42.7044 0.244298083333 0.243276111111
TA.Q23A.z -105.834 38.9045 0.245973461538 0.244783048077
TA.N37A.z -94.2095 40.7582 0.24138268 0.240218293333
TA.T43A.z -90.2878 37.0833 0.24521390625 0.23998084375
TA.B13A.z -114.468 48.3739 0.246679040984 0.246670459016
TA.V55A.z -81.2149 35.8518 0.241669516484 0.241670483516
TA.O49A.z -84.3353 40.188 0.243372073171 0.243916853659
TA.TUQ.z -115.924 35.4358 0.247076645161 0.247975870968
TA.G42A.z -88.4277 45.2418 0.243714932203 0.241627525424
TA.I21A.z -107.292 43.8122 0.245008571429 0.242950895238
TA.K28A.z -101.367 42.7136 0.247059438356 0.245857767123
TA.FMP.z -118.294 33.7126 0.250569758621 0.248652862069
TA.I05A.z -121.268 44.1626 0.249850044776 0.248528716418
TA.062Z.z -81.0523 24.7266 0.24886704 0.24761855
TA.222A.z -107.101 32.1046 0.245893525773 0.247810072165
TA.J11A.z -115.828 43.4151 0.244896145455 0.242294454545
TA.441A.z -93.1898 30.7498 0.244248266667 0.242600711111
TA.F46A.z -84.7586 45.7737 0.243515014925 0.242595597015
TA.V17A.z -110.794 35.6218 0.250115338983 0.250425
TA.FUR.z -116.863 36.4672 0.245089756098 0.243540926829
TA.VBMS.z -90.5177 32.2185 0.243987988636 0.243484386364
TA.E17A.z -110.858 46.462 0.244042758621 0.244024436782
TA.I03A.z -123.278 43.9726 0.24694052 0.24867192
TA.M26A.z -103.143 41.4661 0.244519086022 0.244789516129
TA.D56A.z -74.7568 47.0485 0.241153220779 0.239320012987
TA.B32A.z -96.5363 48.3951 0.245682613636 0.246264772727
TA.442A.z -92.4314 30.7119 0.243962988372 0.241365
TA.BNLO.z -122.173 37.1311 0.250336152174 0.252757978261
TA.220A.z -108.527 31.9041 0.247922521277 0.249661148936
TA.I57A.z -75.6599 43.9377 0.244114438356 0.242217589041
TA.R26A.z -103.447 38.3009 0.24716957 0.24551593
TA.B18A.z -109.777 48.3943 0.243808534884 0.241773767442
TA.K63A.z -71.5283 42.6888 0.243806753247 0.242301350649
TA.C22A.z -105.884 47.7456 0.247105025641 0.247003833333
TA.L19A.z -109.357 42.1012 0.246339022989 0.243117252874
TA.L65A.z -70.0528 42.0295 0.245144508475 0.244247033898
TA.X50A.z -85.6486 34.4596 0.24801375 0.246703833333
TA.F25A.z -103.458 45.9256 0.242324181818 0.241766522727
TA.LRAL.z -86.9978 33.0348 0.243966771429 0.242645928571
TA.O44A.z -88.4671 40.1526 0.239840897059 0.238094808824
TA.I08A.z -118.569 43.9104 0.2495591125 0.24831045
TA.J48A.z -83.7849 43.2986 0.242515657895 0.242891407895
TA.Z55A.z -82.1359 33.2211 0.243554703704 0.241538037037
TA.T35A.z -96.5121 36.9161 0.244695 0.24812166129
TA.L44A.z -87.9119 42.1782 0.245367275 0.24439205
TA.Z45A.z -89.6913 33.3705 0.243793851351 0.242869472973
TA.CBN.z -77.3732 38.2046 0.24561165625 0.24542465625
TA.H34A.z -95.777 44.6673 0.244040197674 0.244459174419
TA.L63A.z -71.6095 41.8631 0.247783934426 0.244323147541
TA.A08A.z -119.272 48.9534 0.24918756 0.248149893333
TA.157A.z -80.9972 32.678 0.243524869565 0.243427978261
TA.G29A.z -99.9234 45.1926 0.245263108108 0.24345027027
TA.S16A.z -111.596 37.7222 0.24981277907 0.246954593023
TA.C30A.z -98.4783 47.7026 0.241813730769 0.24201275641
TA.S13A.z -113.86 37.5808 0.247562102041 0.24796772449
TA.Q61A.z -75.3256 38.8799 0.2445104 0.243206517647
TA.221A.z -107.778 32.0094 0.244847265957 0.247969191489
TA.I26A.z -102.86 44.0309 0.245160119048 0.245970761905
TA.O51A.z -82.6056 40.147 0.243325865169 0.24466388764
TA.P47A.z -86.2699 39.4869 0.245696 0.24528328125
TA.H19A.z -108.986 44.6704 0.24429176 0.24521379
TA.D47A.z -83.1038 47.0558 0.241379895349 0.241542139535
TA.E26A.z -102.462 46.4712 0.245594390805 0.243067195402
TA.X26A.z -103.81 34.5508 0.249668619048 0.24779677381
TA.I07A.z -119.504 44.082 0.247067034091 0.246882488636
TA.229A.z -101.811 31.9671 0.24658125 0.245065178571
TA.K58A.z -75.6473 42.7633 0.244598626866 0.243345746269
TA.W30A.z -100.577 35.1818 0.24341435443 0.244629088608
TA.D52A.z -78.4117 46.9764 0.242155806452 0.240078741935
TA.H42A.z -88.5311 44.5091 0.245782285714 0.243230454545
TA.553A.z -84.4317 30.189 0.248337285714 0.248549619048
TA.A30A.z -98.3009 48.9402 0.24639667033 0.245059813187
TA.L60A.z -74.2226 41.989 0.24641328125 0.246351734375
TA.959A.z -80.8791 27.524 0.247329894737 0.246707763158
TA.H38A.z -92.282 44.6753 0.241810135135 0.239477310811
TA.B21A.z -107.017 48.4278 0.246094743902 0.244336902439
TA.F03A.z -123.559 45.9306 0.247162761194 0.249548328358
TA.K56A.z -77.3244 42.6981 0.248261873418 0.248459822785
TA.PAL.z -73.9079 41.0056 0.24616775 0.244887152778
TA.O02C.z -122.788 40.1767 0.247836869565 0.245812826087
TA.M33A.z -97.195 41.5726 0.2415054 0.243269228571
TA.150A.z -86.022 32.6067 0.241477735294 0.242904852941
TA.P44A.z -88.6209 39.4676 0.243175 0.241980863636
TA.T59A.z -77.5541 36.9716 0.243206895349 0.242219313953
TA.L48A.z -84.4329 41.9438 0.245552525 0.24524875
TA.F39A.z -90.919 45.9153 0.243326819672 0.241329983607
TA.SMM.z -119.996 35.3142 0.248227676471 0.248921117647
TA.K19A.z -108.847 42.8247 0.242672954545 0.242205852273
TA.149A.z -86.7916 32.5983 0.244380426471 0.243227161765
TA.E33A.z -96.0054 46.5035 0.243646423077 0.242753769231
TA.L11A.z -115.754 42.1669 0.246568087912 0.24742343956
TA.H62A.z -71.1559 44.5743 0.244959383562 0.244078589041
TA.T32A.z -98.9247 37.1797 0.245465816092 0.245364758621
TA.C19A.z -109.049 47.7343 0.245237552941 0.243704658824
TA.N17A.z -110.834 40.9425 0.244393934066 0.241271230769
TA.455A.z -83.026 30.7422 0.243909857143 0.24222122619
TA.T55A.z -80.7843 37.117 0.244602574468 0.244233478723
TA.B07A.z -120.12 48.4607 0.246052925 0.2456169125
TA.W29A.z -101.648 35.1212 0.246736840909 0.246663386364
TA.L55A.z -78.4368 42.1831 0.243112714286 0.242481111111
TA.D06A.z -120.844 47.1935 0.24956448 0.248767053333
TA.V42A.z -91.39 35.806 0.249190435897 0.248950166667
TA.146A.z -89.0573 32.6368 0.247279850575 0.243049804598
TA.J03A.z -122.965 43.3717 0.249157236842 0.244740078947
TA.135A.z -97.4099 32.5573 0.246266707317 0.244985914634
TA.J59A.z -74.5041 43.4647 0.24628725 0.246624157895
TA.N10A.z -116.508 40.7186 0.250575189873 0.249696987342
TA.G43A.z -87.6861 45.2572 0.243139014925 0.242239746269
TA.Z53A.z -83.5713 33.2801 0.250290723404 0.246771446809
TA.D59A.z -71.8358 47.0073 0.241438581081 0.24066222973
TA.148A.z -87.571 32.6469 0.246620955224 0.243654119403
TA.O16A.z -111.502 40.2067 0.244406410526 0.245296063158
TA.Z24A.z -105.365 33.3298 0.244388321429 0.246385839286
TA.W47A.z -87.5946 35.2511 0.243160583333 0.242421833333
TA.E61A.z -70.489 46.4312 0.245086045455 0.244164075758
TA.N32A.z -98.2955 40.7639 0.246971849462 0.245764451613
TA.I24A.z -104.626 43.8594 0.244890115789 0.244289968421
TA.C27A.z -101.503 47.7139 0.245478777778 0.242186777778
TA.D53A.z -77.7001 47.0795 0.241142214286 0.240839625
TA.452A.z -85.183 30.8492 0.244642969231 0.244178846154
TA.G61A.z -71.5273 45.2827 0.244024618421 0.244937960526
TA.T49A.z -85.5334 37.105 0.245143321429 0.244179202381
TA.J06A.z -120.153 43.2515 0.2519156875 0.2500801
TA.F34A.z -95.2581 45.7954 0.241761521127 0.240851183099
TA.L64A.z -70.8391 41.9359 0.247490925373 0.245417
TA.N34A.z -96.5005 40.8378 0.245319180723 0.243767481928
TA.D13A.z -114.459 47.0943 0.246421318966 0.246417732759
TA.248A.z -87.7393 32.094 0.246399626374 0.246314065934
TA.Q44A.z -89.017 38.9032 0.243894541667 0.243294166667
TA.J10A.z -116.767 43.4275 0.2503993 0.24829461
TA.H48A.z -83.3249 44.7006 0.246836471264 0.244453114943
TA.M12A.z -114.915 41.4157 0.249054811765 0.249046494118
TA.155A.z -82.4665 32.6219 0.245699068493 0.245661164384
TA.S51A.z -83.5935 37.6392 0.240926764706 0.241604094118
TA.S43A.z -90.0754 37.5716 0.24292086747 0.245342698795
TA.R30A.z -100.277 38.2844 0.24399747191 0.242408314607
TA.W59A.z -78.443 35.1673 0.245816029412 0.246762676471
TA.Z23A.z -106.232 33.2621 0.24603859322 0.248290186441
TA.C35A.z -93.9763 47.7007 0.24747852381 0.244752015873
TA.S55A.z -80.5013 37.7724 0.244596278351 0.243457989691
TA.M51A.z -82.1831 41.3321 0.244040091837 0.242284561224
TA.W42A.z -91.5224 35.2732 0.245693224138 0.246232310345
TA.A28A.z -100.267 48.9096 0.247257843373 0.245258831325
TA.657A.z -81.8665 29.5852 0.246478 0.24598285
TA.G06A.z -120.635 45.2357 0.248552493671 0.248653481013
TA.F49A.z -82.0423 45.7627 0.241657021277 0.242613202128
TA.152A.z -84.7188 32.6686 0.250073881579 0.252801381579
TA.340A.z -93.8896 31.4167 0.244855607595 0.24500656962
TA.H27A.z -102.077 44.6329 0.245895657143 0.243788357143
TA.Z22A.z -106.964 33.2555 0.246288139241 0.245732987342
TA.B10A.z -117.225 48.2995 0.244506675676 0.243366364865
TA.A19A.z -108.743 48.9286 0.245989043956 0.244841516484
TA.RCT.z -119.244 36.3052 0.253152473684 0.250739342105
TA.V20A.z -108.466 35.7992 0.248277185567 0.246222113402
TA.G18A.z -109.563 45.3171 0.244391893617 0.24456093617
TA.V32A.z -99.0437 35.7202 0.245918377778 0.245993977778
TA.LGU.z -119.066 34.1082 0.253136347826 0.248590869565
TA.U55A.z -81.0472 36.5023 0.241748390805 0.242164747126
TA.327A.z -103.492 31.3691 0.248577578313 0.24573813253
TA.O03C.z -122.032 39.9971 0.246750586957 0.245509
TA.J63A.z -71.0781 43.2792 0.24421216129 0.245056887097
TA.L41A.z -90.4977 42.0751 0.243792325 0.243395325
TA.MCWV.z -79.8456 39.6581 0.246177358209 0.244627820896
TA.319A.z -109.281 31.3757 0.24931927907 0.248471837209
TA.Q34A.z -96.9408 38.9214 0.244117115942 0.245534231884
TA.GOGA.z -83.4666 33.4112 0.241969048193 0.241037939759
TA.Q13A.z -114.02 38.9551 0.247890298851 0.250275977011
TA.O33A.z -97.5845 40.0755 0.2460053375 0.2445078125
TA.T24B.z -105.382 37.0624 0.246456428571 0.246868514286
TA.Q56A.z -79.1871 39.041 0.246240405405 0.245675635135
TA.F29A.z -99.8273 45.8336 0.244246047619 0.24394325
TA.539A.z -94.7236 30.1084 0.250111784314 0.248915352941
TA.T34A.z -97.1883 37.0222 0.246348097222 0.247484930556
TA.LONY.z -74.5829 44.6197 0.244587987342 0.243632974684
TA.Q53A.z -81.5251 38.8586 0.244355822917 0.247757697917
TA.H24A.z -104.552 44.7473 0.246728969072 0.246218618557
TA.N42A.z -90.0345 40.829 0.247487875 0.247602171875
TA.I13A.z -114.117 43.9146 0.245147568182 0.244718219697
TA.P21A.z -107.449 39.524 0.244657585106 0.244422553191
TA.T27A.z -102.721 37.0614 0.243571888889 0.243547617284
TA.444A.z -90.7463 30.7153 0.248404118421 0.249764526316
TA.I02A.z -123.83 44.0035 0.250718704545 0.252188090909
TA.P20A.z -108.391 39.4998 0.246299173077 0.247296903846
TA.R04C.z -120.936 38.2571 0.251102061224 0.249957734694
TA.S14A.z -113.168 37.7601 0.248656258427 0.248594662921
TA.Y22A.z -106.965 33.937 0.246341858824 0.245853058824
TA.O24A.z -105.073 40.1227 0.2429616 0.2420223
TA.D09A.z -118.309 47.0615 0.244545223881 0.244406671642
TA.Q47A.z -86.4261 38.9362 0.246243328571 0.245303542857
TA.734A.z -98.5576 28.8473 0.246592852273 0.245008045455
TA.W14A.z -113.083 35.2127 0.246937892473 0.250042516129
TA.O28A.z -101.773 40.1262 0.247767814815 0.245838358025
TA.CBKS.z -99.7374 38.814 0.2475005 0.248698357143
TA.Y18A.z -110.034 33.7776 0.245091 0.248994431034
TA.C06A.z -120.894 47.923 0.246797779661 0.245608525424
TA.Y37A.z -95.621 33.9789 0.246477594595 0.248340202703
TA.X15A.z -112.237 34.4866 0.249017227273 0.250106318182
TA.P39A.z -92.7549 39.4877 0.24558825 0.24421775
TA.555A.z -82.9666 30.1212 0.245898015152 0.244420257576
TA.K12A.z -114.903 42.636 0.248995117021 0.249171361702
TA.N44A.z -88.1333 40.7953 0.24161075 0.24207975
TA.957A.z -82.2357 27.6702 0.24708064 0.24742026
TA.U41A.z -91.9203 36.344 0.241395934211 0.242693828947
TA.J24A.z -104.661 43.3305 0.245508888889 0.244975988889
TA.R16A.z -111.483 38.2843 0.249134448276 0.24933516092
TA.P09A.z -117.14 39.5516 0.245103056338 0.245800140845
TA.Z36A.z -96.4344 33.2702 0.249828619048 0.250197333333
TA.I62A.z -71.3359 43.8743 0.24310902439 0.242128512195
TA.123A.z -106.262 32.6349 0.248279913978 0.246082827957
TA.BINY.z -75.9861 42.1993 0.245630492958 0.246715112676
TA.Z40A.z -93.3995 33.2584 0.248111265823 0.247166050633
TA.SSPA.z -77.8876 40.6358 0.241902106667 0.242229853333
TA.C17A.z -110.763 47.6327 0.244450301075 0.24307788172
TA.435B.z -97.585 30.7827 0.245945654762 0.247733404762
TA.F43A.z -87.1694 45.8313 0.242807012821 0.240904884615
TA.D20A.z -108.136 47.0911 0.244972814815 0.244370197531
TA.MDND.z -99.6029 47.8481 0.2457795 0.24826285
TA.T21A.z -107.534 36.9914 0.245666068493 0.246046287671
TA.SDCO.z -105.501 37.7456 0.2545026 0.2524254
TA.O19A.z -109.124 40.2982 0.246625153846 0.243838111111
TA.F63A.z -69.1029 45.703 0.243151125 0.24385228125
TA.J43A.z -88.4185 43.3808 0.246487018868 0.245177226415
TA.H07A.z -119.565 44.5913 0.248160428571 0.249464785714
TA.K29A.z -100.318 42.7612 0.244372426829 0.242199304878
TA.RLMT.z -109.267 45.1221 0.249006142857 0.249885657143
TA.F51A.z -79.915 45.9284 0.241705761194 0.242279925373
TA.332A.z -99.7423 31.3829 0.245149831325 0.24664360241
TA.M21A.z -107.364 41.6067 0.245883463415 0.244891097561
TA.N60A.z -75.1 40.8704 0.247820577465 0.245791112676
TA.U29A.z -101.27 36.4519 0.247315972222 0.245548833333
TA.S04C.z -121.328 37.5049 0.252120408163 0.251707204082
TA.242A.z -92.1521 32.0617 0.24630173494 0.24589939759
TA.V36A.z -95.9425 35.7863 0.245871169492 0.246382932203
TA.223A.z -106.428 32.0062 0.24844726 0.24608896
TA.N46A.z -86.7352 40.8949 0.243459925373 0.242608850746
TA.H20A.z -107.999 44.4868 0.246606428571 0.244725102041
TA.U30A.z -100.651 36.5304 0.24772252 0.24769468
TA.G54A.z -78.0898 45.3979 0.2446983 0.243623714286
TA.M14A.z -113.347 41.503 0.247476067568 0.246893364865
TA.Q42A.z -90.5331 38.912 0.242613783133 0.244359566265
TA.L21A.z -107.369 41.9641 0.246672597403 0.244995233766
TA.V35A.z -96.8378 35.7626 0.24549868 0.245928506667
TA.F36A.z -93.5241 45.8618 0.241158917808 0.241105794521
TA.D63A.z -68.1066 47.037 0.242393227848 0.242897075949
TA.L17A.z -110.873 42.0995 0.241432108108 0.244902513514
TA.E32A.z -97.0701 46.5927 0.24686752381 0.247700460317
TA.060A.z -80.3618 27.0361 0.244475314607 0.243598011236
TA.F40A.z -90.1217 45.919 0.239849733333 0.237136066667
TA.C33A.z -95.7725 47.7586 0.245287 0.243034103896
TA.G46A.z -84.8621 45.3176 0.243363763158 0.241979789474
TA.V22A.z -106.909 35.9138 0.247493414894 0.247893319149
TA.454A.z -83.6302 30.7145 0.246252301205 0.243607385542
TA.K30A.z -99.6131 42.6742 0.245918291139 0.245344544304
TA.K10A.z -116.87 42.7779 0.249596717172 0.249288414141
TA.440A.z -93.9587 30.7456 0.249893310345 0.246552982759
TA.I63A.z -70.5809 44.0505 0.244123493333 0.242903266667
TA.MONP2.z -116.422 32.892 0.25430164 0.24903216
TA.KSU1.z -96.6094 39.1009 0.240692769231 0.245307615385
TA.L31A.z -98.8387 42.176 0.246116917647 0.245320341176
TA.449A.z -87.2151 30.7596 0.246392573529 0.247298088235
TA.X44A.z -90.1462 34.4998 0.243022533333 0.242827733333
TA.V52A.z -83.5959 35.8417 0.2465727 0.2469697125
TA.W58A.z -79.2333 35.0208 0.248467309859 0.24584584507
TA.N15A.z -112.52 40.8903 0.245543839286 0.245241392857
TA.C28A.z -100.387 47.7157 0.242246938272 0.242949691358
TA.TZTN.z -83.549 36.5439 0.24430697561 0.242962890244
TA.H29A.z -100.213 44.6261 0.247621907895 0.247960434211
TA.H43A.z -87.7704 44.4697 0.245842320988 0.244248259259
TA.443A.z -91.7809 30.7642 0.247062657895 0.245060736842
TA.A17A.z -110.699 48.9448 0.245234367816 0.24413045977
TA.E53A.z -77.6638 46.3784 0.239271 0.239828117647
TA.451A.z -85.7467 30.616 0.242376245902 0.240707213115
TA.B25A.z -103.161 48.2716 0.24863913253 0.24582113253
TA.W36A.z -96.2264 35.1393 0.246025189189 0.245604918919
TA.H53A.z -78.5832 44.5736 0.242450279412 0.243481367647
TA.122A.z -107.001 32.6995 0.24470623913 0.245978032609
TA.H58A.z -74.1798 44.4176 0.243049157895 0.243318013158
TA.C04A.z -122.972 47.7172 0.24591031746 0.243989412698
TA.N36A.z -94.9604 40.8156 0.241199873418 0.239708531646
TA.P23A.z -105.839 39.3741 0.244244746988 0.243581192771
TA.V57A.z -79.7758 35.8875 0.245802777778 0.246510638889
TA.L08A.z -118.344 42.1901 0.247352210526 0.247942868421
TA.ARV.z -118.83 35.1269 0.243002740741 0.245488481481
TA.N19A.z -109.177 40.8936 0.247334614458 0.24263626506
TA.L50A.z -82.8095 42.043 0.24276591358 0.239560395062
TA.236A.z -96.531 31.9997 0.247036450704 0.247627394366
TA.U13A.z -113.965 36.4151 0.248628495146 0.252584436893
TA.J49A.z -83.1389 43.36 0.2457892 0.244029752941
TA.B04A.z -123.504 48.0575 0.246582441176 0.246557441176
TA.538A.z -95.49 30.2219 0.249944878788 0.248246681818
TA.B11A.z -116.367 48.4366 0.24534275 0.24475725
TA.Y29A.z -101.671 33.8602 0.247530348837 0.243978802326
TA.K25A.z -103.87 42.612 0.241966340206 0.241879731959
TA.F33A.z -96.2929 45.8398 0.240749584416 0.240271766234
TA.HAST.z -121.551 36.3887 0.249489181818 0.250729636364
TA.253A.z -84.1294 32.0612 0.25205087013 0.252189922078
TA.234A.z -98.1368 32.004 0.244782473118 0.245494
TA.N29A.z -100.626 40.8189 0.247584463415 0.244515195122
TA.O58A.z -76.9228 40.1231 0.245441825581 0.244484151163
TA.M65A.z -70.6466 41.562 0.242952157895 0.24411522807
TA.F24A.z -104.445 45.8452 0.244129575 0.244875725
TA.X47A.z -87.8571 34.5178 0.243615193548 0.244842967742
TA.Y13A.z -113.829 33.8142 0.251498875 0.250569027778
TA.V13A.z -113.984 35.8522 0.249517676768 0.249105868687
TA.S40A.z -92.5014 37.5988 0.245618864198 0.24383054321
TA.G36A.z -93.7509 45.2344 0.243707242857 0.2427905
TA.Q21A.z -107.574 38.8347 0.245846228261 0.245390043478
TA.GSC.z -116.806 35.3018 0.254902 0.251046942857
TA.P22A.z -106.759 39.5952 0.243741989474 0.242644810526
TA.X31A.z -99.9793 34.6309 0.245924846154 0.245453450549
TA.554A.z -83.6836 30.0841 0.24588085 0.24526635
TA.224A.z -105.523 32.076 0.24390127551 0.242788255102
TA.L02A.z -123.602 42.156 0.246041489796 0.247506836735
TA.B26A.z -102.234 48.3762 0.243792919355 0.243278145161
TA.N09A.z -117.524 40.852 0.247314850746 0.247799268657
TA.E31A.z -97.8879 46.5583 0.246642119403 0.243913537313
TA.Y36A.z -96.2848 33.8996 0.248250307692 0.249144564103
TA.J19A.z -109.053 43.2649 0.24551775 0.245434594828
TA.141A.z -92.9049 32.6046 0.248595597938 0.247331597938
TA.R52A.z -82.6443 38.3366 0.245685595238 0.24437802381
TA.T18A.z -109.874 37.1364 0.246649329787 0.246041712766
TA.D60A.z -70.9237 46.9139 0.240765371429 0.238807685714
TA.F59A.z -72.7833 45.8513 0.241114305556 0.240525916667
TA.L28A.z -101.52 42.0073 0.246132448718 0.244885487179
TA.Y16A.z -111.478 33.8798 0.24695873913 0.249454753623
TA.A12A.z -115.653 48.9339 0.241877716667 0.24534465
TA.A07A.z -120.384 49.048 0.246908775 0.246399
TA.L16A.z -111.432 42.0149 0.242320068966 0.242419057471
TA.L56A.z -77.5591 42.1365 0.246334644737 0.244776486842
TA.U34A.z -97.5354 36.4365 0.247677605263 0.246117855263
TA.P14A.z -113.069 39.5906 0.249773872093 0.248535046512
TA.I33A.z -96.7989 44.0475 0.241994288889 0.242778777778
TA.D15A.z -112.52 47.0418 0.247990902985 0.248086447761
TA.X13A.z -113.83 34.5935 0.248263144578 0.249712638554
TA.A05A.z -122.085 48.9983 0.249149843373 0.248762445783
TA.P41A.z -91.0619 39.675 0.241559307692 0.242196492308
TA.R48A.z -85.8714 38.4001 0.246696178082 0.246583561644
TA.S53A.z -82.1264 37.6815 0.245900010101 0.244958181818
TA.K06A.z -120.251 42.7991 0.248351696429 0.247738107143
TA.L47A.z -85.2021 41.9756 0.246262946429 0.244343285714
TA.O56A.z -78.5663 40.2683 0.242073642857 0.243547628571
TA.I41A.z -89.8697 44.0592 0.245075214286 0.244825904762
TA.N07B.z -118.971 40.7797 0.249512144737 0.249091434211
TA.T16A.z -111.506 36.9839 0.248975070707 0.247885838384
TA.136A.z -96.5297 32.4746 0.246676352941 0.246273529412
TA.R32A.z -98.7111 38.4225 0.244969404494 0.244578752809
TA.JFWS.z -90.2481 42.9142 0.242574293103 0.241976896552
TA.RSSD.z -104.036 44.1212 0.250279833333 0.248771621212
TA.E34A.z -95.1691 46.5136 0.242892242857 0.238985542857
TA.C03A.z -124.566 47.9475 0.246398345238 0.246458309524
TA.M03C.z -122.122 41.2742 0.249971305556 0.248336027778
TA.O21A.z -107.47 40.2149 0.243521757282 0.244746747573
TA.R56A.z -79.4031 38.4071 0.244963013514 0.245833621622
TA.W52A.z -83.9277 35.0935 0.245172825581 0.24314444186
TA.445A.z -90.338 30.7303 0.248660473684 0.250069328947
TA.A25A.z -103.113 48.9388 0.250664365854 0.249704731707
TA.H36A.z -93.9281 44.5775 0.238039948718 0.239844884615
TA.N56A.z -78.2953 40.9171 0.249665097561 0.247226817073
TA.G16A.z -111.805 45.2285 0.243033458824 0.243650035294
TA.X41A.z -92.5137 34.4949 0.246899593023 0.245570709302
TA.V62A.z -75.957 35.5612 0.244969945652 0.244498347826
TA.G23A.z -105.391 45.2012 0.240236223529 0.240768894118
TA.631A.z -100.576 29.4123 0.243687978723 0.242669148936
TA.Z42A.z -91.9474 33.2739 0.246685972973 0.245918243243
TA.P17A.z -110.74 39.473 0.245958085106 0.243873840426
TA.A32A.z -96.4935 48.9172 0.250256074074 0.248187833333
TA.B20A.z -108.021 48.4389 0.244813525641 0.242791512821
TA.D26A.z -102.436 47.0301 0.24361028169 0.241980422535
TA.P05C.z -120.608 39.3028 0.248252325 0.246178625
TA.P51A.z -83.0601 39.4818 0.243904669421 0.24490777686
TA.A10A.z -117.559 48.9813 0.249682134831 0.248953460674
TA.I15A.z -112.485 43.9997 0.245941355556 0.247099955556
TA.T51A.z -83.9454 36.9655 0.242510693548 0.24208283871
TA.O26A.z -103.313 40.2422 0.2465534 0.243689744444
TA.K40A.z -91.1383 42.6999 0.244284837209 0.242315953488
TA.P11A.z -115.754 39.553 0.245168191489 0.245112702128
TA.214A.z -112.812 31.9559 0.247065038462 0.247312692308
TA.B12A.z -115.589 48.4694 0.242010307692 0.242319188034
TA.I53A.z -79.5912 43.8238 0.243925269231 0.242691903846
TA.X43A.z -90.8812 34.518 0.248426882353 0.247570882353
TA.124A.z -105.454 32.7001 0.247091034091 0.247445215909
TA.T54A.z -81.5762 37.0608 0.246209909091 0.242774896104
TA.732A.z -99.9707 28.7292 0.245504302632 0.244425421053
TA.T22A.z -106.903 37.0138 0.248644555556 0.24712817284
TA.Q37A.z -94.4522 38.8763 0.245410216495 0.245801865979
TA.F19A.z -108.944 45.8538 0.243798329412 0.242861388235
TA.C26A.z -102.096 47.8259 0.246118536232 0.244946782609
TA.J15A.z -112.433 43.3998 0.243905444444 0.246335728395
TA.I23A.z -105.463 43.9605 0.245030902174 0.243169565217
TA.Q48A.z -85.7311 38.9295 0.243046071429 0.244785845238
TA.Z43A.z -91.2441 33.21 0.246170453333 0.245563866667
TA.Y41A.z -92.6113 33.8807 0.248814027778 0.248258652778
TA.N23A.z -105.944 40.8947 0.247185646465 0.246517474747
TA.133A.z -98.9162 32.6083 0.243376034884 0.24283127907
TA.I38A.z -92.3306 44.0405 0.245317885417 0.243468489583
TA.W19A.z -109.388 35.1118 0.248218761194 0.246462552239
TA.J05A.z -121.236 43.2843 0.249339789474 0.247778385965
TA.V05C.z -119.903 35.8667 0.253453744681 0.253589723404
TA.S17A.z -110.802 37.6354 0.244502476744 0.242237383721
TA.J42A.z -89.1234 43.3179 0.240900606557 0.24088847541
TA.Z29A.z -101.706 33.2595 0.247027153846 0.245723876923
TA.M08A.z -118.379 41.4483 0.246782 0.248996558824
TA.KMSC.z -81.3333 35.142 0.243002480392 0.242125794118
TA.O60A.z -75.405 40.3177 0.245570825 0.2445353625
TA.K11A.z -116.032 42.7713 0.248683117647 0.248339258824
TA.Y50A.z -85.7347 33.8911 0.244211102941 0.244670220588
TA.Z13A.z -113.657 33.1999 0.250874243243 0.251486513514
TA.228A.z -102.592 32.118 0.245777870588 0.245322023529
TA.060Z.z -80.556 26.4062 0.245279041096 0.244342671233
TA.134A.z -98.0795 32.5729 0.244236261364 0.245239681818
TA.N63A.z -72.5206 40.9878 0.246985328571 0.247666328571
TA.448A.z -87.8608 30.9309 0.247984752577 0.247745896907
TA.P13A.z -114.016 39.455 0.249617 0.249977714286
TA.S49A.z -85.2875 37.7849 0.245648218391 0.245896609195
TA.B17A.z -110.799 48.2921 0.243107195122 0.241618231707
TA.058A.z -81.8049 27.0569 0.246092493671 0.245753797468
TA.T39A.z -93.3774 37.0241 0.241762181818 0.240678590909
TA.N40A.z -91.5837 40.8841 0.244552071429 0.240921814286
TA.T52A.z -82.9852 37.1076 0.246281013514 0.245208094595
TA.R57A.z -78.5232 38.297 0.239884686567 0.242765641791
TA.N53A.z -80.8377 40.8065 0.245913036145 0.24346160241
TA.P25A.z -104.168 39.5125 0.244877728155 0.243597320388
TA.I29A.z -100.303 44.0215 0.244248148649 0.242924405405
TA.F42A.z -88.1347 45.7587 0.243588025316 0.242987316456
TA.K52A.z -80.7139 42.7805 0.242118153846 0.241742794872
TA.Q22A.z -106.91 38.8627 0.245829990476 0.245946247619
TA.HDIL.z -89.294 40.5559 0.243792813953 0.242265453488
TA.526A.z -104.09 30.0609 0.243871 0.246121326087
TA.857A.z -82.2291 28.267 0.24929795 0.24590895
TA.V45A.z -88.9591 35.7403 0.243911084507 0.244397830986
TA.U37A.z -95.1161 36.406 0.24309857971 0.243620028986
TA.E41A.z -88.9636 46.4643 0.244372647887 0.244613239437
TA.C34A.z -94.9106 47.6501 0.247228878788 0.246256651515
