-81.0523 22
-81.0523 24.7266
-80.556 26.4062
-80.3618 27.0361
-80.8791 27.524
-80.8984 28.0592
-81.1996 28.9621
-81.2578 29.422
-81.7291 30.016
-81.5563 30.6199
-81.4855 31.4239
-81.0261 31.9746
-80.1935 32.7364
-80.1778 33.1067
-79.8129 33.3349
-78.2163 34.0046
-77.9768 34.5773
-76.9909 35.1773
-75.957 35.5612
-76.4464 36.3319
-76.7349 37.1397
-75.6727 37.6804
-75.339 38.3303
-75.3256 38.8799
-74.7919 39.6734
-74.553 40.0934
-74.2969 40.7519
-72.5206 40.9878
-70.6466 41.562
-70.8391 41.9359
-71.5583 42.5064
-71.5283 42.6888
-71.0781 43.2792
-69.6347 43.9197
-68.2469 44.6961
-67.3115 44.7859
-67.5632 45.2002
-68.3496 45.8633
-67.8285 46.4184
-68.1066 47.037
-69.0501 47.0819
-70.1868 47.2022
-71.8358 47.0073
-72.8826 47.0954
-73.8878 47.0172
-74.7568 47.0485
-75.4732 47.019
-76.657 47.152
-77.7001 47.0795
-78.4117 46.9764
-79.3733 47.0904
-79.8412 47.1668
-81.3562 47.2726
-81.8072 47.1743
-83.1038 47.0558
-84.0357 46.891
-85.9214 46.6199
-86.9954 46.3758
-87.914 46.4301
-88.9636 46.4643
-89.8991 46.4446
-92.4 46.5658
-92.4262 47.1581
-91.2732 47.7171
-93.7261 48.3603
-94.6501 48.486
-95.3904 48.9371
-96.4935 48.9172
-97.1888 48.932
-98.3009 48.9402
-99.2321 48.9228
-100.267 48.9096
-101.241 48.9533
-102.038 48.8973
-103.113 48.9388
-104.002 48.9239
-104.879 48.9592
-105.915 48.9926
-106.925 48.9912
-107.926 48.8799
-108.743 48.9286
-109.846 48.9198
-110.699 48.9448
-111.597 48.9482
-112.733 48.9777
-113.422 48.9725
-114.413 48.933
-115.653 48.9339
-116.363 48.958
-117.559 48.9813
-118.585 48.9752
-119.272 48.9534
-120.384 49.048
-121.48 49.0983
-122.085 48.9983
-122.707 48.7197
-124.566 47.9475
-123.771 47.1161
-123.563 46.5459
-123.559 45.9306
-123.281 45.3153
-124 44.6764
-123.83 44.0035
-123.575 43.3654
-124.469 42.8088
-124.122 41.8473
-123.306 40.822
-123.82 40.1398
-123.338 39.469
-122.173 37.1311
-121.551 36.3887
-121.236 36.0214
-120.87 35.636
-119.996 35.3142
-119.814 34.8885
-119.715 34.4408
-119.066 34.1082
-118.294 33.7126
-117.195 33.6
-117.105 32.8889
-114.58 32.5356
-112.812 31.9559
-111.457 32.0022
-109.991 31.439
-109.281 31.3757
-108.528 31.3369
-107.778 32.0094
-106.428 32.0062
-105.483 31.4425
-104.986 30.7862
-104.133 29.554
-103.389 29.4528
-102.888 29.4862
-101.338 30.1489
-100.576 29.4123
-99.9707 28.7292
-99.9743 28.2844
-99.2746 27.6133
-98.6833 27.0647
-98.0683 26.463
-98.1023 26.9379
-97.3091 27.4208
-96.4402 28.7639
-95.6481 28.8404
-95.4481 29.4193
-94.7236 30.1084
-93.9796 30.2093
-93.1875 30.0596
-92.5513 30.1247
-91.8557 30.0856
-91.1612 30.11
-90.5966 29.4573
-89.8245 29.5832
-89.7191 30.233
-88.6542 30.7952
-87.8608 30.9309
-87.2151 30.7596
-85.7467 30.616
-85.2938 30.1327
-84.4317 30.189
-83.2552 29.5107
-82.0685 28.9413
-82.2291 28.267
-82.2357 27.6702
-81.8049 27.0569
-81.144 26.9671
-81.4432 26.3373
-81.0523 24.7266
-81.0523 22
-135 22
-135 55
-50 55
-50 22
-81.0523 22
